Node	C>T_1	C>T_2	C>T_3	C>T_4	C>T_5	C>T_6	C>T_7	C>T_8	C>T_9	C>T_10	G>A_11	G>A_12	G>A_13	G>A_14	G>A_15	G>A_16	G>A_17	G>A_18	G>A_19	G>A_20	D>V(11Substitution)_1	D>V(11Substitution)_2	D>V(11Substitution)_3	D>V(11Substitution)_4	D>V(11Substitution)_5	D>V(11Substitution)_6	D>V(11Substitution)_7	D>V(11Substitution)_8	D>V(11Substitution)_9	D>V(11Substitution)_10	H>B(11Substitution)_11	H>B(11Substitution)_12	H>B(11Substitution)_13	H>B(11Substitution)_14	H>B(11Substitution)_15	H>B(11Substitution)_16	H>B(11Substitution)_17	H>B(11Substitution)_18	H>B(11Substitution)_19	H>B(11Substitution)_20	considered_Matches
Actinobacillus_equuli	0	0	0	0	0	0	0	0	0	0	0	0	0	0	0	0	0	0	0	0	0	0	0	0	0	0	0	0	0	0	0	0	0	0	0	0	0	0	0	0	0
Actinobacillus_pleuropneumoniae	0	0	0	0	0	0	0	0	0	0	0	0	0	0	0	0	0	0	0	0	0	0	0	0	0	0	0	0	0	0	0	0	0	0	0	0	0	0	0	0	0
Actinobacillus_pleuropneumoniae_serovar_9_str._CVJ13261	0	1.0	0	0	0	0	0	0	0	0	0	0	0	1.0	0	0	0	0	0	0	0.0	0.09090909090909091	0.0	0.0	0.0	0.0	0.0	0.0	0.0	0.0	0.0	0.0	0.0	0.07792207792207792	0.09090909090909091	0.0	0.0	0.0	0.0	0.0	7
African_swine_fever_virus	0	0	0	0	0	0	0	0	0	0	0	0	0	0	0	0	0	0	0	0	0	0	0	0	0	0	0	0	0	0	0	0	0	0	0	0	0	0	0	0	0
Aphthovirus	0	0	0	0	0	0	0	0	0	0	0	0	0	0	0	0	0	0	0	0	0	0	0	0	0	0	0	0	0	0	0	0	0	0	0	0	0	0	0	0	0
Arcanobacterium_haemolyticum	0	0	0	0	0	0	0	0	0	0	0	0	0	0	0	0	0	0	0	0	0	0	0	0	0	0	0	0	0	0	0	0	0	0	0	0	0	0	0	0	0
Aspergillus_fumigatus	0	0	0	0	0	0	0	0	0	0	0	0	0	0	0	0	0	0	0	0	0	0	0	0	0	0	0	0	0	0	0	0	0	0	0	0	0	0	0	0	0
Bartonella_bacilliformis	0	0	0	0	0	0	0	0	0	0	0	0	0	0	0	0	0	0	0	0	0	0	0	0	0	0	0	0	0	0	0	0	0	0	0	0	0	0	0	0	0
Bartonella_henselae	0	0	0	0	0	0	0	0	0	0	0	0	0	0	0	0	0	0	0	0	0	0	0	0	0	0	0	0	0	0	0	0	0	0	0	0	0	0	0	0	0
Bartonella_quintana	0	0	0	0	0	0	0	0	0	0	0	0	0	0	0	0	0	0	0	0	0	0	0	0	0	0	0	0	0	0	0	0	0	0	0	0	0	0	0	0	0
Blastomyces_dermatitidis	0	0	0	0	0	0	0	0	0	0	0	0	0	0	0	0	0	0	0	0	0	0	0	0	0	0	0	0	0	0	0	0	0	0	0	0	0	0	0	0	0
Bordetella_bronchialis	0	0.2	0.3333333333333333	0.3333333333333333	0	0	0	0	0.25	0	0	0	0	0	0	0.5	0.4	0.5	0.3333333333333333	0.4	0.0	0.04195804195804195	0.03496503496503496	0.020979020979020976	0.006993006993006993	0.020979020979020976	0.0	0.0	0.013986013986013986	0.006993006993006993	0.020979020979020976	0.013986013986013986	0.006993006993006993	0.006993006993006993	0.020979020979020976	0.020979020979020976	0.013986013986013986	0.04195804195804195	0.006993006993006993	0.013986013986013986	13
Bordetella_bronchiseptica	0	0.25	1.0	0.3333333333333333	0	0	0	0	0	0	0	0	0	0	0	0	1.0	1.0	0	1.0	0.0	0.022727272727272728	0.03409090909090909	0.03409090909090909	0.0	0.0	0.0	0.0	0.011363636363636364	0.0	0.0	0.03409090909090909	0.011363636363636364	0.0	0.011363636363636364	0.011363636363636364	0.03409090909090909	0.011363636363636364	0.0	0.022727272727272728	8
Bordetella_genomosp._13	0.16666666666666666	0.36363636363636365	0.3333333333333333	0	0.5	0.3333333333333333	0	0	0	0	0	0	0	0	0	0.8	0	0.3333333333333333	0.5	0	0.0160427807486631	0.021390374331550804	0.0160427807486631	0.021390374331550804	0.0320855614973262	0.026737967914438502	0.005347593582887701	0.021390374331550804	0.026737967914438502	0.010695187165775402	0.010695187165775402	0.0	0.005347593582887701	0.005347593582887701	0.010695187165775402	0.0374331550802139	0.005347593582887701	0.010695187165775402	0.026737967914438502	0.005347593582887701	17
Bordetella_pertussis	1.0	0	0	0.6153846153846154	0	0	0	0	0	0	0	0	0	0	0	0	0	0.5555555555555556	0	0	0.05138339920948617	0.0	0.0	0.03162055335968379	0.0	0.0	0.039525691699604744	0.0	0.0	0.0	0.0	0.05533596837944664	0.0	0.039525691699604744	0.0	0.015810276679841896	0.015810276679841896	0.043478260869565216	0.0	0.0	23
Bordetella_pertussis_137	0	0	0	0	0	0	0	0	0	0	0	0	0	0	0	0	0	0	1.0	0	0.0	0.0	0.0	0.0	0.0	0.0	0.0	0.0	0.0	0.0	0.0	0.00909090909090909	0.0	0.08181818181818182	0.0	0.0	0.0	0.00909090909090909	0.08181818181818182	0.0	10
Bordetella_pertussis_18323	0	1.0	0	0	0	0	0	0	0	0	0	0	0	0	0	1.0	0	0	0	0	0.0	0.09090909090909091	0.0	0.0	0.0	0.0	0.0	0.08264462809917356	0.0	0.0	0.0	0.0	0.0	0.0	0.0	0.08264462809917356	0.0	0.0	0.0	0.0	11
Bordetella_petrii	0.5	1.0	0	0	0	0	0	0	0	0	0	0	0	0	0	0.6666666666666666	0.2	0	0	0.6666666666666666	0.03305785123966942	0.01652892561983471	0.0	0.008264462809917356	0.0	0.03305785123966942	0.008264462809917356	0.01652892561983471	0.03305785123966942	0.04132231404958678	0.024793388429752063	0.024793388429752063	0.0	0.0	0.0	0.01652892561983471	0.01652892561983471	0.0	0.01652892561983471	0.024793388429752063	11
Bordetella_trematum	0.625	0.3333333333333333	0.14285714285714285	0	0	0	0	0.3333333333333333	0	0.25	0	0	0	0	0	0.2	0.7777777777777778	0	0.14285714285714285	0.6666666666666666	0.02356902356902357	0.030303030303030304	0.0033670033670033673	0.016835016835016835	0.0033670033670033673	0.016835016835016835	0.006734006734006735	0.0202020202020202	0.01346801346801347	0.01346801346801347	0.01346801346801347	0.01346801346801347	0.006734006734006735	0.01346801346801347	0.0	0.01346801346801347	0.030303030303030304	0.0	0.016835016835016835	0.04377104377104377	27
Borrelia_crocidurae	0	0	0	0	0	0	0	0	0	0	0	0	0	0	0	0	0	0	0	0	0	0	0	0	0	0	0	0	0	0	0	0	0	0	0	0	0	0	0	0	0
Borrelia_recurrentis	0	0	0	0	0	0	0	0	0	0	0	0	0	0	0	0	0	0	0	0	0	0	0	0	0	0	0	0	0	0	0	0	0	0	0	0	0	0	0	0	0
Borreliella_afzelii	0	0	0	0	0	0	0	0	0	0	0	0	0	0	0	0	0	0	0	0	0	0	0	0	0	0	0	0	0	0	0	0	0	0	0	0	0	0	0	0	0
Borreliella_burgdorferi	0	0	0	0	0	0	0	0	0	0	0	0	0	0	0	0	0	0	0	0	0	0	0	0	0	0	0	0	0	0	0	0	0	0	0	0	0	0	0	0	0
Borreliella_garinii	0	0	0	0	0	0	0	0	0	0	0	0	0	0	0	0	0	0	0	0	0	0	0	0	0	0	0	0	0	0	0	0	0	0	0	0	0	0	0	0	0
Bovine_rhinitis_A_virus	0	0	0	0	0	0	0	0	0	0	0	0	0	0	0	0	0	0	0	0	0	0	0	0	0	0	0	0	0	0	0	0	0	0	0	0	0	0	0	0	0
Brucella_abortus	0	0	0	0	0	0	0	0	0	0	0	0	0	0	0	0	0	0	0	0	0	0	0	0	0	0	0	0	0	0	0	0	0	0	0	0	0	0	0	0	0
Brucella_abortus_bv._6_str._870	0	0	0	0	0	0	0	0	0	0	0	0	0	0	0	0	0	0	0	0	0	0	0	0	0	0	0	0	0	0	0	0	0	0	0	0	0	0	0	0	0
Brucella_canis	0	0	0	0	0	0	0	0	0	0	0	0	0	0	0	0	0	0	0	0	0	0	0	0	0	0	0	0	0	0	0	0	0	0	0	0	0	0	0	0	0
Brucella_melitensis	0	0	0	0	0	0	0	0	0	0	0	0	0	0	0	0	0	0	0	0	0	0	0	0	0	0	0	0	0	0	0	0	0	0	0	0	0	0	0	0	0
Brucella_melitensis_bv._2_str._63/9	0	0	0	0	0	0	0	0	0	0	0	0	0	0	0	0	0	0	0	0	0	0	0	0	0	0	0	0	0	0	0	0	0	0	0	0	0	0	0	0	0
Brucella_microti	0	0	0	0	0	0	0	0	0	0	0	0	0	0	0	0	0	0	0	0	0	0	0	0	0	0	0	0	0	0	0	0	0	0	0	0	0	0	0	0	0
Brucella_ovis	0	0	0	0	0	0	0	0	0	0	0	0	0	0	0	0	0	0	0	0	0	0	0	0	0	0	0	0	0	0	0	0	0	0	0	0	0	0	0	0	0
Brucella_ovis_ATCC_25840	0	1.0	0	1.0	0	0	0	0	0	0	0	0	0	0	0	0	0	0	0	0	0.0	0.045454545454545456	0.0	0.045454545454545456	0.045454545454545456	0.0	0.0	0.0	0.045454545454545456	0.0	0.0	0.022727272727272728	0.0	0.022727272727272728	0.0	0.0	0.045454545454545456	0.045454545454545456	0.0	0.0	4
Brucella_suis	0	0	0	0	0	0	0	0	0	0	0	0	0	0	0	0	0	0	0	0	0	0	0	0	0	0	0	0	0	0	0	0	0	0	0	0	0	0	0	0	0
Brucella_suis_019	0	0	0	0	0	0	0	0	0	0	0	0	0	0	0	0	0	0	0	0	0	0	0	0	0	0	0	0	0	0	0	0	0	0	0	0	0	0	0	0	0
Burkholderia_cepacia	0.41379310344827586	0.2222222222222222	0.34285714285714286	0.2	0.14285714285714285	0	0	0.06666666666666667	0.08333333333333333	0	0	0	0	0	0	0.3333333333333333	0.3181818181818182	0.5555555555555556	0.16666666666666666	0.038461538461538464	0.03689064558629776	0.005270092226613966	0.01844532279314888	0.021080368906455864	0.01844532279314888	0.017127799736495388	0.003952569169960474	0.01976284584980237	0.005270092226613966	0.013175230566534914	0.00922266139657444	0.015810276679841896	0.005270092226613966	0.007905138339920948	0.014492753623188406	0.028985507246376812	0.017127799736495388	0.043478260869565216	0.006587615283267457	0.005270092226613966	69
Burkholderia_cepacia_ATCC_25416	0	0.38461538461538464	0	0.4444444444444444	0	0	0	0	0	0	0	0.3333333333333333	0	0	0	0	0.5	1.0	0	0	0.005865102639296188	0.014662756598240468	0.026392961876832845	0.03225806451612903	0.0	0.02346041055718475	0.03812316715542522	0.02346041055718475	0.0	0.014662756598240468	0.014662756598240468	0.04105571847507331	0.014662756598240468	0.0	0.011730205278592375	0.026392961876832845	0.0469208211143695	0.03519061583577712	0.026392961876832845	0.0	31
Burkholderia_cepacia_JBK9	0.5	0	0.6666666666666666	0.4	0	0	0	0	0	0	0	0	0.16666666666666666	0	0.25	0	0.5	1.0	0.2	0	0.04040404040404041	0.010101010101010102	0.0303030303030303	0.0303030303030303	0.0	0.0	0.010101010101010102	0.020202020202020204	0.0303030303030303	0.020202020202020204	0.020202020202020204	0.0	0.010101010101010102	0.0	0.010101010101010102	0.0	0.0303030303030303	0.0303030303030303	0.020202020202020204	0.010101010101010102	9
Burkholderia_gladioli	0.3026315789473684	0.3620689655172414	0.32432432432432434	0.2978723404255319	0.13636363636363635	0	0	0	0	0.06521739130434782	0	0	0.21739130434782608	0	0.08	0.11764705882352941	0.14583333333333334	0.03571428571428571	0.54	0.5483870967741935	0.019374068554396426	0.022354694485842024	0.02384500745156483	0.020864381520119223	0.010432190760059612	0.0014903129657228018	0.011922503725782414	0.0022354694485842027	0.005961251862891207	0.005216095380029806	0.012667660208643815	0.00894187779433681	0.013412816691505217	0.009687034277198213	0.007451564828614009	0.007451564828614009	0.014157973174366617	0.013412816691505217	0.028315946348733235	0.027570789865871834	122
Burkholderia_gladioli_BSR3	0.25	0	0.16666666666666666	0.6666666666666666	0.16666666666666666	0	0	0.16666666666666666	0	0.5	0	0	0.1	0	0.2222222222222222	0.25	0	0.3	0.2727272727272727	0.16666666666666666	0.005050505050505051	0.01515151515151515	0.01515151515151515	0.0303030303030303	0.025252525252525252	0.005050505050505051	0.010101010101010102	0.005050505050505051	0.01515151515151515	0.020202020202020204	0.010101010101010102	0.005050505050505051	0.010101010101010102	0.01515151515151515	0.0303030303030303	0.0303030303030303	0.0	0.020202020202020204	0.020202020202020204	0.005050505050505051	18
Burkholderia_gladioli_pv._gladioli	0.28169014084507044	0.08695652173913043	0.453125	0.07142857142857142	0.46153846153846156	0.045454545454545456	0	0	0.02564102564102564	0	0	0	0.018518518518518517	0	0.13513513513513514	0.39473684210526316	0.16279069767441862	0.4857142857142857	0.1702127659574468	0.49019607843137253	0.02359472588480222	0.004163775156141568	0.021512838306731438	0.01873698820263706	0.015961138098542677	0.01040943789035392	0.021512838306731438	0.012491325468424706	0.01457321304649549	0.0034698126301179735	0.015961138098542677	0.027064538514920192	0.009021512838306732	0.015961138098542677	0.01179736294240111	0.012491325468424706	0.012491325468424706	0.02220680083275503	0.008327550312283136	0.030534351145038167	131
Burkholderia_mallei	0	0	0	1.0	0	0	0	0	0	0	0	0	0	0	0	0	0	0	0	0.8	0.0	0.0	0.0	0.06493506493506493	0.0	0.0	0.06493506493506493	0.0	0.0	0.0	0.08441558441558442	0.0	0.0	0.0	0.0	0.0	0.0	0.05844155844155845	0.0	0.025974025974025976	14
Burkholderia_mallei_NCTC_10247	0	0	0	0	0	0	0	0	0	0	0	0	0	0	0	0	0	0	0	0	0	0	0	0	0	0	0	0	0	0	0	0	0	0	0	0	0	0	0	0	0
Burkholderia_multivorans	0.45454545454545453	0.8	0.5192307692307693	0.5952380952380952	0.02564102564102564	0.11764705882352941	0	0.15789473684210525	0.1038961038961039	0	0.05128205128205128	0.09090909090909091	0.043478260869565216	0	0	0.0547945205479452	0.2903225806451613	0.02631578947368421	0.15555555555555556	0.13513513513513514	0.011459129106187928	0.024446142093200916	0.02368220015278839	0.02215431627196333	0.003819709702062643	0.026737967914438502	0.006875477463712758	0.008403361344537815	0.012223071046600458	0.0	0.006111535523300229	0.011459129106187928	0.006111535523300229	0.02368220015278839	0.0106951871657754	0.009931245225362872	0.01680672268907563	0.0053475935828877	0.014514896867838044	0.009167303284950343	119
Burkholderia_multivorans_ATCC_17616	0	0	0	1.0	0.8	0	0	0	0	0	0	0	0.16666666666666666	0	0	0	0	1.0	0.375	0	0.015151515151515152	0.0	0.0	0.06818181818181819	0.05303030303030303	0.030303030303030304	0.0	0.0	0.030303030303030304	0.0	0.0	0.0	0.022727272727272724	0.0	0.0	0.0	0.015151515151515152	0.03787878787878788	0.022727272727272724	0.0	12
Burkholderia_multivorans_ATCC_BAA-247	0.8	0.5	0.25	0.6666666666666666	0.3	0.06666666666666667	0.2	0	0	0	0	0.1875	0	0	0	0.17647058823529413	0	0.07692307692307693	0.2	0.5	0.045454545454545456	0.024475524475524476	0.010489510489510488	0.04195804195804195	0.01748251748251748	0.0034965034965034965	0.006993006993006993	0.0	0.020979020979020976	0.027972027972027972	0.0034965034965034965	0.013986013986013986	0.0034965034965034965	0.006993006993006993	0.010489510489510488	0.027972027972027972	0.03496503496503496	0.006993006993006993	0.006993006993006993	0.013986013986013986	26
Burkholderia_pseudomallei	0.4827586206896552	0.375	0.13043478260869565	0.25	0.07692307692307693	0	0	0.14814814814814814	0.08333333333333333	0	0	0	0.5	0.125	0	0.42857142857142855	0.07407407407407407	0.5	0.21739130434782608	0.3333333333333333	0.02346041055718475	0.016129032258064516	0.013196480938416423	0.011730205278592375	0.007331378299120234	0.013196480938416423	0.005865102639296188	0.02785923753665689	0.010263929618768328	0.029325513196480937	0.005865102639296188	0.001466275659824047	0.011730205278592375	0.005865102639296188	0.010263929618768328	0.029325513196480937	0.005865102639296188	0.036656891495601175	0.013196480938416423	0.03519061583577712	62
Burkholderia_pseudomallei_1106b	0.8571428571428571	0	0	0.16666666666666666	0	0.8	0.16666666666666666	0	0	0	0	0	0	0	0	0.5	0	1.0	0	0.6666666666666666	0.05785123966942149	0.008264462809917356	0.01652892561983471	0.008264462809917356	0.0	0.04132231404958678	0.008264462809917356	0.0	0.0	0.0	0.0	0.0	0.0	0.0	0.024793388429752063	0.008264462809917356	0.01652892561983471	0.03305785123966942	0.03305785123966942	0.024793388429752063	11
Burkholderia_pseudomallei_1710a	0	0	0	0	1.0	0	0	0	0	0	0	0	0	0	0	0	0	0	0	0	0.0	0.09090909090909091	0.0	0.0	0.09090909090909091	0.0	0.0	0.0	0.0	0.0	0.0	0.09090909090909091	0.09090909090909091	0.0	0.0	0.0	0.0	0.0	0.09090909090909091	0.0	1
Burkholderia_pseudomallei_1710b	0	0	0	0	0	0	0	0	0	0	0	0	0	0	0	0	0	0	0	0	0	0	0	0	0	0	0	0	0	0	0	0	0	0	0	0	0	0	0	0	0
Burkholderia_pseudomallei_7894	0	1.0	0	0	0	0	0	0	0	0	0	0	0	0	0	0	0	0	0	0	0.0	0.09090909090909091	0.0	0.0	0.0	0.0	0.0	0.0	0.09090909090909091	0.0	0.0	0.0	0.0	0.0	0.0	0.0	0.0	0.0	0.0	0.0	1
Burkholderia_pseudomallei_B03	0	1.0	0	0	0.3333333333333333	0	0	1.0	0	0	0	0	0	0	0	0	0	0	0	0	0.030303030303030304	0.0909090909090909	0.0	0.0	0.030303030303030304	0.0	0.0	0.0909090909090909	0.0	0.0	0.0	0.0	0.0	0.0	0.0	0.0	0.0	0.0	0.0	0.0	3
Burkholderia_pseudomallei_MSHR1153	0	0	0	0	0	0	0	0	0	0	0	0	0	0	1.0	0	1.0	0	0	1.0	0.07954545454545454	0.022727272727272728	0.0	0.0	0.0	0.0	0.0	0.011363636363636364	0.011363636363636364	0.0	0.022727272727272728	0.0	0.0	0.07954545454545454	0.022727272727272728	0.0	0.022727272727272728	0.0	0.0	0.056818181818181816	8
Burkholderia_pseudomallei_MSHR2543	0	0	0	0	0	0	0	0	0	0	0	0	0	0	0	0	0	0	0	0	0	0	0	0	0	0	0	0	0	0	0	0	0	0	0	0	0	0	0	0	0
Burkholderia_pseudomallei_MSHR346	0	0	1.0	0	0	0	0	0	0	1.0	0	0	0	0	0	0	0	0	0	0	0.0	0.0	0.09090909090909091	0.09090909090909091	0.0	0.0	0.0	0.0	0.0	0.09090909090909091	0.045454545454545456	0.0	0.0	0.0	0.0	0.045454545454545456	0.0	0.0	0.0	0.0	2
Burkholderia_pseudomallei_MSHR435	0	0	0	0	0	0	0	0	0	0	0	0	0	0	0	0	0	0	0	0	0	0	0	0	0	0	0	0	0	0	0	0	0	0	0	0	0	0	0	0	0
Burkholderia_pseudomallei_NCTC_13179	0	0	0	0	1.0	0	0	0	0	0	0	0	0	0	0	0	0	0	0	0	0.0	0.09090909090909091	0.0	0.0	0.09090909090909091	0.0	0.0	0.0	0.0	0.0	0.0	0.0	0.0	0.0	0.0	0.0	0.0	0.0	0.0	0.0	1
Burkholderia_pseudomallei_Pasteur_52237	0	0	0	1.0	0	0	0	0	0	0	1.0	0	0	0	0	0	0	0	0	0	0.0	0.0	0.0909090909090909	0.0909090909090909	0.0	0.0	0.0	0.0	0.0	0.0	0.030303030303030304	0.0	0.0	0.0	0.0	0.0	0.0	0.0	0.0	0.0	3
Campylobacter_coli	0	0	0	0	0	0	0	0	0	0	0	0	0	0	0	0	0	0	0	0	0	0	0	0	0	0	0	0	0	0	0	0	0	0	0	0	0	0	0	0	0
Campylobacter_fetus	0	0	0	0	0	0	0	0	0	0	0	0	0	0	0	0	0	0	0	0	0	0	0	0	0	0	0	0	0	0	0	0	0	0	0	0	0	0	0	0	0
Campylobacter_gracilis	0	0	1.0	0	0	0	0	0	0	0	0	0	0	0	0	0	0	0	0	0	0.0	0.09090909090909091	0.09090909090909091	0.0	0.0	0.0	0.0	0.0	0.0	0.0	0.0	0.0	0.0	0.09090909090909091	0.0	0.0	0.0	0.0	0.0	0.0	1
Campylobacter_showae	0	0	0	0	0	0	0	0	0	0	0	0	0	0	0	0	0	0	0	0	0	0	0	0	0	0	0	0	0	0	0	0	0	0	0	0	0	0	0	0	0
Canine_morbillivirus	0	0	0	0	0	0	0	0	0	0	0	0	0	0	0	0	0	0	0	0	0	0	0	0	0	0	0	0	0	0	0	0	0	0	0	0	0	0	0	0	0
Chlamydia_abortus	0	0	0	0	0	0	0	0	0	0	0	0	0	0	0	0	0	0	0	0	0	0	0	0	0	0	0	0	0	0	0	0	0	0	0	0	0	0	0	0	0
Chlamydia_caviae	0	0	0	0	0	0	0	0	0	0	0	0	0	0	0	0	0	0	0	0	0	0	0	0	0	0	0	0	0	0	0	0	0	0	0	0	0	0	0	0	0
Chlamydia_felis	0	0	0	0	0	0	0	0	0	0	0	0	0	0	0	0	0	0	0	0	0	0	0	0	0	0	0	0	0	0	0	0	0	0	0	0	0	0	0	0	0
Chlamydia_muridarum	0	0	0	0	0	0	0	0	0	0	0	0	0	0	0	0	0	0	0	0	0	0	0	0	0	0	0	0	0	0	0	0	0	0	0	0	0	0	0	0	0
Chlamydia_pecorum	0	0	0	0	0	0	0	0	0	0	0	0	0	0	0	0	0	0	0	0	0	0	0	0	0	0	0	0	0	0	0	0	0	0	0	0	0	0	0	0	0
Chlamydia_pneumoniae	0	0	0	0	0	0	0	0	0	0	0	0	0	0	0	0	0	0	0	0	0	0	0	0	0	0	0	0	0	0	0	0	0	0	0	0	0	0	0	0	0
Chlamydia_psittaci	0	0	0	0	0	0	0	0	0	0	0	0	0	0	0	0	0	0	0	0	0	0	0	0	0	0	0	0	0	0	0	0	0	0	0	0	0	0	0	0	0
Chlamydia_suis	0	0	0	0	0	0	0	0	0	0	0	0	0	0	0	0	0	0	0	0	0	0	0	0	0	0	0	0	0	0	0	0	0	0	0	0	0	0	0	0	0
Chlamydia_trachomatis	0	0	0	0	0	0	0	0	0	0	0	0	0	0	0	0	0	0	0	0	0	0	0	0	0	0	0	0	0	0	0	0	0	0	0	0	0	0	0	0	0
Chlamydia_trachomatis_6276	0	0	0	0	0	0	0	0	0	0	0	0	0	0	0	0	0	0	0	0	0	0	0	0	0	0	0	0	0	0	0	0	0	0	0	0	0	0	0	0	0
Corynebacterium_ammoniagenes	0	0	0	0	0	0	0	0	0	0	0	0	0	0	0	0	0	0	0	1.0	0.0	0.0	0.0	0.0	0.0	0.0	0.0	0.0	0.09090909090909091	0.0	0.045454545454545456	0.045454545454545456	0.0	0.0	0.045454545454545456	0.0	0.0	0.0	0.0	0.045454545454545456	2
Corynebacterium_amycolatum	0	0	0	0	0	0	0	0	0	0	0	0	0	0	0	0	0	0	0	0	0	0	0	0	0	0	0	0	0	0	0	0	0	0	0	0	0	0	0	0	0
Corynebacterium_bovis	0.4	0	0.3333333333333333	0.6666666666666666	0.5714285714285714	0	0	0	0.3333333333333333	0	0	0	0	0	0	0	0.2	0.2	0.2	0	0.015151515151515152	0.015151515151515152	0.022727272727272724	0.05303030303030303	0.03787878787878788	0.007575757575757576	0.007575757575757576	0.007575757575757576	0.015151515151515152	0.03787878787878788	0.015151515151515152	0.022727272727272724	0.015151515151515152	0.022727272727272724	0.015151515151515152	0.030303030303030304	0.015151515151515152	0.030303030303030304	0.03787878787878788	0.0	12
Corynebacterium_crudilactis	0	0	0	0	0	0	0	0	0	0	0	0	0	0	0	0	0	0	0	0	0	0	0	0	0	0	0	0	0	0	0	0	0	0	0	0	0	0	0	0	0
Corynebacterium_diphtheriae	0	0	1.0	0	0	0	0	0	0	0	0	0	0	0	0	0	0	0	0	0	0.0	0.0	0.09090909090909091	0.09090909090909091	0.0	0.0	0.0	0.0	0.0	0.0	0.0	0.0	0.0	0.0	0.0	0.0	0.0	0.0	0.0	0.0	1
Corynebacterium_jeikeium	0	0	0	0	0	0	0	0	1.0	0	0	0	0	0	0	0	0	0	0	0	0.0	0.0	0.0	0.0	0.09090909090909091	0.0	0.0	0.0	0.09090909090909091	0.0	0.0	0.0	0.0	0.0	0.0	0.0	0.0	0.0	0.0	0.0	1
Corynebacterium_jeikeium_K411	0	0	0	0	0	0	0	0	0	0	0	0	0	0	0	0	0	0	0	0	0	0	0	0	0	0	0	0	0	0	0	0	0	0	0	0	0	0	0	0	0
Corynebacterium_kroppenstedtii	0	0	0	0	0	0	0	0	0	0	0	0	0	0	0	0	0	0	0	0	0.0	0.0	0.0	0.0	0.0	0.0	0.09090909090909091	0.0	0.0	0.0	0.0	0.0	0.0	0.09090909090909091	0.0	0.0	0.0	0.0	0.0	0.0	1
Corynebacterium_kroppenstedtii_DSM_44385	0	0	0	0	0	0	0	0	0	0	0	0	0	0	0	0	0	0	0	0	0.0	0.0	0.0	0.0	0.0	0.0	0.0	0.0	0.0	0.0	0.0	0.0	0.09090909090909091	0.0	0.0	0.0	0.0	0.0	0.0	0.0	1
Corynebacterium_maris	0	0	0	0	0	0	0	0	0	0	0	0	0	0	0	0	0	0	0	0	0	0	0	0	0	0	0	0	0	0	0	0	0	0	0	0	0	0	0	0	0
Corynebacterium_maris_DSM_45190	0	0	1.0	0	0	0	0	0	0	0	0	0	0	0	0	0.5	0	0	0	0	0.0	0.0	0.030303030303030304	0.030303030303030304	0.030303030303030304	0.0	0.0	0.0	0.030303030303030304	0.0	0.030303030303030304	0.06060606060606061	0.030303030303030304	0.06060606060606061	0.030303030303030304	0.030303030303030304	0.0	0.0	0.0	0.0	3
Corynebacterium_matruchotii	0	0	1.0	0	0	0	0	0	0	0	0	0	0	0	0	0	0	0	0	1.0	0.0	0.0	0.09090909090909091	0.0	0.0	0.0	0.0	0.0	0.09090909090909091	0.0	0.0	0.09090909090909091	0.0	0.0	0.0	0.0	0.0	0.0	0.0	0.09090909090909091	1
Corynebacterium_minutissimum	0	0	0	0	0	0	0	0	0	0	0	0	0	0	0	0	0	0	0	0	0.0	0.0	0.0	0.0	0.0	0.0	0.0	0.0	0.0	0.0	0.0	0.0	0.0	0.0	0.0	0.0	0.0	0.0	0.0	0.0	1
Corynebacterium_pseudotuberculosis	0	0	0	0	0	0	0	0	0	0	0	0	0	0	0	0	0	0	0	0	0	0	0	0	0	0	0	0	0	0	0	0	0	0	0	0	0	0	0	0	0
Corynebacterium_pseudotuberculosis_Cp162	0	0	0	0	0	0	0	0	0	0	0	0	0	0	0	0	0	0	0	0	0	0	0	0	0	0	0	0	0	0	0	0	0	0	0	0	0	0	0	0	0
Corynebacterium_renale	0	0	0	0	0	0	0	0	0	0	0	0	0	0	0	0	0	0	0	0	0	0	0	0	0	0	0	0	0	0	0	0	0	0	0	0	0	0	0	0	0
Corynebacterium_segmentosum	0	0	0	0	0	0	0	0	0	0	0	0	0	0	0	0	0	0	0	0	0	0	0	0	0	0	0	0	0	0	0	0	0	0	0	0	0	0	0	0	0
Corynebacterium_sphenisci	0	0	0	0	0	0	0	0	0	0	0	0	0	0	0	0	0	0	0	0	0	0	0	0	0	0	0	0	0	0	0	0	0	0	0	0	0	0	0	0	0
Corynebacterium_sphenisci_DSM_44792	0.16666666666666666	0.07142857142857142	0.2727272727272727	0.3	0.2857142857142857	0	0	0	0	0	0	0	0.125	0	0	0.5384615384615384	0.45454545454545453	0	0.16666666666666666	0.75	0.0101010101010101	0.006734006734006735	0.0202020202020202	0.01346801346801347	0.0202020202020202	0.0	0.006734006734006735	0.0	0.0101010101010101	0.0	0.0101010101010101	0.016835016835016835	0.0101010101010101	0.0101010101010101	0.0033670033670033673	0.02693602693602694	0.030303030303030304	0.0033670033670033673	0.02693602693602694	0.030303030303030304	27
Corynebacterium_stationis	0	0	0	0	0	0	1.0	0	0	0	0	0	0	0	0	0	0	0	0	0.5	0.09090909090909091	0.0	0.0	0.0	0.09090909090909091	0.0	0.09090909090909091	0.0	0.0	0.0	0.0	0.0	0.045454545454545456	0.0	0.0	0.045454545454545456	0.0	0.0	0.0	0.045454545454545456	2
Corynebacterium_striatum	0	0	0	0	0.75	0	0	0	0	0	0	0	0	0.25	0	0	0	0	0	0	0.0	0.0	0.0	0.06818181818181818	0.06818181818181818	0.06818181818181818	0.0	0.0	0.0	0.0	0.0	0.0	0.0	0.022727272727272728	0.0	0.0	0.022727272727272728	0.0	0.0	0.022727272727272728	4
Corynebacterium_urealyticum	0.5	0	0	0	0.25	0	1.0	0	0	0	0	0	0	0	0	0.3333333333333333	1.0	0	0	0.5	0.045454545454545456	0.0	0.022727272727272728	0.022727272727272728	0.022727272727272728	0.045454545454545456	0.045454545454545456	0.022727272727272728	0.045454545454545456	0.0	0.0	0.0	0.022727272727272728	0.0	0.0	0.022727272727272728	0.022727272727272728	0.0	0.022727272727272728	0.022727272727272728	4
Corynebacterium_ureicelerivorans	0.5	0	0	0	0	0	0	0	0	0	0	0	0	0	1.0	0	0	0	0	0	0.045454545454545456	0.045454545454545456	0.0	0.0	0.045454545454545456	0.0	0.0	0.0	0.0	0.045454545454545456	0.0	0.0	0.0	0.0	0.045454545454545456	0.0	0.0	0.0	0.045454545454545456	0.0	2
Corynebacterium_xerosis	0.4	1.0	0	0	0	0	0	0	0	0	0	0	0	0	0	0.5	0	0.5	0	0	0.03896103896103896	0.03896103896103896	0.0	0.012987012987012988	0.0	0.012987012987012988	0.03896103896103896	0.0	0.0	0.0	0.0	0.0	0.025974025974025976	0.012987012987012988	0.025974025974025976	0.012987012987012988	0.0	0.012987012987012988	0.0	0.025974025974025976	7
Cowpox_virus	0	0	0	0	0	0	0	0	0	0	0	0	0	0	0	0	0	0	0	0	0	0	0	0	0	0	0	0	0	0	0	0	0	0	0	0	0	0	0	0	0
Coxiella_burnetii	0	0	0	0	1.0	1.0	0	0	0	0	0	0	0	0	0	0	0	0	0	0	0.0	0.0909090909090909	0.0909090909090909	0.0	0.0909090909090909	0.0909090909090909	0.0	0.0	0.0	0.0	0.07575757575757576	0.07575757575757576	0.0	0.0	0.0	0.0	0.0	0.0	0.0909090909090909	0.0	6
Coxiella_burnetii_Dugway_5J108-111	0	0	0	0	0	0	0	0	0	0	0	0	0	0	0	0	0	0	0	0	0	0	0	0	0	0	0	0	0	0	0	0	0	0	0	0	0	0	0	0	0
Coxiella_burnetii_str._Schperling	0	0	0	0	0	0	0	0	0	0	0	0	0	0	0	0	0	0	0	0	0	0	0	0	0	0	0	0	0	0	0	0	0	0	0	0	0	0	0	0	0
Cryptosporidium	0	0	0	0	0	0	0	0	0	0	0	0	0	0	0	0	0	0	0	0	0	0	0	0	0	0	0	0	0	0	0	0	0	0	0	0	0	0	0	0	0
Cryptosporidium_parvum	0	0	0	0	0	0	0	0	0	0	0	0	0	0	0	0	0	0	0	0	0	0	0	0	0	0	0	0	0	0	0	0	0	0	0	0	0	0	0	0	0
Deltaretrovirus	0	0	0	0	0	0	0	0	0	0	0	0	0	0	0	0	0	0	0	0	0	0	0	0	0	0	0	0	0	0	0	0	0	0	0	0	0	0	0	0	0
Ehrlichia_canis	0	0	0	0	0	0	0	0	0	0	0	0	0	0	0	0	0	0	0	0	0	0	0	0	0	0	0	0	0	0	0	0	0	0	0	0	0	0	0	0	0
Enterococcus_avium	0	0	0	0	0	0	0	0	0	0	0	0	0	0	0	0	0	0	0	0	0	0	0	0	0	0	0	0	0	0	0	0	0	0	0	0	0	0	0	0	0
Enterococcus_casseliflavus	0	0	0	0	0	0	0	0	0	0	0	0	0	0	0	0	0	0	0	0	0	0	0	0	0	0	0	0	0	0	0	0	0	0	0	0	0	0	0	0	0
Enterococcus_cecorum	0	0	0	0	0	0	0	0	0	0	0	0	0	0	0	0	0	0	0	0	0	0	0	0	0	0	0	0	0	0	0	0	0	0	0	0	0	0	0	0	0
Enterococcus_durans	0	0	0	0	0	0	0	0	0	0	0	0	0	0	0	0	0	0	0	0	0	0	0	0	0	0	0	0	0	0	0	0	0	0	0	0	0	0	0	0	0
Enterococcus_faecalis	0	0	0	0	0	0	0	0	0	0	0	0	0	0	0	0	0	0	0	0	0	0	0	0	0	0	0	0	0	0	0	0	0	0	0	0	0	0	0	0	0
Enterococcus_faecium	0	0	0	0	0	0	0	0	0	0	0	0	0	0	0	0	0	0	0	0	0	0	0	0	0	0	0	0	0	0	0	0	0	0	0	0	0	0	0	0	0
Enterococcus_hirae	0	0	0	0	0	0	0	0	0	0	0	0	0	0	0	0	0	0	0	0	0	0	0	0	0	0	0	0	0	0	0	0	0	0	0	0	0	0	0	0	0
Enterococcus_mundtii	0	0	0	0	0	0	0	0	0	0	0	0	0	0	0	0	0	0	0	0	0	0	0	0	0	0	0	0	0	0	0	0	0	0	0	0	0	0	0	0	0
Enterovirus_B	0	0	0	0	0	0	0	0	0	0	0	0	0	0	0	0	0	0	0	0	0	0	0	0	0	0	0	0	0	0	0	0	0	0	0	0	0	0	0	0	0
Epizootic_hemorrhagic_disease_virus_(serotype_1_/_strain_New_Jersey)	0	0	0	0	0	0	0	0	0	0	0	0	0	0	0	0	0	0	0	0	0	0	0	0	0	0	0	0	0	0	0	0	0	0	0	0	0	0	0	0	0
Equine_rhinitis_A_virus	0	0	0	0	0	0	0	0	0	0	0	0	0	0	0	0	0	0	0	0	0	0	0	0	0	0	0	0	0	0	0	0	0	0	0	0	0	0	0	0	0
Erysipelothrix_rhusiopathiae	0	0	0	0	0	0	0	0	0	0	0	0	0	0	0	0	0	0	0	0	0	0	0	0	0	0	0	0	0	0	0	0	0	0	0	0	0	0	0	0	0
Erythroparvovirus	0	0	0	0	0	0	0	0	0	0	0	0	0	0	0	0	0	0	0	0	0	0	0	0	0	0	0	0	0	0	0	0	0	0	0	0	0	0	0	0	0
Escherichia_coli	0.7692307692307693	0.42857142857142855	1.0	1.0	0	0	0	0	0	0	0	0	0.4	0	0	0	0.06666666666666667	1.0	1.0	0.16666666666666666	0.04329004329004329	0.012987012987012986	0.008658008658008658	0.012987012987012986	0.004329004329004329	0.0	0.004329004329004329	0.0	0.012987012987012986	0.0	0.017316017316017316	0.0	0.012987012987012986	0.004329004329004329	0.0	0.021645021645021644	0.004329004329004329	0.05627705627705628	0.05627705627705628	0.004329004329004329	21
Escherichia_coli_NCCP15648	0	0	0	0	0	0	0	0	0	0	0	0	0	0	0	0	0	0	0	0	0	0	0	0	0	0	0	0	0	0	0	0	0	0	0	0	0	0	0	0	0
Escherichia_coli_O111	0	0	0	0	0	0	0	0	0	0	0	0	0	0	0	0	0	0	0	0	0	0	0	0	0	0	0	0	0	0	0	0	0	0	0	0	0	0	0	0	0
Escherichia_coli_O15	0	0	0	0	0	0	0	0	0	0	0	0	0	0	0	0	0	0	0	0	0	0	0	0	0	0	0	0	0	0	0	0	0	0	0	0	0	0	0	0	0
Escherichia_coli_O157:H7	0	0	0	0	0	0	0	0	0	0	0	0	0	0	0	0	0	0	0	0	0	0	0	0	0	0	0	0	0	0	0	0	0	0	0	0	0	0	0	0	0
Escherichia_coli_O26	0	0	0	0	0	0	0	0	0	0	0	0	0	0	0	0	0	0	0	0	0	0	0	0	0	0	0	0	0	0	0	0	0	0	0	0	0	0	0	0	0
Escherichia_coli_O26_str._RM10386	0	0	0	0	0	0	0	0	0	0	0	0	0	0	0	0	0	0	0	0	0	0	0	0	0	0	0	0	0	0	0	0	0	0	0	0	0	0	0	0	0
Escherichia_coli_O39:NM_str._F8704-2	0	0	0	0	0	0	0	0	0	0	0	0	0	0	0	0	0	0	0	0	0	0	0	0	0	0	0	0	0	0	0	0	0	0	0	0	0	0	0	0	0
Francisella_tularensis	1.0	0	0	0	0	0	0	0	0	0	0	0	0	0	0	0	0	0	0	0	0.09090909090909091	0.0	0.0	0.0	0.0	0.0	0.09090909090909091	0.0	0.0	0.0	0.09090909090909091	0.0	0.0	0.0	0.0	0.0	0.0	0.0	0.0	0.0	1
Francisella_tularensis_subsp._novicida	0	0	0	0	0	0	0	0	0	0	0	0	0	0	0	0	0	0	0	0	0	0	0	0	0	0	0	0	0	0	0	0	0	0	0	0	0	0	0	0	0
Francisella_tularensis_subsp._novicida_PA10-7858	0	0	0	0	0	0	0	0	0	0	0	0	0	0	0	0	0	0	0	0	0	0	0	0	0	0	0	0	0	0	0	0	0	0	0	0	0	0	0	0	0
Fusobacterium	0	0	0	0	0	0	0	0	0	0	0	0	0	0	0	0	0	0	0	0	0	0	0	0	0	0	0	0	0	0	0	0	0	0	0	0	0	0	0	0	0
Fusobacterium_gastrosuis	0	0	0	0	0	0	0	0	0	0	0	0	0	0	0	0	0	0	0	0	0	0	0	0	0	0	0	0	0	0	0	0	0	0	0	0	0	0	0	0	0
Fusobacterium_necrophorum	0.5	0	0	0	0	0	0	0	0	0	0	0	0	0	0	0.3333333333333333	0.5	0	0	0	0.0303030303030303	0.0	0.0	0.0	0.0	0.0	0.0	0.0	0.0	0.0	0.0303030303030303	0.0303030303030303	0.0	0.0303030303030303	0.0	0.020202020202020204	0.0303030303030303	0.0	0.020202020202020204	0.09090909090909091	9
Fusobacterium_nucleatum	0	0	0	0	0	0	0	0	0	0	0	0	0	0	0	0	0	0	0	0	0	0	0	0	0	0	0	0	0	0	0	0	0	0	0	0	0	0	0	0	0
Fusobacterium_nucleatum_subsp._polymorphum_ATCC_10953	0	0	0	0	0	0	0	0	0	0	0	0	0	0	0	0	0	0	0	0	0	0	0	0	0	0	0	0	0	0	0	0	0	0	0	0	0	0	0	0	0
Fusobacterium_nucleatum_subsp._vincentii_3_1_27	0	0	0	0	0	0	0	0	0	0	0	0	0	0	0	0	0	0	0	0	0	0	0	0	0	0	0	0	0	0	0	0	0	0	0	0	0	0	0	0	0
Fusobacterium_pseudoperiodonticum	0	0	0	0	0	0	0	0	0	0	0	0	0	0	0	0	0	0	0	0	0	0	0	0	0	0	0	0	0	0	0	0	0	0	0	0	0	0	0	0	0
Goatpox_virus	0	0	0	0	0	0	0	0	0	0	0	0	0	0	0	0	0	0	0	0	0	0	0	0	0	0	0	0	0	0	0	0	0	0	0	0	0	0	0	0	0
Haemophilus_influenzae	0	0	0	0	0	0	0	0	0	0	0	0	0	0	0	0	0	0	0	0	0	0	0	0	0	0	0	0	0	0	0	0	0	0	0	0	0	0	0	0	0
Helicobacter_cinaedi	0	0	0	0	0	0	0	0	0	0	0	0	0	0	0	0	0	0	0	0	0	0	0	0	0	0	0	0	0	0	0	0	0	0	0	0	0	0	0	0	0
Helicobacter_pylori	0	0	0	0	0	0	0	0	0	0	0	0	0	0	0	0	0	0	0	0	0	0	0	0	0	0	0	0	0	0	0	0	0	0	0	0	0	0	0	0	0
Helicobacter_pylori_Shi112	0	0	0	0	0	0	0	0	0	0	0	0	0	0	0	0	0	0	0	0	0	0	0	0	0	0	0	0	0	0	0	0	0	0	0	0	0	0	0	0	0
Hepatitis_B_virus	0	0	0	0	0	0	0	0	0	0	0	0	0	0	0	0	0	0	0	0	0	0	0	0	0	0	0	0	0	0	0	0	0	0	0	0	0	0	0	0	0
Hepatitis_E_virus	0	0	0	0	0	0	0	0	0	0	0	0	0	0	0	0	0	0	0	0	0	0	0	0	0	0	0	0	0	0	0	0	0	0	0	0	0	0	0	0	0
Hepatitis_delta_virus	0	0	0	0	0	0	0	0	0	0	0	0	0	0	0	0	0	0	0	0	0	0	0	0	0	0	0	0	0	0	0	0	0	0	0	0	0	0	0	0	0
Human_adenovirus_1	0	0	0	0	0	0	0	0	0	0	0	0	0	0	0	0	0	0	0	0	0	0	0	0	0	0	0	0	0	0	0	0	0	0	0	0	0	0	0	0	0
Human_adenovirus_2	0	0	0	0	0	0	0	0	0	0	0	0	0	0	0	0	0	0	0	0	0	0	0	0	0	0	0	0	0	0	0	0	0	0	0	0	0	0	0	0	0
Human_adenovirus_35	0	0	0	0	0	0	0	0	0	0	0	0	0	0	0	0	0	0	0	0	0	0	0	0	0	0	0	0	0	0	0	0	0	0	0	0	0	0	0	0	0
Human_adenovirus_5	0	0	0	0	0	0	0	0	0	0	0	0	0	0	0	0	0	0	0	0	0	0	0	0	0	0	0	0	0	0	0	0	0	0	0	0	0	0	0	0	0
Human_adenovirus_54	0	0	0	0	0	0	0	0	0	0	0	0	0	0	0	0	0	0	0	0	0	0	0	0	0	0	0	0	0	0	0	0	0	0	0	0	0	0	0	0	0
Human_adenovirus_7	0	0	0	0	0	0	0	0	0	0	0	0	0	0	0	0	0	0	0	0	0	0	0	0	0	0	0	0	0	0	0	0	0	0	0	0	0	0	0	0	0
Human_alphaherpesvirus_1	0	0	0	0	0	0	0	0	0	0	0	0	0	0	0	0	0	0	0	0	0	0	0	0	0	0	0	0	0	0	0	0	0	0	0	0	0	0	0	0	0
Human_alphaherpesvirus_2	0	0	0	0	0	0	0	0	0	0	0	0	0	0	0	0	0	0	0	0	0	0	0	0	0	0	0	0	0	0	0	0	0	0	0	0	0	0	0	0	0
Human_alphaherpesvirus_3	0	0	0	0	0	0	0	0	0	0	0	0	0	0	0	0	0	0	0	0	0	0	0	0	0	0	0	0	0	0	0	0	0	0	0	0	0	0	0	0	0
Human_gammaherpesvirus_4	0	0	0	0	0	0	0	0	0	0	0	0	0	0	0	0	0	0	0	0	0	0	0	0	0	0	0	0	0	0	0	0	0	0	0	0	0	0	0	0	0
Human_herpesvirus_4_type_2	0	0	0	0	0	0	0	0	0	0	0	0	0	0	0	0	0	0	0	0	0	0	0	0	0	0	0	0	0	0	0	0	0	0	0	0	0	0	0	0	0
Human_mastadenovirus_C	0	0	0	0	0	0	0	0	0	0	0	0	0	0	0	0	0	0	0	0	0	0	0	0	0	0	0	0	0	0	0	0	0	0	0	0	0	0	0	0	0
JC_polyomavirus	0	0	0	0	0	0	0	0	0	0	0	0	0	0	0	0	0	0	0	0	0	0	0	0	0	0	0	0	0	0	0	0	0	0	0	0	0	0	0	0	0
Klebsiella_aerogenes	0	0	0	0	0	0	0	0	0	0	0	0	0	0	0	0	0	0	0	0	0	0	0	0	0	0	0	0	0	0	0	0	0	0	0	0	0	0	0	0	0
Klebsiella_aerogenes_EA1509E	0	0	0	0	0	0	0	0	0	0	0	0	0	0	0	0	0	0	0	0	0	0	0	0	0	0	0	0	0	0	0	0	0	0	0	0	0	0	0	0	0
Klebsiella_michiganensis	1.0	0	0	0	0	0	0	0	0	0	0	0	0	0	0	0	0	0.6666666666666666	0	0	0.09090909090909091	0.0	0.01818181818181818	0.03636363636363636	0.0	0.0	0.03636363636363636	0.0	0.0	0.0	0.0	0.0	0.01818181818181818	0.0	0.0	0.0	0.0	0.03636363636363636	0.0	0.01818181818181818	5
Klebsiella_michiganensis_HKOPL1	0	0	0	0	0	0	0	0	0	0	0	0	0	0	0	0	0	0	0	0	0	0	0	0	0	0	0	0	0	0	0	0	0	0	0	0	0	0	0	0	0
Klebsiella_oxytoca	0	1.0	0	0	0	0	1.0	0	0	0	0	0	0	0	0	0	0	0	0	0	0.0909090909090909	0.0909090909090909	0.0	0.0	0.0	0.0	0.0909090909090909	0.0	0.0	0.0909090909090909	0.0	0.0	0.0	0.0	0.0	0.08484848484848485	0.0	0.006060606060606061	0.0	0.0	15
Klebsiella_pneumoniae	0	0	0	0.6	0	0	0	0	0.5	0	0	0	0.6666666666666666	0	1.0	0.6	0	0.6666666666666666	0.6	0.3333333333333333	0.0	0.00909090909090909	0.00909090909090909	0.03636363636363636	0.045454545454545456	0.02727272727272727	0.0	0.0	0.00909090909090909	0.01818181818181818	0.0	0.0	0.03636363636363636	0.01818181818181818	0.02727272727272727	0.02727272727272727	0.01818181818181818	0.01818181818181818	0.045454545454545456	0.045454545454545456	10
Klebsiella_pneumoniae_subsp._pneumoniae	0	0	0	0	0	0	0	0	0	0	0	0	0	0	0	0	0.875	1.0	0	0	0.0	0.050505050505050504	0.0	0.0	0.0	0.0	0.0	0.0	0.0	0.0	0.0	0.050505050505050504	0.0	0.0	0.0	0.0	0.08585858585858586	0.050505050505050504	0.0	0.0	18
Klebsiella_pneumoniae_subsp._pneumoniae_KPNIH24	0	0	0	0	0	0	0	0	0	0	0	0	0	0	0	0	0	0	0	0	0	0	0	0	0	0	0	0	0	0	0	0	0	0	0	0	0	0	0	0	0
Klebsiella_pneumoniae_subsp._pneumoniae_KPNIH27	0	0	0	0	0	0	0	0	0	0	0	0	0	0	0	0	0	0	0	0	0	0	0	0	0	0	0	0	0	0	0	0	0	0	0	0	0	0	0	0	0
Klebsiella_pneumoniae_subsp._rhinoscleromatis	0	0	0	0	0	0	0	0	0	0	0	0	0	0	0	0	0	0	0	0	0	0	0	0	0	0	0	0	0	0	0	0	0	0	0	0	0	0	0	0	0
Legionella_anisa	0	0	0	0	0	0	0	0	0	0	0	0	0	0	0	0	0	0	0.5	0	0.0	0.0	0.09090909090909091	0.0	0.09090909090909091	0.0	0.0	0.0	0.0	0.0	0.0	0.0	0.0	0.0	0.0	0.0	0.045454545454545456	0.0	0.045454545454545456	0.0	2
Legionella_lansingensis	0	0	0	0	0	0	0	0	0	0	0	0	0	0	0	0	0	0	0	0	0	0	0	0	0	0	0	0	0	0	0	0	0	0	0	0	0	0	0	0	0
Legionella_pneumophila	0	0	0	0	0	0	0	0	0	0	0	0	0	0	0	0	0	0	0	0	0	0	0	0	0	0	0	0	0	0	0	0	0	0	0	0	0	0	0	0	0
Legionella_pneumophila_subsp._fraseri	0	0	0	0	0	0	0	0	0	0	0	0	0	0	0	0	0	0	0	0	0	0	0	0	0	0	0	0	0	0	0	0	0	0	0	0	0	0	0	0	0
Legionella_pneumophila_subsp._pneumophila	0	0	0	0	0	0	0	0	0	0	0	0	0	0	0	0	0	0	0	0	0	0	0	0	0	0	0	0	0	0	0	0	0	0	0	0	0	0	0	0	0
Leptospira_alexanderi	0	0	0	0	0	0	0	0	0	0	0	0	0	0	0	0	0	0	0	0	0	0	0	0	0	0	0	0	0	0	0	0	0	0	0	0	0	0	0	0	0
Leptospira_alstonii	0	0	0	0	0	0	0	0	0	0	0	0	0	0	0	0	0	0	0	0	0	0	0	0	0	0	0	0	0	0	0	0	0	0	0	0	0	0	0	0	0
Leptospira_biflexa	0	0	0	0	0	0	0	0	0	0	0	0	0	0	0	0	0	0	0	0	0	0	0	0	0	0	0	0	0	0	0	0	0	0	0	0	0	0	0	0	0
Leptospira_borgpetersenii	0	0	0	0	0	0	0	0	0	0	0	0	0	0	0	0	0	0	0	0	0.0	0.0	0.0	0.0	0.0	0.0	0.0	0.0	0.0	0.0	0.0	0.0	0.0	0.0	0.0	0.0	0.0	0.0	0.0	0.0	1
Leptospira_borgpetersenii_serovar_Ceylonica	0	0	0	0	1.0	0	0	0	0	0	0	0	0	0	0	0.5	0	0	0	0	0.05454545454545454	0.0	0.0	0.05454545454545454	0.05454545454545454	0.0	0.05454545454545454	0.0	0.0	0.0	0.01818181818181818	0.0	0.03636363636363636	0.0	0.0	0.03636363636363636	0.0	0.03636363636363636	0.0	0.0	5
Leptospira_broomii	0	0	0	0	0	0	0	0	0	0	0	0	0	0	0	0	0	0	0	0	0	0	0	0	0	0	0	0	0	0	0	0	0	0	0	0	0	0	0	0	0
Leptospira_fainei	0	0	0	0	0	0	0	0	0	0	0	0	0	0	0	0	0	0	0	0	0	0	0	0	0	0	0	0	0	0	0	0	0	0	0	0	0	0	0	0	0
Leptospira_inadai	0	0	0	0	0	0	0	0	0	0	0	0	0	0	0	0	0	0	0	0	0	0	0	0	0	0	0	0	0	0	0	0	0	0	0	0	0	0	0	0	0
Leptospira_interrogans	0	0	0	1.0	0	0	0	0	0	0	0	0	0	0	0	0	0	0	0	0	0.0	0.0	0.0	0.09090909090909091	0.0	0.09090909090909091	0.0	0.0	0.09090909090909091	0.0	0.0	0.00909090909090909	0.0	0.0	0.0	0.0	0.0	0.00909090909090909	0.0	0.0	10
Leptospira_kirschneri	0	0	0	0	0	0	0	0	0	0	0	0	0	0	0	0	0	0	0	0	0	0	0	0	0	0	0	0	0	0	0	0	0	0	0	0	0	0	0	0	0
Leptospira_kmetyi	0	0	0	0	0	0	0	0	0	0	0	0	0	0	0	0	0	0	0	0	0	0	0	0	0	0	0	0	0	0	0	0	0	0	0	0	0	0	0	0	0
Leptospira_licerasiae	0	0	0	0	0	0	0	0	0	0	0	0	0	0	0	0	0	0	0	0	0	0	0	0	0	0	0	0	0	0	0	0	0	0	0	0	0	0	0	0	0
Leptospira_noguchii	0	0	0	0	0	0	0	0	0	0	0	0	0	0	0	0	0	0	0	0	0	0	0	0	0	0	0	0	0	0	0	0	0	0	0	0	0	0	0	0	0
Leptospira_santarosai	0	0	0	0	0	0	0	0	0	0	0	0	0	0	0	0	0	0	0	0	0	0	0	0	0	0	0	0	0	0	0	0	0	0	0	0	0	0	0	0	0
Leptospira_weilii	1.0	0	0	0	1.0	0	0	0	0	0	0	0	0	0	1.0	0.3	0	0	0	0	0.04545454545454545	0.0	0.0	0.0	0.022727272727272724	0.0	0.0	0.06818181818181819	0.0	0.0	0.0	0.015151515151515152	0.015151515151515152	0.007575757575757576	0.007575757575757576	0.022727272727272724	0.0	0.0	0.0	0.0	12
Leptospira_wolffii	0	0	0	0	0	0	0	0	0	0	0	0	0	0	0	0	0	0	0	0	0	0	0	0	0	0	0	0	0	0	0	0	0	0	0	0	0	0	0	0	0
Listeria_monocytogenes	0	0	0	0	0	0	0	0	0	0	0	0	0	0	0	0	0	0	0	0	0.09090909090909091	0.09090909090909091	0.0	0.09090909090909091	0.0	0.0	0.0	0.0	0.0	0.0	0.0	0.0	0.0	0.0	0.0	0.0	0.0	0.0	0.0	0.0	1
Listeria_monocytogenes_6179	0	0	0	0	0	0	0	0	0	0	0	0	0	0	0	0	0	0	0	0	0	0	0	0	0	0	0	0	0	0	0	0	0	0	0	0	0	0	0	0	0
Lumpy_skin_disease_virus	0	0	0	0	0	0	0	0	0	0	0	0	0	0	0	0	0	0	0	0	0	0	0	0	0	0	0	0	0	0	0	0	0	0	0	0	0	0	0	0	0
Lymphocryptovirus	0	0	0	0	0	0	0	0	0	0	0	0	0	0	0	0	0	0	0	0	0	0	0	0	0	0	0	0	0	0	0	0	0	0	0	0	0	0	0	0	0
Mannheimia_haemolytica	0	0	0	0	0	0	0	0	0	0	0	0	0	0	0	0	0	0	0	0	0	0	0	0	0	0	0	0	0	0	0	0	0	0	0	0	0	0	0	0	0
Measles_morbillivirus	0	0	0	0	0	0	0	0	0	0	0	0	0	0	0	0	0	0	0	0	0	0	0	0	0	0	0	0	0	0	0	0	0	0	0	0	0	0	0	0	0
Methanobrevibacter_oralis	0	0	0	0	0	0	0	0	0	0	0	0	0	0	0	0	0	0	0	0	0	0	0	0	0	0	0	0	0	0	0	0	0	0	0	0	0	0	0	0	0
Moraxella_catarrhalis	0	0	0	0	0	0	0	0	0	0	0	0	0	0	0	0	0	0	0	0	0	0	0	0	0	0	0	0	0	0	0	0	0	0	0	0	0	0	0	0	0
Morbillivirus	0	0	0	0	0	0	0	0	0	0	0	0	0	0	0	0	0	0	0	0	0	0	0	0	0	0	0	0	0	0	0	0	0	0	0	0	0	0	0	0	0
Mycobacterium_avium	0.11267605633802817	0.3493975903614458	0.43333333333333335	0.32098765432098764	0.10344827586206896	0	0	0	0.031746031746031744	0	0	0	0.05194805194805195	0	0.136986301369863	0.2608695652173913	0.3442622950819672	0.20408163265306123	0.40476190476190477	0.34444444444444444	0.004050405040504051	0.016201620162016202	0.027452745274527453	0.02565256525652565	0.0027002700270027003	0.008550855085508551	0.004500450045004501	0.0	0.010801080108010801	0.007200720072007201	0.01485148514851485	0.012601260126012601	0.004050405040504051	0.0	0.010801080108010801	0.013501350135013501	0.02655265526552655	0.013951395139513953	0.0315031503150315	0.023852385238523854	202
Mycobacterium_avium_subsp._avium	0	0	0.6666666666666666	0	0	0	0	0	0	0	0	0	0	0	1.0	0	0	0	0	0.5	0.0	0.030303030303030304	0.06060606060606061	0.0	0.0	0.0	0.0	0.0	0.0	0.0	0.015151515151515152	0.0	0.06060606060606061	0.015151515151515152	0.06060606060606061	0.015151515151515152	0.0	0.0	0.0	0.07575757575757576	6
Mycobacterium_avium_subsp._hominissuis	0.5384615384615384	0.4782608695652174	0.15	0	0.5294117647058824	0	0.125	0	0	0	0	0	0	0	0	0	0.15789473684210525	0.15789473684210525	0.3333333333333333	0.25	0.018648018648018648	0.02564102564102564	0.02097902097902098	0.011655011655011654	0.02097902097902098	0.006993006993006992	0.009324009324009324	0.013986013986013984	0.011655011655011654	0.018648018648018648	0.006993006993006992	0.006993006993006992	0.02097902097902098	0.0	0.006993006993006992	0.0	0.016317016317016316	0.030303030303030304	0.016317016317016316	0.006993006993006992	39
Mycobacterium_avium_subsp._paratuberculosis	0	0	0.5	0	1.0	0	0	0	0	0	0	0	0	0	0	0	0	0	0	0	0.0	0.045454545454545456	0.045454545454545456	0.0	0.045454545454545456	0.0	0.0	0.0	0.0	0.0	0.0	0.0	0.0	0.045454545454545456	0.045454545454545456	0.0	0.0	0.0	0.045454545454545456	0.0	2
Mycobacterium_canettii	0	0	0	0	0	0	0	0	0	0	0	0	0	0	0	0	0	0	1.0	0	0.0	0.0909090909090909	0.0	0.0	0.0	0.0	0.0	0.0	0.0	0.0	0.0	0.0	0.0	0.0	0.0	0.0	0.030303030303030304	0.0	0.06060606060606061	0.030303030303030304	3
Mycobacterium_colombiense	0	0	0	0	0	0	0	0	0	0	0	0	0	0	0	0	0	0	0	0	0	0	0	0	0	0	0	0	0	0	0	0	0	0	0	0	0	0	0	0	0
Mycobacterium_colombiense_CECT_3035	0.2857142857142857	0.6666666666666666	0	1.0	0.5	0	0	0	0	0	0	0	0	0	0	0.1	0	0	0	0	0.020979020979020976	0.03496503496503496	0.0	0.03496503496503496	0.04195804195804195	0.04895104895104895	0.0	0.006993006993006993	0.020979020979020976	0.0	0.006993006993006993	0.0	0.0	0.0	0.027972027972027972	0.006993006993006993	0.006993006993006993	0.013986013986013986	0.0	0.020979020979020976	13
Mycobacterium_intracellulare	0.3	0.08	0.2608695652173913	0.4827586206896552	0.08695652173913043	0	0	0	0	0.05	0.2962962962962963	0	0	0	0	0.2	0.4166666666666667	0.11764705882352941	0.24242424242424243	0.36363636363636365	0.01871657754010695	0.009358288770053475	0.0160427807486631	0.021390374331550804	0.0066844919786096255	0.004010695187165775	0.005347593582887701	0.0066844919786096255	0.005347593582887701	0.004010695187165775	0.013368983957219251	0.0066844919786096255	0.010695187165775402	0.009358288770053475	0.00802139037433155	0.021390374331550804	0.020053475935828874	0.012032085561497327	0.013368983957219251	0.017379679144385027	68
Mycobacterium_intracellulare_subsp._yongonense	0.1111111111111111	0.6	0	0	0.5	0	0	0.1	0	0	0	0	0	0	0	0	0.16666666666666666	0.3333333333333333	0.38461538461538464	0.2	0.005050505050505051	0.0303030303030303	0.0	0.005050505050505051	0.025252525252525252	0.010101010101010102	0.0	0.005050505050505051	0.025252525252525252	0.025252525252525252	0.010101010101010102	0.0	0.025252525252525252	0.005050505050505051	0.01515151515151515	0.0303030303030303	0.010101010101010102	0.04040404040404041	0.025252525252525252	0.010101010101010102	18
Mycobacterium_kansasii	0.3333333333333333	0.7142857142857143	0	0	0.2857142857142857	0	0	0	0.25	0	0	0.09090909090909091	0	0	0	0	0.2857142857142857	0.15384615384615385	0.75	0.25	0.015810276679841896	0.02766798418972332	0.0	0.015810276679841896	0.015810276679841896	0.015810276679841896	0.023715415019762844	0.019762845849802372	0.011857707509881422	0.0	0.011857707509881422	0.003952569169960474	0.0	0.007905138339920948	0.003952569169960474	0.007905138339920948	0.011857707509881422	0.019762845849802372	0.03162055335968379	0.02766798418972332	23
Mycobacterium_leprae	0	0	0	0	0	0	0	0	0	0	0	0	0	0	0	0	0	0	0	0	0	0	0	0	0	0	0	0	0	0	0	0	0	0	0	0	0	0	0	0	0
Mycobacterium_leprae_Kyoto-2	0	0	0	0	0	0	0	0	0	0	0	0	0	0	0	0	0	0	0	0	0	0	0	0	0	0	0	0	0	0	0	0	0	0	0	0	0	0	0	0	0
Mycobacterium_marseillense	0	0.5	0	0	1.0	1.0	0	0	0	0	0	0	0	0	0	0	0	0	0	0	0.0	0.030303030303030304	0.0	0.0	0.06060606060606061	0.030303030303030304	0.0	0.030303030303030304	0.0	0.0	0.0	0.0	0.0	0.0	0.0	0.0	0.0	0.0	0.0	0.0	3
Mycobacterium_sp._JS623	0.7142857142857143	0.2	0	0.3333333333333333	0.6666666666666666	0	0	0	0	0.2222222222222222	0	0	0	0	0	0	0.125	0.14285714285714285	0	0.5	0.0303030303030303	0.01818181818181818	0.006060606060606061	0.012121212121212121	0.0303030303030303	0.012121212121212121	0.012121212121212121	0.006060606060606061	0.012121212121212121	0.01818181818181818	0.01818181818181818	0.006060606060606061	0.0	0.012121212121212121	0.0	0.0	0.01818181818181818	0.006060606060606061	0.0	0.0303030303030303	15
Mycobacterium_sp._YC-RL4	0.42857142857142855	0	0.16666666666666666	0.2	0.25	0	0	0	0	0.16666666666666666	0	0	0	0.25	0	0.16666666666666666	0	0.3333333333333333	0.75	0	0.04958677685950413	0.0	0.008264462809917356	0.024793388429752063	0.024793388429752063	0.008264462809917356	0.03305785123966942	0.008264462809917356	0.008264462809917356	0.008264462809917356	0.008264462809917356	0.008264462809917356	0.01652892561983471	0.008264462809917356	0.0	0.008264462809917356	0.008264462809917356	0.01652892561983471	0.024793388429752063	0.008264462809917356	11
Mycobacterium_tuberculosis	0.125	1.0	0.25	0	1.0	0	0	0	0.23076923076923078	0	0	0	0	0	0	0.42857142857142855	0.25	0	0.2857142857142857	0	0.008264462809917356	0.03305785123966942	0.008264462809917356	0.0	0.008264462809917356	0.012396694214876032	0.0	0.0	0.012396694214876032	0.01652892561983471	0.02066115702479339	0.0	0.004132231404958678	0.0	0.004132231404958678	0.012396694214876032	0.045454545454545456	0.0	0.024793388429752063	0.03305785123966942	22
Mycobacterium_tuberculosis_KZN_1435	1.0	0	1.0	0	0	0	1.0	0	0	0	0	0	0	0	0	1.0	0.3888888888888889	0	0	0	0.0707070707070707	0.0	0.0303030303030303	0.0	0.0	0.0	0.0303030303030303	0.0	0.0303030303030303	0.0303030303030303	0.03535353535353535	0.0	0.0	0.020202020202020204	0.025252525252525252	0.050505050505050504	0.03535353535353535	0.01515151515151515	0.0	0.01515151515151515	18
Mycobacterium_tuberculosis_complex	0.25	0	0	1.0	0.4	0	0	0	0	0	0	0	0	0	0	0	0	0	0.5	0.25806451612903225	0.030303030303030304	0.0	0.0	0.06060606060606061	0.04545454545454545	0.0	0.0	0.06060606060606061	0.0	0.0	0.0	0.0	0.04356060606060606	0.0	0.0	0.015151515151515152	0.017045454545454548	0.015151515151515152	0.058712121212121215	0.015151515151515152	48
Mycobacterium_tuberculosis_variant_africanum	0	0	0	0	0	0	0	0	0	0	0	0	0	0	0	0	0	0	0	0	0	0	0	0	0	0	0	0	0	0	0	0	0	0	0	0	0	0	0	0	0
Mycobacterium_tuberculosis_variant_bovis	0	0	0	0	0	0	0	0	0	0	0	0	0	0	0	0	0	0	0	0	0	0	0	0	0	0	0	0	0	0	0	0	0	0	0	0	0	0	0	0	0
Mycobacteroides_abscessus	0.1111111111111111	1.0	0	0	0.3	0	0	0	0	0	0	0	0	0	0.375	0.4	0	0.7647058823529411	0.5882352941176471	0.1	0.006993006993006993	0.03671328671328671	0.010489510489510488	0.01748251748251748	0.04370629370629371	0.0034965034965034965	0.020979020979020976	0.024475524475524476	0.0	0.0	0.0	0.0	0.01748251748251748	0.0	0.022727272727272728	0.04370629370629371	0.0017482517482517483	0.022727272727272728	0.03496503496503496	0.012237762237762238	52
Mycobacteroides_abscessus_subsp._abscessus	0	1.0	0	0.875	0	0	0	0	0	0	0	0	0	0	0	0	0	0	0	0	0.0	0.050505050505050504	0.005050505050505051	0.03535353535353535	0.0	0.0	0.0	0.0	0.050505050505050504	0.03535353535353535	0.03535353535353535	0.0	0.005050505050505051	0.0	0.0	0.0	0.0	0.050505050505050504	0.005050505050505051	0.050505050505050504	18
Mycobacteroides_abscessus_subsp._bolletii	0	0	0.6666666666666666	0	0	0	0	0	0	0	0	0	0	0	0	0	0.42857142857142855	0.3333333333333333	0	0	0.0	0.0	0.025974025974025976	0.012987012987012988	0.025974025974025976	0.012987012987012988	0.025974025974025976	0.0	0.0	0.012987012987012988	0.025974025974025976	0.025974025974025976	0.025974025974025976	0.025974025974025976	0.0	0.012987012987012988	0.03896103896103896	0.012987012987012988	0.012987012987012988	0.025974025974025976	7
Mycobacteroides_abscessus_subsp._bolletii_50594	0	0	0	0	0	0	0	0	0	0	0	0	0	0	0	0	0	0	0	0	0	0	0	0	0	0	0	0	0	0	0	0	0	0	0	0	0	0	0	0	0
Mycobacteroides_abscessus_subsp._massiliense	0	0	0	0	0	0	0	0	0	0	0	0	0	0	1.0	0	0.3333333333333333	1.0	0	0	0.06493506493506493	0.0	0.0	0.0	0.0	0.0	0.0	0.0	0.0	0.0	0.0	0.0	0.0	0.0	0.05194805194805195	0.0	0.025974025974025976	0.05194805194805195	0.07792207792207792	0.012987012987012988	7
Mycobacteroides_abscessus_subsp._massiliense_CCUG_48898_=_JCM_15300	0	0	0	0	0	0	0	0	0	0	0	0	0	0	0	0	0	0	0	0	0	0	0	0	0	0	0	0	0	0	0	0	0	0	0	0	0	0	0	0	0
Mycoplasma_haemocanis	0	0	0	0	0	0	0	0	0	0	0	0	0	0	0	0	0	0	0	0	0	0	0	0	0	0	0	0	0	0	0	0	0	0	0	0	0	0	0	0	0
Mycoplasma_haemofelis	0	0	0	0	0	0	0	0	0	0	0	0	0	0	0	0	0	0	0	0	0	0	0	0	0	0	0	0	0	0	0	0	0	0	0	0	0	0	0	0	0
Mycoplasma_haemofelis_str._Langford_1	0	0	0	0	0	0	0	0	0	0	0	0	0	0	0	0	0	0	0	0	0	0	0	0	0	0	0	0	0	0	0	0	0	0	0	0	0	0	0	0	0
Mycoplasma_mycoides	0	0	0	0	0	0	0	0	0	0	0	0	0	0	0	0	0	0	0	0	0	0	0	0	0	0	0	0	0	0	0	0	0	0	0	0	0	0	0	0	0
Mycoplasma_ovipneumoniae	0	0	0	0	0	0	0	0	0	0	0	0	0	0	0	0	0	0	0	0	0	0	0	0	0	0	0	0	0	0	0	0	0	0	0	0	0	0	0	0	0
Mycoplasma_pneumoniae	0	0	0	0	0	0	0	0	0	0	0	0	0	0	0	0	0	0	0	0	0	0	0	0	0	0	0	0	0	0	0	0	0	0	0	0	0	0	0	0	0
Neisseria_elongata	0	0	0	0	0	0	0	0	0	0	0	0	0	0	0	0	0	0	0	0	0	0	0	0	0	0	0	0	0	0	0	0	0	0	0	0	0	0	0	0	0
Neisseria_elongata_subsp._glycolytica	0	0	0	0	0	0	0	0	0	0	0	0	0	0	0	0	0	0	0	0	0	0	0	0	0	0	0	0	0	0	0	0	0	0	0	0	0	0	0	0	0
Neisseria_gonorrhoeae	0	0	0	0	0	0	0	0	0	0	0	0	0	0	0	0	0	0	0	0	0	0	0	0	0	0	0	0	0	0	0	0	0	0	0	0	0	0	0	0	0
Neisseria_gonorrhoeae_NG-k51.05	1.0	0	0	0	0	0	0	0	1.0	0	0	0	0	0	0	0	0	0	0	0	0.09090909090909091	0.0	0.09090909090909091	0.0	0.0	0.09090909090909091	0.0	0.0	0.09090909090909091	0.0	0.0	0.0	0.0	0.0	0.0	0.09090909090909091	0.0	0.004545454545454545	0.004545454545454545	0.0	20
Neisseria_meningitidis	0	0	0	0	0	0	0	0	0	0	0	0	0	0	0	0	0	0	1.0	0	0.0	0.09090909090909091	0.09090909090909091	0.0	0.0	0.0	0.09090909090909091	0.0	0.0	0.0	0.0	0.0	0.08181818181818182	0.08181818181818182	0.0	0.0	0.08181818181818182	0.0	0.08181818181818182	0.0	10
Neisseria_meningitidis_M01-240355	0	0	0	0	0	0	0	0	0	0	0	0	0	0	0	0	0	0	0	0	0	0	0	0	0	0	0	0	0	0	0	0	0	0	0	0	0	0	0	0	0
Neisseria_mucosa	0	0	0	0	0	0	0	0	0	0	0	0	0	0	0	0	0	0	0	0	0	0	0	0	0	0	0	0	0	0	0	0	0	0	0	0	0	0	0	0	0
Neisseria_sicca	0	0	0	0	0	0	0	0	0	0	0	0	0	0	0	0	0	0	0	0	0	0	0	0	0	0	0	0	0	0	0	0	0	0	0	0	0	0	0	0	0
Neisseria_subflava	0	0	0	0	0	0	0	0	0	0	0	0	0	0	0	0	0	0	0	0	0	0	0	0	0	0	0	0	0	0	0	0	0	0	0	0	0	0	0	0	0
Neisseria_weaveri	0	0	0	0	0	0	0	0	0	0	0	0	0	0	0	0	0	0	0	0	0	0	0	0	0	0	0	0	0	0	0	0	0	0	0	0	0	0	0	0	0
Orthohepadnavirus	0	0	0	0	0	0	0	0	0	0	0	0	0	0	0	0	0	0	0	0	0	0	0	0	0	0	0	0	0	0	0	0	0	0	0	0	0	0	0	0	0
Orthopoxvirus	0	0	0	0	0	0	0	0	0	0	0	0	0	0	0	0	0	0	0	0	0	0	0	0	0	0	0	0	0	0	0	0	0	0	0	0	0	0	0	0	0
Paraavulavirus	0	0	0	0	0	0	0	0	0	0	0	0	0	0	0	0	0	0	0	0	0	0	0	0	0	0	0	0	0	0	0	0	0	0	0	0	0	0	0	0	0
Parvimonas_micra	0	0	0	0	0	0	0	0	0	0	0	0	0	0	0	0	0	0	0	0	0	0	0	0	0	0	0	0	0	0	0	0	0	0	0	0	0	0	0	0	0
Pasteurella_multocida	0	0	0	0	0	0	0	0	0	0	0	0	0	0	0	0	0	0	0	0	0	0	0	0	0	0	0	0	0	0	0	0	0	0	0	0	0	0	0	0	0
Pasteurella_multocida_subsp._multocida	0	0	0	0	0	0	0	0	0	0	0	0	0	0	0	0	0	0	0	0	0	0	0	0	0	0	0	0	0	0	0	0	0	0	0	0	0	0	0	0	0
Peptostreptococcus_anaerobius	0	0	0	0	0	0	0	0	0	0	0	0	0	0	0	0	0	0	0	0	0	0	0	0	0	0	0	0	0	0	0	0	0	0	0	0	0	0	0	0	0
Polyomaviridae	0	0	0	0	0	0	0	0	0	0	0	0	0	0	0	0	0	0	0	0	0	0	0	0	0	0	0	0	0	0	0	0	0	0	0	0	0	0	0	0	0
Porphyromonas_gingivalis	0	0	0	0	0	0	0	0	0	0	0	0	0	0	0	0	0	0	0	0	0	0	0	0	0	0	0	0	0	0	0	0	0	0	0	0	0	0	0	0	0
Porphyromonas_gingivalis_A7A1-28	1.0	0	0	0	0	0	0	0	0	0	0	0	0	0	0	0	0	0	0	0	0.09090909090909091	0.0	0.0	0.0	0.09090909090909091	0.0	0.0	0.0	0.0	0.0	0.022727272727272728	0.022727272727272728	0.0	0.022727272727272728	0.0	0.0	0.0	0.0	0.0	0.0	4
Porphyromonas_gingivalis_W83	0	0	0	0	0	0	0	0	0	0	0	0	0	0	0	0	0	0	0	0	0	0	0	0	0	0	0	0	0	0	0	0	0	0	0	0	0	0	0	0	0
Rickettsia_africae	0	0	0	0	0	0	0	0	0	0	0	0	0	0	0	0	0	0	0	0	0	0	0	0	0	0	0	0	0	0	0	0	0	0	0	0	0	0	0	0	0
Rickettsia_akari	0	0	0	0	0	0	0	0	0	0	0	0	0	0	0	0	0	0	0	0	0	0	0	0	0	0	0	0	0	0	0	0	0	0	0	0	0	0	0	0	0
Rickettsia_conorii	0	0	0	0	0	0	0	0	0	0	0	0	0	0	0	0	0	0	0	0	0	0	0	0	0	0	0	0	0	0	0	0	0	0	0	0	0	0	0	0	0
Rickettsia_felis	0	0	0	0	0	0	0	0	0	0	0	0	0	0	0	0	0	0	0	0	0	0	0	0	0	0	0	0	0	0	0	0	0	0	0	0	0	0	0	0	0
Rickettsia_japonica	0	0	0	0	0	0	0	0	0	0	0	0	0	0	0	0	0	0	0	0	0	0	0	0	0	0	0	0	0	0	0	0	0	0	0	0	0	0	0	0	0
Rickettsia_prowazekii	0	0	0	0	0	0	0	0	0	0	0	0	0	0	0	0	0	0	0	0	0	0	0	0	0	0	0	0	0	0	0	0	0	0	0	0	0	0	0	0	0
Rickettsia_rickettsii	0	0	0	0	0	0	0	0	0	0	0	0	0	0	0	0	0	0	0	0	0	0	0	0	0	0	0	0	0	0	0	0	0	0	0	0	0	0	0	0	0
Rickettsia_sibirica	0	0	0	0	0	0	0	0	0	0	0	0	0	0	0	0	0	0	0	0	0	0	0	0	0	0	0	0	0	0	0	0	0	0	0	0	0	0	0	0	0
Rickettsia_typhi	0	0	0	0	0	0	0	0	0	0	0	0	0	0	0	0	0	0	0	0	0	0	0	0	0	0	0	0	0	0	0	0	0	0	0	0	0	0	0	0	0
Salmonella_enterica	0	0	0	0	0	0	0	0	0	0	0	0	0	0	0	0	0	0	0	0	0	0	0	0	0	0	0	0	0	0	0	0	0	0	0	0	0	0	0	0	0
Salmonella_enterica_subsp._VII	0	0	0	0	0	0	0	0	0	0	0	0	0	0	0	0	0	0	0	0	0	0	0	0	0	0	0	0	0	0	0	0	0	0	0	0	0	0	0	0	0
Salmonella_enterica_subsp._diarizonae	0	0	0	0	0	0	0	0	0	0	0	0	0	0	0	0	0	0	0	0	0	0	0	0	0	0	0	0	0	0	0	0	0	0	0	0	0	0	0	0	0
Salmonella_enterica_subsp._enterica	0.5	0.3333333333333333	0	0	0	0	0	0	0	0	0	0	0	0	0	0.6666666666666666	0	0	1.0	0	0.022727272727272728	0.022727272727272728	0.022727272727272728	0.045454545454545456	0.0	0.0	0.0	0.0	0.06818181818181818	0.022727272727272728	0.0	0.0	0.0	0.022727272727272728	0.022727272727272728	0.056818181818181816	0.022727272727272728	0.0	0.03409090909090909	0.022727272727272728	8
Salmonella_enterica_subsp._enterica_serovar_Choleraesuis	0	0	0	0	0	0	0	0	0	0	0	0	0	0	0	0	0	0	0	0	0	0	0	0	0	0	0	0	0	0	0	0	0	0	0	0	0	0	0	0	0
Salmonella_enterica_subsp._enterica_serovar_Derby	0	0	0	0	0	0	0	0	0	0	0	0	0	0	0	0	0	0	0	0	0	0	0	0	0	0	0	0	0	0	0	0	0	0	0	0	0	0	0	0	0
Salmonella_enterica_subsp._enterica_serovar_India_str._SA20085604	0	0	0	0	0	0	0	0	0	0	0	0	0	0	0	0	0	0	0	0	0	0	0	0	0	0	0	0	0	0	0	0	0	0	0	0	0	0	0	0	0
Salmonella_enterica_subsp._enterica_serovar_Reading	0	0	0	0	1.0	0	0	0	0	0	0	0	0	0	0	0	0	0	0	0	0.0	0.0	0.0	0.0	0.09090909090909091	0.0	0.0	0.0	0.0	0.0	0.045454545454545456	0.045454545454545456	0.0	0.0	0.0	0.0	0.0	0.0	0.045454545454545456	0.045454545454545456	2
Salmonella_enterica_subsp._enterica_serovar_Senftenberg	0	0	0	0	0	0	0	0	0	0	0	0	0	0	0	0	0	0	0	0	0	0	0	0	0	0	0	0	0	0	0	0	0	0	0	0	0	0	0	0	0
Salmonella_enterica_subsp._enterica_serovar_Typhi	0	0	0	0	0	0	0	0	0	0	0	0	0	0	0	0	0	0	0	0	0	0	0	0	0	0	0	0	0	0	0	0	0	0	0	0	0	0	0	0	0
Salmonella_enterica_subsp._enterica_serovar_Typhimurium	0	0	0	0	0	0	0	0	0	0	0	0	0	0	0	0	0	0	0	0	0	0	0	0	0	0	0	0	0	0	0	0	0	0	0	0	0	0	0	0	0
Sheeppox_virus	0	0	0	0	0	0	0	0	0	0	0	0	0	0	0	0	0	0	0	0	0	0	0	0	0	0	0	0	0	0	0	0	0	0	0	0	0	0	0	0	0
Shigella_boydii	0	0	0	0	0	0	0	0	0	0	0	0	0	0	0	0	0	0	0	0	0	0	0	0	0	0	0	0	0	0	0	0	0	0	0	0	0	0	0	0	0
Shigella_dysenteriae	0	0	0	0	0	0	0	0	0	0	0	0	0	0	0	0	0	0	0	0	0	0	0	0	0	0	0	0	0	0	0	0	0	0	0	0	0	0	0	0	0
Shigella_flexneri	0	0	0	0	0	0	0	0	0	0	0	0	0	0	0	0	0	0	0	0	0	0	0	0	0	0	0	0	0	0	0	0	0	0	0	0	0	0	0	0	0
Shigella_sonnei	0	0	0	0	0	0	0	0	0	0	0	0	0	0	0	0	0	0	0	0	0	0	0	0	0	0	0	0	0	0	0	0	0	0	0	0	0	0	0	0	0
Simian_virus_12	0	0	0	0	0	0	0	0	0	0	0	0	0	0	0	0	0	0	0	0	0	0	0	0	0	0	0	0	0	0	0	0	0	0	0	0	0	0	0	0	0
Staphylococcus_aureus	0	0	0	0	0	0	0	0	0	0	0	0	0	0	0	0	0	1.0	0	0	0.0	0.0	0.0	0.0	0.0	0.0	0.0	0.0	0.0	0.0	0.0	0.0	0.0	0.0	0.0	0.0	0.0	0.045454545454545456	0.0	0.0	2
Staphylococcus_aureus_subsp._aureus_6850	0	0	0	0	0	0	0	0	0	0	0	0	0	0	0	0	0	0	0	0	0	0	0	0	0	0	0	0	0	0	0	0	0	0	0	0	0	0	0	0	0
Staphylococcus_aureus_subsp._aureus_TCH60	0	0	0	0	0	0	0	0	0	0	0	0	0	0	0	0	0	0	0	0	0	0	0	0	0	0	0	0	0	0	0	0	0	0	0	0	0	0	0	0	0
Staphylococcus_cohnii	0	0	0	0	0	0	0	0	0	0	0	0	0	0	0	0	0	0	0	0	0.0	0.09090909090909091	0.0	0.0	0.0	0.0	0.0	0.0	0.0	0.0	0.0	0.0	0.0	0.0	0.0	0.0	0.0	0.0	0.09090909090909091	0.0	1
Staphylococcus_epidermidis	0	0	0	0	0	0	0	0	0	0	0	0	0	0	0	0	0	0	0	0	0	0	0	0	0	0	0	0	0	0	0	0	0	0	0	0	0	0	0	0	0
Staphylococcus_epidermidis_PM221	0	0	0	0	0	0	0	0	0	0	0	0	0	0	0	0	0	0	0	0	0	0	0	0	0	0	0	0	0	0	0	0	0	0	0	0	0	0	0	0	0
Staphylococcus_equorum	0	0	0	0	0	0	0	0	0	0	0	0	0	0	0	0	0	0	0	0	0	0	0	0	0	0	0	0	0	0	0	0	0	0	0	0	0	0	0	0	0
Staphylococcus_hominis	0	0	0	0	0	0	0	0	0	0	0	0	0	0	0	0	0	0	0	0	0	0	0	0	0	0	0	0	0	0	0	0	0	0	0	0	0	0	0	0	0
Staphylococcus_hominis_subsp._hominis	0	0	0	0	0	0	0	0	0	0	0	0	0	0	0	0	0	0	0	0	0	0	0	0	0	0	0	0	0	0	0	0	0	0	0	0	0	0	0	0	0
Staphylococcus_nepalensis	0	0	0	0	0	0	0	0	0	0	0	0	0	0	0	0	0	0	0	0	0	0	0	0	0	0	0	0	0	0	0	0	0	0	0	0	0	0	0	0	0
Staphylococcus_saprophyticus	0	0	0	0	0	0	0	0	0	0	0	0	0	0	0	0	0	0	0	0	0	0	0	0	0	0	0	0	0	0	0	0	0	0	0	0	0	0	0	0	0
Staphylococcus_simulans	0	0	0	0	0	0	0	0	0	0	0	0	0	0	0	0	0	0	0	0	0	0	0	0	0	0	0	0	0	0	0	0	0	0	0	0	0	0	0	0	0
Staphylococcus_succinus	0	0	0	0	0	0	0	0	0	0	0	0	0	0	0	0	0	0	0	0	0	0	0	0	0	0	0	0	0	0	0	0	0	0	0	0	0	0	0	0	0
Streptococcus_agalactiae	0	0	0	0	0	0	0	0	0	0	0	0	0	0	0	0	0	0	0	0	0	0	0	0	0	0	0	0	0	0	0	0	0	0	0	0	0	0	0	0	0
Streptococcus_anginosus	0	0	0	0	0	0	0	0	0	0	0	0	0	0	0	0	0	0	0	0	0	0	0	0	0	0	0	0	0	0	0	0	0	0	0	0	0	0	0	0	0
Streptococcus_canis	0	0	0	0	0	0	0	0	0	0	0	0	0	0	0	0	0	0	0	0	0	0	0	0	0	0	0	0	0	0	0	0	0	0	0	0	0	0	0	0	0
Streptococcus_cristatus	0	0	0	0	0	0	0	0	0	0	0	0	0	0	0	0	0	0	0	0	0	0	0	0	0	0	0	0	0	0	0	0	0	0	0	0	0	0	0	0	0
Streptococcus_dysgalactiae	0	0	0	0	0	0	0	0	0	0	0	0	1.0	0	0	0	0	0.5	0	0	0.0	0.0	0.0	0.0	0.0	0.0	0.09090909090909091	0.0	0.0	0.0	0.0	0.0	0.045454545454545456	0.0	0.045454545454545456	0.0	0.0	0.045454545454545456	0.045454545454545456	0.0	2
Streptococcus_equi	0	0	0	0	0	0	0	0	0	0	0	0	0	0	0	0	0	0	0	0	0	0	0	0	0	0	0	0	0	0	0	0	0	0	0	0	0	0	0	0	0
Streptococcus_equi_subsp._zooepidemicus	0	0	0	0	0	0	0	0	0	0	0	0	0	0	0	0	0	0	0	0	0	0	0	0	0	0	0	0	0	0	0	0	0	0	0	0	0	0	0	0	0
Streptococcus_gallolyticus	0	0	0	0	0	0	0	0	0	0	0	0	0	0	0	0	0	0	0	0	0	0	0	0	0	0	0	0	0	0	0	0	0	0	0	0	0	0	0	0	0
Streptococcus_gordonii	0	0	0	0	0	0	0	0	0	0	0	0	0	0	0	0	0	0	0	0	0	0	0	0	0	0	0	0	0	0	0	0	0	0	0	0	0	0	0	0	0
Streptococcus_gordonii_str._Challis_substr._CH1	0	0	0	0	0	0	0	0	0	0	0	0	0	0	0	0	0	0	0	0	0	0	0	0	0	0	0	0	0	0	0	0	0	0	0	0	0	0	0	0	0
Streptococcus_intermedius	0	0	0	0	0	0	0	0	0	0	0	0	0	0	0	0	0	0	0	0	0	0	0	0	0	0	0	0	0	0	0	0	0	0	0	0	0	0	0	0	0
Streptococcus_lutetiensis	0	0	0	0	0	0	0	0	0	0	0	0	0	0	0	0	0	0	0	0	0	0	0	0	0	0	0	0	0	0	0	0	0	0	0	0	0	0	0	0	0
Streptococcus_milleri	0	0	0	0	0	0	0	0	0	0	0	0	0	0	0	0	0	0	0	0	0	0	0	0	0	0	0	0	0	0	0	0	0	0	0	0	0	0	0	0	0
Streptococcus_mitis	0	0	0	0	0	0	0	0	0	0	0	0	0	0	0	0	0	0	0	0	0.0	0.0	0.0	0.0	0.0	0.0	0.0	0.0	0.09090909090909091	0.0	0.0	0.0	0.0	0.0	0.0	0.0	0.0	0.0	0.0	0.0	1
Streptococcus_mutans	0	0	0	0	0	0	0	0	0	0	0	0	0	0	0	0	0	0	0	0	0	0	0	0	0	0	0	0	0	0	0	0	0	0	0	0	0	0	0	0	0
Streptococcus_mutans_UA159	0	0	0	0	0	0	0	0	0	0	0	0	0	0	0	0	0	0	0	0	0	0	0	0	0	0	0	0	0	0	0	0	0	0	0	0	0	0	0	0	0
Streptococcus_oralis	0	1.0	0	0	0	0	0	0	0	0	0	0	0	0	0	0	0	0	0	0	0.0	0.09090909090909091	0.0	0.0	0.0	0.09090909090909091	0.0	0.0	0.0	0.0	0.09090909090909091	0.045454545454545456	0.045454545454545456	0.0	0.0	0.0	0.09090909090909091	0.0	0.0	0.0	2
Streptococcus_parauberis	0	0	0	0	0	0	0	0	0	0	0	0	0	0	0	0	0	0	0	0	0	0	0	0	0	0	0	0	0	0	0	0	0	0	0	0	0	0	0	0	0
Streptococcus_parauberis_NCFD_2020	0	0	0	0.5	0	0	0	0	0	0	0	0	0	0	0	0	0.5	0	0	0	0.030303030303030304	0.030303030303030304	0.0	0.06060606060606061	0.06060606060606061	0.0	0.030303030303030304	0.0	0.0	0.030303030303030304	0.0	0.0	0.0	0.0	0.0	0.0	0.030303030303030304	0.030303030303030304	0.0	0.0	3
Streptococcus_pneumoniae	0	0	0	0	0	0	0	0	0	0	0	0	0	0	0	0	0	0	0	0	0	0	0	0	0	0	0	0	0	0	0	0	0	0	0	0	0	0	0	0	0
Streptococcus_pyogenes	0	0	0	0	0	0	0	0	0	0	0	0	0	0	0	0	0	0	0	0	0.0	0.0	0.0	0.0	0.0	0.0	0.0	0.0	0.0	0.0	0.0	0.0	0.0	0.0	0.0	0.0	0.0	0.0	0.0	0.0	1
Streptococcus_salivarius	0	0	0	0	1.0	0	0	0	0	0	0	0	1.0	0	0	0	0	0	0	0	0.0	0.0	0.0	0.09090909090909091	0.09090909090909091	0.0	0.0	0.0	0.0	0.09090909090909091	0.06818181818181818	0.0	0.06818181818181818	0.0	0.0	0.0	0.06818181818181818	0.0	0.06818181818181818	0.0	4
Streptococcus_sanguinis	0	0	0	0	0	0	0	0	0	0	0	0	0	0	0	0	0	0	0	0	0	0	0	0	0	0	0	0	0	0	0	0	0	0	0	0	0	0	0	0	0
Streptococcus_sanguinis_SK36	0	0	0	0	0	0	0	0	0	0	0	0	0	0	0	0	0	0	0	0	0	0	0	0	0	0	0	0	0	0	0	0	0	0	0	0	0	0	0	0	0
Streptococcus_sp._HSISM1	0	0	0	0	0	0	0	0	0	0	0	0	0	0	0	0	0	0	0	0	0	0	0	0	0	0	0	0	0	0	0	0	0	0	0	0	0	0	0	0	0
Streptococcus_suis	0	0	0	0	0	0	0	0	0	0	0	0	0	0	0	0	0	0	0	0	0	0	0	0	0	0	0	0	0	0	0	0	0	0	0	0	0	0	0	0	0
Streptococcus_suis_YB51	0	0	0	0	0	0	0	0	0	0	0	0	0	0	0	0	0	0	0	0	0	0	0	0	0	0	0	0	0	0	0	0	0	0	0	0	0	0	0	0	0
Streptococcus_thermophilus	0	0	0	0	0	0	0	0	0	0	0	0	0	0	0	0	0	0	0	0	0	0	0	0	0	0	0	0	0	0	0	0	0	0	0	0	0	0	0	0	0
Tannerella_forsythia	0	0	0	0	0	0	0	0	0	0	0	0	0	0	0	0	0	0	0	0	0	0	0	0	0	0	0	0	0	0	0	0	0	0	0	0	0	0	0	0	0
Tannerella_forsythia_92A2	0	0	0	0	0	0	0	0	0	0	0	0	0	0	0	0	0	0	0	0	0	0	0	0	0	0	0	0	0	0	0	0	0	0	0	0	0	0	0	0	0
Tannerella_forsythia_KS16	0	0	0	0	0	0	0	0	0	0	0	0	0	0	0	0	0	0	0	0	0	0	0	0	0	0	0	0	0	0	0	0	0	0	0	0	0	0	0	0	0
Treponema	0	0	0	0	1.0	0	0	0	0	0	0	0	0	0	0	1.0	0	0	0	0	0.0	0.0	0.030303030303030304	0.0	0.06060606060606061	0.030303030303030304	0.0	0.0	0.0	0.0	0.0	0.0	0.030303030303030304	0.030303030303030304	0.030303030303030304	0.030303030303030304	0.030303030303030304	0.0	0.0	0.0	3
Treponema_azotonutricium_ZAS-9	0	0	0	1.0	0	0	0	0	0	0	0	0	0	0	0	0	0	0	1.0	0	0.045454545454545456	0.045454545454545456	0.0	0.045454545454545456	0.0	0.0	0.045454545454545456	0.045454545454545456	0.045454545454545456	0.045454545454545456	0.022727272727272728	0.0	0.0	0.0	0.0	0.0	0.0	0.0	0.06818181818181818	0.0	4
Treponema_brennaborense_DSM_12168	0	0	0	0	0	0	0	0	0	0	0	0	0	0	0	0	0	0	0	0	0	0	0	0	0	0	0	0	0	0	0	0	0	0	0	0	0	0	0	0	0
Treponema_caldarium_DSM_7334	0	0	0	0	0	0	0	0	0	0	0	0	0	0	0	0	0	0	0	0	0	0	0	0	0	0	0	0	0	0	0	0	0	0	0	0	0	0	0	0	0
Treponema_denticola	0	0	0	0	0	0	0	0	0	0	0	0	0	0	0	0	0	0	0	0	0	0	0	0	0	0	0	0	0	0	0	0	0	0	0	0	0	0	0	0	0
Treponema_denticola_ATCC_35405	0	0	0	0	0	0	0	0	0	0	0	0	0	0	0	0	0	0	0	0	0	0	0	0	0	0	0	0	0	0	0	0	0	0	0	0	0	0	0	0	0
Treponema_pallidum	0	0	0	0	0	0	0	0	0	0	0	0	0	0	0	0	0	0	0	0	0	0	0	0	0	0	0	0	0	0	0	0	0	0	0	0	0	0	0	0	0
Treponema_pallidum_subsp._pallidum	0	0	0	0	0	0	0	0	0	0	0	0	0	0	0	0	0	0	0	0	0	0	0	0	0	0	0	0	0	0	0	0	0	0	0	0	0	0	0	0	0
Treponema_pallidum_subsp._pertenue	0	0	0	0	0	0	0	0	0	0	0	0	0	0	0	0	0	0	0	0	0	0	0	0	0	0	0	0	0	0	0	0	0	0	0	0	0	0	0	0	0
Treponema_phagedenis	0	0	0	0	0	0	0	0	0	0	0	0	0	0	0	0	0	0	0	0	0	0	0	0	0	0	0	0	0	0	0	0	0	0	0	0	0	0	0	0	0
Treponema_primitia_ZAS-2	1.0	0	0	0	0	0	0	0	0	0	0	0	0	0	0	0	0	0	0	0	0.09090909090909091	0.0	0.0	0.0	0.0	0.0	0.0	0.0	0.0	0.0	0.0	0.0	0.0	0.0	0.0	0.0	0.0	0.0	0.0	0.0	1
Treponema_socranskii_subsp._buccale	0	0	0	0	0	0	0	0	0	0	0	0	0	0	0	0	0	0	0	0	0	0	0	0	0	0	0	0	0	0	0	0	0	0	0	0	0	0	0	0	0
Treponema_sp._OMZ_838	0	0	0	0	0	0	0	0	0	0	0	0	0	0	0	0	0	0	0	0	0	0	0	0	0	0	0	0	0	0	0	0	0	0	0	0	0	0	0	0	0
Treponema_succinifaciens_DSM_2489	0	1.0	0	0	0	0	0	0	0	0	0	0	0	0	0	0	0	0	0	0	0.0	0.09090909090909091	0.09090909090909091	0.0	0.0	0.0	0.0	0.0	0.0	0.0	0.09090909090909091	0.0	0.0	0.0	0.0	0.0	0.09090909090909091	0.0	0.0	0.0	1
Treponema_vincentii	0	0	0	0	0	0	0	0	0	0	0	0	0	0	0	0	0	0	0	0	0	0	0	0	0	0	0	0	0	0	0	0	0	0	0	0	0	0	0	0	0
Veillonella_parvula	0	0	0	0	0	0	0	0	0	0	0	0	0	0	0	0	0	0	0	0	0	0	0	0	0	0	0	0	0	0	0	0	0	0	0	0	0	0	0	0	0
Vesicular_stomatitis_Indiana_virus	0	0	0	0	0	0	0	0	0	0	0	0	0	0	0	0	0	0	0	0	0	0	0	0	0	0	0	0	0	0	0	0	0	0	0	0	0	0	0	0	0
Vibrio_anguillarum	0	0	0	0	0	0	0	0	0	0	0	0	0	0	0	0	0	0	0	0	0	0	0	0	0	0	0	0	0	0	0	0	0	0	0	0	0	0	0	0	0
Vibrio_anguillarum_775	0	0	0	0	0	0	0	0	0	0	0	0	0	0	0	0	0	0	0	0	0	0	0	0	0	0	0	0	0	0	0	0	0	0	0	0	0	0	0	0	0
Vibrio_cholerae	0	0	0	0	0	0	0	0	0	0	0	0	0	0	0	0	0	0	0	0	0	0	0	0	0	0	0	0	0	0	0	0	0	0	0	0	0	0	0	0	0
Vibrio_cholerae_O1_biovar_El_Tor	0	0	0	0	0	0	0	0	0	0	0	0	0	0	0	0	0	0	0	0	0	0	0	0	0	0	0	0	0	0	0	0	0	0	0	0	0	0	0	0	0
Vibrio_cholerae_O395	0	0	0	0	0	0	0	0	0	0	0	0	0	0	0	0	0	0	0	0	0	0	0	0	0	0	0	0	0	0	0	0	0	0	0	0	0	0	0	0	0
Vibrio_furnissii	0	0.5	0	0	0	0	0	0	0	0	0	0	0	0	0	0	0	1.0	0	0.3333333333333333	0.030303030303030304	0.06060606060606061	0.030303030303030304	0.030303030303030304	0.0	0.0	0.0	0.0	0.0	0.0	0.030303030303030304	0.0	0.0	0.0	0.0	0.0	0.0	0.030303030303030304	0.0	0.030303030303030304	3
Vibrio_furnissii_NCTC_11218	0	0	0	0	0	0	0	0	0	0	0	0	0	0	0	0	0	0	0	0	0	0	0	0	0	0	0	0	0	0	0	0	0	0	0	0	0	0	0	0	0
Vibrio_parahaemolyticus	1.0	0	0	0	0	0	0	0	0	0	0	0	0	0	0	0	0	0	0	0	0.09090909090909091	0.0	0.0	0.0	0.09090909090909091	0.0	0.0	0.09090909090909091	0.0	0.0	0.0	0.0	0.0	0.09090909090909091	0.0	0.0	0.09090909090909091	0.0	0.09090909090909091	0.0	1
Vibrio_parahaemolyticus_UCM-V493	0	0	0	0	0	0	0	0	0	0	0	0	0	0	0	0	0	0	0	0	0	0	0	0	0	0	0	0	0	0	0	0	0	0	0	0	0	0	0	0	0
Vibrio_splendidus	0	0	0	0	0	0	0	0	0	0	0	0	0	0	0	0	0	0	0	0	0	0	0	0	0	0	0	0	0	0	0	0	0	0	0	0	0	0	0	0	0
Vibrio_vulnificus	0	0	0	0	0	0	0	0	0	0	0	0	0	0	0	0	0	0	0	0	0	0	0	0	0	0	0	0	0	0	0	0	0	0	0	0	0	0	0	0	0
Vibrio_vulnificus_Env1	0	0	0	0	0	0	0	0	0	0	0	0	0	0	0	0	0	0	0	0.875	0.09090909090909091	0.0	0.0	0.09090909090909091	0.09090909090909091	0.0	0.0	0.0	0.09090909090909091	0.0	0.0	0.011363636363636364	0.011363636363636364	0.0	0.011363636363636364	0.0	0.0	0.011363636363636364	0.0	0.07954545454545454	8
Vibrio_vulnificus_NBRC_15645_=_ATCC_27562	0	0	1.0	0	0	0	0	0	0	0	0	0	0	0	0	0	0	0	0	0	0.0	0.0	0.09090909090909091	0.09090909090909091	0.0	0.0	0.0	0.0	0.0	0.0	0.0	0.0	0.0	0.09090909090909091	0.0	0.0	0.0	0.0	0.0	0.0	1
Vibrio_vulnificus_YJ016	0	0	0	0	0	0	0	0	0	0	0	0	0	0	0	0	0	0	0	0	0	0	0	0	0	0	0	0	0	0	0	0	0	0	0	0	0	0	0	0	0
Yersinia_aldovae	0	0	0	0	0	0	0	0	0	0	0	0	0	0	0	0	0	0	0	0	0	0	0	0	0	0	0	0	0	0	0	0	0	0	0	0	0	0	0	0	0
Yersinia_aldovae_670-83	0	0	0	0	0	0	0	0	0	0	0	0	0	0	0	0	0	0	0	0	0	0	0	0	0	0	0	0	0	0	0	0	0	0	0	0	0	0	0	0	0
Yersinia_aleksiciae	0	0	0	0	0	0	0	0	0	0	0	0	0	0	0	0	0	0	0	0	0	0	0	0	0	0	0	0	0	0	0	0	0	0	0	0	0	0	0	0	0
Yersinia_enterocolitica	0	0	0	0	0	0	0	0	0	0	0	0	0	0	0	0	0	0	0	0	0	0	0	0	0	0	0	0	0	0	0	0	0	0	0	0	0	0	0	0	0
Yersinia_enterocolitica_(type_O:5)_str._YE53/03	0	0	0	0	0	0	0	0	0	0	0	0	0	0	0	0	0	0	0	0	0	0	0	0	0	0	0	0	0	0	0	0	0	0	0	0	0	0	0	0	0
Yersinia_enterocolitica_subsp._enterocolitica	0	0	0	0	0	0	0	0	0	0	0	0	0	0	0	0	0	0	0	0	0	0	0	0	0	0	0	0	0	0	0	0	0	0	0	0	0	0	0	0	0
Yersinia_intermedia	0	0	0	0	0	0	0	0	0	0	0	0	0	0	0	0	0	0	0	0	0	0	0	0	0	0	0	0	0	0	0	0	0	0	0	0	0	0	0	0	0
Yersinia_pestis	0	0	0	0	0	0	0	0	0	0	0	0	0	0	0	0	0	0	0	0	0	0	0	0	0	0	0	0	0	0	0	0	0	0	0	0	0	0	0	0	0
Yersinia_pestis_CO92	0	0	0	0	0	0	0	0	0	0	0	0	0	0	0	0	0	0	0	0	0	0	0	0	0	0	0	0	0	0	0	0	0	0	0	0	0	0	0	0	0
Yersinia_pseudotuberculosis	0	0	0	0	0	0	0	0	0	0	0	0	0	0	0	0	0	0	0	0	0	0	0	0	0	0	0	0	0	0	0	0	0	0	0	0	0	0	0	0	0
Yersinia_pseudotuberculosis_complex	0	1.0	0	0	0	0	0	0	0	0	0	0	0	0	0	0	0	0	0	0	0.0	0.09090909090909091	0.09090909090909091	0.0	0.0	0.0	0.0	0.0	0.0	0.0	0.0	0.0	0.0	0.0	0.0	0.0	0.08181818181818182	0.0	0.0	0.0	10
Yersinia_rohdei	0	0	0	0	0	0	0	0	0	0	0	0	0	0	0	0	0	0	0	0	0	0	0	0	0	0	0	0	0	0	0	0	0	0	0	0	0	0	0	0	0
Yersinia_ruckeri	0	0	0	0	0	0	0	0	0	0	0	0	0	0	0	0	0	0	0	0	0	0	0	0	0	0	0	0	0	0	0	0	0	0	0	0	0	0	0	0	0
Yersinia_similis	0	0	0	0	0	0	0	0	0	0	0	0	0	0	0	0	0	0	0	0	0	0	0	0	0	0	0	0	0	0	0	0	0	0	0	0	0	0	0	0	0
