Node	C>T_1	C>T_2	C>T_3	C>T_4	C>T_5	C>T_6	C>T_7	C>T_8	C>T_9	C>T_10	G>A_11	G>A_12	G>A_13	G>A_14	G>A_15	G>A_16	G>A_17	G>A_18	G>A_19	G>A_20	D>V(11Substitution)_1	D>V(11Substitution)_2	D>V(11Substitution)_3	D>V(11Substitution)_4	D>V(11Substitution)_5	D>V(11Substitution)_6	D>V(11Substitution)_7	D>V(11Substitution)_8	D>V(11Substitution)_9	D>V(11Substitution)_10	H>B(11Substitution)_11	H>B(11Substitution)_12	H>B(11Substitution)_13	H>B(11Substitution)_14	H>B(11Substitution)_15	H>B(11Substitution)_16	H>B(11Substitution)_17	H>B(11Substitution)_18	H>B(11Substitution)_19	H>B(11Substitution)_20	considered_Matches
Actinobacillus_equuli	0.4	0.5833333333333334	0.08333333333333333	0.08333333333333333	0.4444444444444444	0.3333333333333333	0.1111111111111111	0.06666666666666667	0.25	0	0	0.2	0.09090909090909091	0.16666666666666666	0	0.125	0.25	0.2222222222222222	0.2727272727272727	0.4444444444444444	0.013223140495867768	0.01487603305785124	0.006611570247933884	0.008264462809917356	0.013223140495867768	0.01983471074380165	0.001652892561983471	0.009917355371900825	0.01652892561983471	0.003305785123966942	0.003305785123966942	0.011570247933884297	0.004958677685950413	0.011570247933884297	0.009917355371900825	0.008264462809917356	0.004958677685950413	0.01487603305785124	0.011570247933884297	0.011570247933884297	55
Actinobacillus_pleuropneumoniae	0.38823529411764707	0.6756756756756757	0.26666666666666666	0.12	0.03571428571428571	0.06097560975609756	0.020833333333333332	0.01818181818181818	0.02727272727272727	0	0.043478260869565216	0.013333333333333334	0.17105263157894737	0.38636363636363635	0.10714285714285714	0.14285714285714285	0.14516129032258066	0.08108108108108109	0.3333333333333333	0.3188405797101449	0.015902464882056717	0.0198780811025709	0.0071561091969255235	0.0066260270341903	0.0066260270341903	0.0071561091969255235	0.0066260270341903	0.01086668433607209	0.0071561091969255235	0.0034455340577789558	0.008481314603763583	0.011926848661542538	0.009806520010601644	0.02040816326530612	0.015637423800689106	0.009541478929234033	0.007951232441028359	0.0074211502782931356	0.0066260270341903	0.010071561091969255	343
Actinobacillus_pleuropneumoniae_serovar_4_str._M62	0	0.5	0.5	0	0	0	0	0.0625	0	0.5	0	0	0	0	0.3333333333333333	0.375	0.5555555555555556	0	0.42857142857142855	0.16666666666666666	0.0	0.017786561264822136	0.015810276679841896	0.0	0.0	0.003952569169960474	0.003952569169960474	0.011857707509881422	0.009881422924901186	0.01383399209486166	0.003952569169960474	0.015810276679841896	0.007905138339920948	0.005928853754940711	0.003952569169960474	0.017786561264822136	0.015810276679841896	0.003952569169960474	0.015810276679841896	0.009881422924901186	46
Actinobacillus_pleuropneumoniae_serovar_6_str._Femo	0.6666666666666666	0.5	0.7	0	0.05555555555555555	0.0625	0	0.09090909090909091	0	0.25925925925925924	0.058823529411764705	0	0.35714285714285715	0	0	0.2	0	0.3125	0.36	0.2	0.025191675794085433	0.01533406352683461	0.018619934282584884	0.008762322015334063	0.007667031763417305	0.009857612267250822	0.0032858707557502738	0.004381161007667032	0.0065717415115005475	0.012048192771084338	0.001095290251916758	0.013143483023001095	0.00547645125958379	0.0065717415115005475	0.0032858707557502738	0.009857612267250822	0.01095290251916758	0.02190580503833516	0.016429353778751366	0.01533406352683461	83
Actinobacillus_pleuropneumoniae_serovar_9_str._CVJ13261	0.25	0	0	1.0	0	0.05263157894736842	0	0	0	0	0	0.08333333333333333	0.19047619047619047	0.16666666666666666	0	0	0	0.5	0.5454545454545454	0.14285714285714285	0.011188811188811189	0.004195804195804196	0.013986013986013986	0.025174825174825177	0.0	0.008391608391608392	0.011188811188811189	0.005594405594405594	0.00979020979020979	0.00979020979020979	0.008391608391608392	0.0013986013986013986	0.033566433566433566	0.013986013986013986	0.011188811188811189	0.016783216783216783	0.006993006993006993	0.011188811188811189	0.008391608391608392	0.011188811188811189	65
African_swine_fever_virus	0	0	0	0	0	0	0	0	0	0	0	0	0	0	0	0	0	0	0	0	0	0	0	0	0	0	0	0	0	0	0	0	0	0	0	0	0	0	0	0	0
Aphthovirus	0	0	0	0	0	0	0	0	0	0	0	0	0	0	0	0	0	0	0	0	0	0	0	0	0	0	0	0	0	0	0	0	0	0	0	0	0	0	0	0	0
Arcanobacterium_haemolyticum	0	0	0	0	0	0	0	0	0	0	0	0	0	0	0	0	0	0	0	0	0.09090909090909091	0.09090909090909091	0.0	0.0	0.0	0.0	0.0	0.0	0.0	0.0	0.0	0.0	0.09090909090909091	0.0	0.0	0.0	0.0	0.0	0.0	0.0	1
Aspergillus_fumigatus	0	0	0	0	0	0	0	0	0	0	0	0	0	0	0	0	0	0	0	0	0	0	0	0	0	0	0	0	0	0	0	0	0	0	0	0	0	0	0	0	0
Bartonella_bacilliformis	0	0	0	0	0	0	0	0	0	0	0	0	0	0	0	0	0	0	0	0	0	0	0	0	0	0	0	0	0	0	0	0	0	0	0	0	0	0	0	0	0
Bartonella_henselae	0	0	0	0	0	0	0	0	0	0	0	0	0	0	0	0	0	0	0	0	0.0	0.0	0.0	0.0	0.0	0.09090909090909091	0.0	0.0	0.0	0.0	0.045454545454545456	0.0	0.0	0.0	0.045454545454545456	0.0	0.0	0.0	0.0	0.045454545454545456	2
Bartonella_quintana	0	0	0	0	0	0	0	0	0	0	0	0	0	0	0	0	0	0	0	0	0	0	0	0	0	0	0	0	0	0	0	0	0	0	0	0	0	0	0	0	0
Blastomyces_dermatitidis	0	0	0	0	0	0	0	0	0	0	0	0	0	0	0	0	0	0	0	0	0	0	0	0	0	0	0	0	0	0	0	0	0	0	0	0	0	0	0	0	0
Bordetella_bronchialis	0	0	0	0.16666666666666666	0	0	0	0	0	0	0.25	0	0	0	0	0.5	0	0	0	0	0.006493506493506494	0.01948051948051948	0.032467532467532464	0.006493506493506494	0.012987012987012988	0.012987012987012988	0.012987012987012988	0.0	0.006493506493506494	0.006493506493506494	0.012987012987012988	0.0	0.01948051948051948	0.0	0.012987012987012988	0.01948051948051948	0.0	0.012987012987012988	0.006493506493506494	0.006493506493506494	14
Bordetella_bronchiseptica	0.2857142857142857	0	0	0	0.15384615384615385	0	0	0	0	0	0	0	0	0	0.6666666666666666	0	0	0.1111111111111111	0	0	0.009569377990430622	0.03349282296650718	0.004784688995215311	0.009569377990430622	0.009569377990430622	0.004784688995215311	0.019138755980861243	0.0	0.009569377990430622	0.009569377990430622	0.019138755980861243	0.0	0.019138755980861243	0.0	0.0430622009569378	0.03349282296650718	0.009569377990430622	0.014354066985645932	0.009569377990430622	0.0	19
Bordetella_genomosp._13	0.16666666666666666	0.3333333333333333	0	0	0	0	0	0.14285714285714285	0	0	0	0	0.125	0	0	0	0	0.25	0.25	0.25	0.01948051948051948	0.006493506493506494	0.025974025974025976	0.006493506493506494	0.006493506493506494	0.006493506493506494	0.006493506493506494	0.006493506493506494	0.0	0.0	0.0	0.006493506493506494	0.006493506493506494	0.006493506493506494	0.0	0.012987012987012988	0.0	0.006493506493506494	0.032467532467532464	0.012987012987012988	14
Bordetella_pertussis	0	0	0	0	0	0	0	0	0	0	0	0	0	0	0	0	0	0	0	0	0.0590909090909091	0.0	0.0	0.0	0.022727272727272728	0.0	0.004545454545454545	0.0	0.0	0.022727272727272728	0.0	0.00909090909090909	0.0	0.0	0.004545454545454545	0.01818181818181818	0.0	0.0	0.004545454545454545	0.0	20
Bordetella_pertussis_137	0	0	0	1.0	0	0	0	0	0	0	0	0	0	0	0	0	0	0	0	0	0.0	0.0	0.0	0.0469208211143695	0.0	0.0	0.0	0.0	0.0	0.0469208211143695	0.0439882697947214	0.0	0.0469208211143695	0.0	0.0	0.0	0.0	0.0	0.002932551319648094	0.002932551319648094	31
Bordetella_petrii	0	0	0	0	0	0	0	0	0	0	0	0	0	0	0.5	0	0	0	0	0	0.012987012987012988	0.012987012987012988	0.0	0.0	0.0	0.0	0.025974025974025976	0.012987012987012988	0.012987012987012988	0.0	0.0	0.0	0.0	0.0	0.012987012987012988	0.0	0.0	0.0	0.0	0.012987012987012988	7
Bordetella_trematum	0	0	0.25	0	0	0	0	0	0	0	0	0	0	0	0	0	0	0	0	0	0.012987012987012988	0.0	0.012987012987012988	0.0	0.0	0.025974025974025976	0.0	0.0	0.012987012987012988	0.0	0.025974025974025976	0.025974025974025976	0.0	0.0	0.0	0.0	0.0	0.012987012987012988	0.025974025974025976	0.0	7
Borrelia_crocidurae	0	0	0	0	0	0	0	0	0	0	0	0	0	0	0	0	0	0	0	0	0	0	0	0	0	0	0	0	0	0	0	0	0	0	0	0	0	0	0	0	0
Borrelia_recurrentis	0	0	0	0	0	0	0	0	0	0	0	0	0	0	0	0	0	0	0	0	0	0	0	0	0	0	0	0	0	0	0	0	0	0	0	0	0	0	0	0	0
Borreliella_afzelii	0	0	0	0	0	0	0	0	0	0	0	0	0	0	0	0	0	0	0	0	0	0	0	0	0	0	0	0	0	0	0	0	0	0	0	0	0	0	0	0	0
Borreliella_burgdorferi	0	0	0	0	0	0	0	0	0	0	0	0	0	0	0	0	0	0	0	0	0	0	0	0	0	0	0	0	0	0	0	0	0	0	0	0	0	0	0	0	0
Borreliella_garinii	0	0	0	0	0	0	0	0	0	0	0	0	0	0	0	0	0	0	0	0	0	0	0	0	0	0	0	0	0	0	0	0	0	0	0	0	0	0	0	0	0
Bovine_rhinitis_A_virus	0	0	0	0	0	0	0	0	0	0	0	0	0	0	0	0	0	0	0	0	0	0	0	0	0	0	0	0	0	0	0	0	0	0	0	0	0	0	0	0	0
Brucella_abortus	0	0	0	0	0	0	0	0	0	0	0	0	0	0	0	0	0	0	0	0	0	0	0	0	0	0	0	0	0	0	0	0	0	0	0	0	0	0	0	0	0
Brucella_canis	0	0	0	0	0	0	0	0	0	0	0	0	0	0	0	0	0	0	0	0	0	0	0	0	0	0	0	0	0	0	0	0	0	0	0	0	0	0	0	0	0
Brucella_melitensis	0	0	0	0	0	0	0	0	0	0	0	0	0	0	0	0	0	0	0	0	0	0	0	0	0	0	0	0	0	0	0	0	0	0	0	0	0	0	0	0	0
Brucella_microti	0	0	0	0	0	0	0	0	0	0	0	0	0	0	0	0	0	0	0	0	0	0	0	0	0	0	0	0	0	0	0	0	0	0	0	0	0	0	0	0	0
Brucella_ovis	0	0	0	0	0	0	0	0	0	0	0	0	0	0	0	0	0	0	0	0	0	0	0	0	0	0	0	0	0	0	0	0	0	0	0	0	0	0	0	0	0
Brucella_suis	0	0	0	0	0	0	0	0	0	0	0	0	0	0	0	0	0	0	0	0	0	0	0	0	0	0	0	0	0	0	0	0	0	0	0	0	0	0	0	0	0
Brucella_suis_bv._2	0	0	0	0	0	0	0	0	0	0	0	0	0	0	0	0	0	0	0	0	0.0	0.0	0.0	0.0	0.0	0.0	0.0	0.0	0.0	0.0	0.0	0.0	0.0	0.0	0.09090909090909091	0.0	0.0	0.0	0.0	0.0	1
Burkholderia_cepacia	0	0	0	0	0	0	0	0	0.4	0	0	0	0	0	0	0	0.16666666666666666	0	0	0.125	0.03977272727272727	0.005681818181818182	0.022727272727272728	0.011363636363636364	0.017045454545454544	0.017045454545454544	0.005681818181818182	0.011363636363636364	0.028409090909090908	0.005681818181818182	0.0	0.005681818181818182	0.011363636363636364	0.022727272727272728	0.011363636363636364	0.022727272727272728	0.011363636363636364	0.022727272727272728	0.005681818181818182	0.028409090909090908	16
Burkholderia_cepacia_ATCC_25416	1.0	0	0	0	0	0	0	0	0	0.16666666666666666	0	0	0	0	0	0	0	0	0	0	0.07954545454545454	0.0	0.011363636363636364	0.0	0.0	0.0	0.0	0.0	0.011363636363636364	0.011363636363636364	0.0	0.011363636363636364	0.011363636363636364	0.011363636363636364	0.011363636363636364	0.011363636363636364	0.0	0.0	0.011363636363636364	0.0	8
Burkholderia_cepacia_JBK9	0	0	0	0	0	0	0	0	0	0	0	0	0	0	0	0	0	0	0	0	0.0	0.0	0.030303030303030304	0.030303030303030304	0.0	0.0	0.030303030303030304	0.0	0.0	0.0	0.0	0.0	0.0	0.0	0.030303030303030304	0.0	0.030303030303030304	0.0	0.0	0.0	3
Burkholderia_gladioli	0.3076923076923077	0	0	0	0	0	0	0	0	0	0	0	0	0	0	0	0	0	0	0	0.011363636363636364	0.005050505050505051	0.010101010101010102	0.010101010101010102	0.005050505050505051	0.007575757575757575	0.016414141414141416	0.0	0.0	0.007575757575757575	0.005050505050505051	0.010101010101010102	0.013888888888888888	0.013888888888888888	0.0	0.010101010101010102	0.007575757575757575	0.008838383838383838	0.0012626262626262627	0.02398989898989899	72
Burkholderia_gladioli_BSR3	0	0	0	0	0	0	0	0	0	0	0	0.5	0	0	0	0	0	0	0	0	0.0	0.04040404040404041	0.020202020202020204	0.0	0.0	0.0	0.0303030303030303	0.0	0.020202020202020204	0.0	0.0303030303030303	0.020202020202020204	0.0	0.010101010101010102	0.010101010101010102	0.0303030303030303	0.0	0.010101010101010102	0.010101010101010102	0.0	9
Burkholderia_gladioli_pv._gladioli	0	0	0.1	0	0	0.16666666666666666	0.13043478260869565	0	0	0	0	0	0	0	0	0.2	0	0	0	0	0.014106583072100314	0.0219435736677116	0.0109717868338558	0.014106583072100314	0.006269592476489028	0.014106583072100314	0.017241379310344827	0.009404388714733541	0.009404388714733541	0.006269592476489028	0.003134796238244514	0.0	0.006269592476489028	0.0047021943573667705	0.0109717868338558	0.006269592476489028	0.012539184952978056	0.009404388714733541	0.003134796238244514	0.006269592476489028	58
Burkholderia_mallei	0	0	0	0	0	0	0	0	0	0	0	0	0	0	0	0	0	0	0	0	0	0	0	0	0	0	0	0	0	0	0	0	0	0	0	0	0	0	0	0	0
Burkholderia_mallei_NCTC_10229	0	0	0	0	0	0	0	0	0	0	0	0	0	0	0	0	0	0	0	0	0.0	0.0	0.0	0.0	0.0	0.0	0.0	0.0	0.0	0.0	0.0	0.0	0.0	0.08181818181818182	0.08181818181818182	0.0	0.0	0.08181818181818182	0.0	0.0	10
Burkholderia_multivorans	0	0.06666666666666667	0	0	0	0.6	0.13333333333333333	0	0	0	0	0	0	0	0.17647058823529413	0	0	0	0.5	0	0.010489510489510488	0.01748251748251748	0.0034965034965034965	0.013986013986013986	0.027972027972027972	0.022727272727272728	0.0034965034965034965	0.005244755244755244	0.005244755244755244	0.015734265734265736	0.012237762237762238	0.010489510489510488	0.019230769230769232	0.0017482517482517483	0.010489510489510488	0.0	0.0017482517482517483	0.0034965034965034965	0.015734265734265736	0.006993006993006993	52
Burkholderia_multivorans_ATCC_17616	0	0	0	1.0	0	0	0	0	0	0	0	0	0	0	0	0	0	0	0	0	0.0	0.0	0.0	0.030303030303030304	0.0	0.0	0.0	0.030303030303030304	0.0	0.030303030303030304	0.0	0.0	0.030303030303030304	0.0	0.015151515151515152	0.0	0.0	0.0	0.0	0.0	6
Burkholderia_multivorans_ATCC_BAA-247	0	0	0	0	0	0	0	0	0	0	0	0	0	0	0	0	0	0	0	0	0.030303030303030304	0.0	0.0	0.030303030303030304	0.0	0.0	0.030303030303030304	0.030303030303030304	0.0	0.0	0.0	0.0	0.0	0.030303030303030304	0.0	0.0	0.0	0.0	0.0	0.0	3
Burkholderia_pseudomallei	0	0	0	0.02040816326530612	0	0	0	0	0	0	0.7647058823529411	0	0	0	0	0	0.07142857142857142	0	0	0.4444444444444444	0.005772005772005772	0.047619047619047616	0.0	0.001443001443001443	0.0	0.047619047619047616	0.001443001443001443	0.001443001443001443	0.0	0.0	0.031746031746031744	0.0	0.021645021645021644	0.005772005772005772	0.001443001443001443	0.004329004329004329	0.001443001443001443	0.044733044733044736	0.008658008658008658	0.025974025974025976	63
Burkholderia_pseudomallei_1710a	0	0	0	0	0	0	0	0	0	0	0	1.0	0	0	0	0	0	0	0	0	0.0	0.0	0.0	0.0	0.0	0.0	0.0	0.0	0.0	0.0	0.0	0.09090909090909091	0.0	0.0	0.0	0.0	0.0	0.0	0.0	0.0	1
Burkholderia_pseudomallei_1710b	0	0	0	0	0	0	0	0	0	0	0	0	0	0	0	0	0	0	0	0	0.0	0.09090909090909091	0.0	0.0	0.0	0.0	0.0	0.09090909090909091	0.0	0.0	0.0	0.0	0.0	0.045454545454545456	0.0	0.0	0.0	0.0	0.0	0.045454545454545456	2
Burkholderia_pseudomallei_B03	0	0	0	0	0	0	0	0	0	0	0	0	0	0	0	0	0	0	0	0	0.0	0.09090909090909091	0.0	0.0	0.0	0.0	0.0	0.0	0.0	0.0	0.0	0.0	0.0	0.0	0.0	0.0	0.0	0.0	0.0	0.0	1
Burkholderia_pseudomallei_MSHR1153	0	0	0	0	0	0	0	0	0	0	0	0	0	0	0	0	0	0	0	0	0.0	0.0	0.0	0.0	0.0	0.0	0.0	0.09090909090909091	0.09090909090909091	0.0	0.0	0.0	0.0	0.0	0.0	0.0	0.09090909090909091	0.0	0.0	0.09090909090909091	1
Burkholderia_pseudomallei_MSHR2543	0	0	0	0	0	0	0	0	0	0	0	0	0	0	0	0	0	0	0	0	0.0	0.0	0.0	0.09090909090909091	0.0	0.0	0.0	0.0	0.0	0.0	0.0	0.0	0.0	0.0	0.0	0.0	0.0	0.0	0.0	0.0	1
Burkholderia_pseudomallei_NCTC_13179	0	0	0	0	0	0	0	0	0	0	0	0	0	0	0	0	0	0	0	1.0	0.0	0.0	0.0	0.0	0.0	0.0	0.0	0.0	0.0	0.0	0.06060606060606061	0.0	0.0	0.0	0.0	0.0	0.0	0.030303030303030304	0.0	0.030303030303030304	3
Campylobacter_coli	0	0	0	0	0	0	0	0	0	0	0	0	0	0	0	0	0	0	0	0	0	0	0	0	0	0	0	0	0	0	0	0	0	0	0	0	0	0	0	0	0
Campylobacter_fetus	0	0	0	0	0	0	0	0	0	0	0	0	0	0	0	0	0	0	0	0	0	0	0	0	0	0	0	0	0	0	0	0	0	0	0	0	0	0	0	0	0
Campylobacter_gracilis	0	0	0	0	0	0	0	0	0	0	0	0	0	0	0	0	0	0	0	0	0	0	0	0	0	0	0	0	0	0	0	0	0	0	0	0	0	0	0	0	0
Campylobacter_showae	0	0	0	0	0	0	0	0	0	0	0	0	0	0	0	0	0	0	0	0	0.0	0.0	0.0	0.0	0.0	0.0	0.0	0.0	0.0	0.0	0.0	0.0	0.0	0.0	0.0	0.0	0.0	0.0	0.045454545454545456	0.0	2
Canine_morbillivirus	0	0	0	0	0	0	0	0	0	0	0	0	0	0	0	0	0	0	0	0	0	0	0	0	0	0	0	0	0	0	0	0	0	0	0	0	0	0	0	0	0
Chlamydia_abortus	0	0	0	0	0	0	0	0	0	0	0	0	0	0	0	0	0	0	0	0	0	0	0	0	0	0	0	0	0	0	0	0	0	0	0	0	0	0	0	0	0
Chlamydia_caviae	0	0	0	0	0	0	0	0	0	0	0	0	0	0	0	0	0	0	0	0	0	0	0	0	0	0	0	0	0	0	0	0	0	0	0	0	0	0	0	0	0
Chlamydia_felis	0	0	0	0	0	0	0	0	0	0	0	0	0	0	0	0	0	0	0	0	0	0	0	0	0	0	0	0	0	0	0	0	0	0	0	0	0	0	0	0	0
Chlamydia_felis_Fe/C-56	0	0	0	0	0	0	0	0	0	0	0	0	0	0	0	0	0	0	0	0	0.0	0.0	0.0	0.0	0.0	0.0	0.0	0.0	0.0	0.0	0.0	0.0	0.0	0.0	0.0	0.0	0.0	0.0	0.0	0.0	1
Chlamydia_muridarum	0	0	0	0	0	0	0	0	0	0	0	0	0	0	0	0	0	0	0	0	0	0	0	0	0	0	0	0	0	0	0	0	0	0	0	0	0	0	0	0	0
Chlamydia_pecorum	0	0	0	0	0	0	0	0	0	0	0	0	0	0	0	0	0	0	0	0	0	0	0	0	0	0	0	0	0	0	0	0	0	0	0	0	0	0	0	0	0
Chlamydia_pneumoniae	0	0	0	0	0	0	0	0	0	0	0	0	0	0	0	0	0	0	0	0	0	0	0	0	0	0	0	0	0	0	0	0	0	0	0	0	0	0	0	0	0
Chlamydia_psittaci	0	0	0	0	0	0	0	0	0	0	0	0	0	0	0	0	0	0	0	0	0	0	0	0	0	0	0	0	0	0	0	0	0	0	0	0	0	0	0	0	0
Chlamydia_suis	0	0	0	0	0	0	0	0	0	0	0	0	0	0	0	0	0	0	0	0	0	0	0	0	0	0	0	0	0	0	0	0	0	0	0	0	0	0	0	0	0
Chlamydia_trachomatis	0	0	0	0	0	0	0	0	0	0	0	0	0	0	0	0	0	0	0	0	0	0	0	0	0	0	0	0	0	0	0	0	0	0	0	0	0	0	0	0	0
Corynebacterium_ammoniagenes	0	0	0	0	0	0	0	0	0	0	0	0	0	0	0	0	0	0	0	0	0.0	0.0	0.045454545454545456	0.045454545454545456	0.0	0.0	0.045454545454545456	0.0	0.0	0.0	0.0	0.0	0.0	0.0	0.0	0.0	0.0	0.0	0.0	0.0	2
Corynebacterium_amycolatum	0	0	0	0	0	0	0	0	0	0	0	0	0	0	0	0	0	0	0	0	0.0	0.09090909090909091	0.0	0.0	0.0	0.0	0.0	0.0	0.09090909090909091	0.0	0.0	0.0	0.0	0.0	0.0	0.0	0.0	0.0	0.0	0.0	1
Corynebacterium_bovis	0	0.14285714285714285	0	0	0	0	0.2	0	0	0	0	0	0	0	0	0	0	0.1111111111111111	0.5	0	0.00909090909090909	0.013636363636363636	0.022727272727272728	0.00909090909090909	0.01818181818181818	0.01818181818181818	0.031818181818181815	0.004545454545454545	0.0	0.004545454545454545	0.0	0.0	0.00909090909090909	0.0	0.00909090909090909	0.004545454545454545	0.00909090909090909	0.004545454545454545	0.013636363636363636	0.0	20
Corynebacterium_crudilactis	0	0	0	0	0	0	0	0	0	0	0	0	1.0	0	0	0	0	0	0	0	0.0	0.0	0.0	0.0	0.0	0.0	0.0	0.0	0.0	0.0	0.0	0.0	0.09090909090909091	0.0	0.0	0.0	0.0	0.0	0.0	0.0	1
Corynebacterium_diphtheriae	0	0	0	0	0	0	0	0	0	0	0	0	0	0	0	0	0	0	0	0	0.0	0.0	0.0	0.0	0.0	0.0	0.0	0.09090909090909091	0.0	0.0	0.0	0.0	0.0	0.0	0.0	0.0	0.0	0.0	0.0	0.0	1
Corynebacterium_diphtheriae_NCTC_13129	0	0	0	0	0	1.0	0	0	0	0	0	0	0	0	0	0	0	0	0	0	0.0	0.0	0.09090909090909091	0.0	0.0	0.09090909090909091	0.0	0.0	0.0	0.0	0.0	0.0	0.0	0.0	0.0	0.0	0.0	0.045454545454545456	0.0	0.045454545454545456	2
Corynebacterium_jeikeium	0	0	0	0	0	0	0	0	0	0	0	0	0	0	0	0	0	0	0	0	0.0	0.0	0.022727272727272728	0.0	0.0	0.0	0.0	0.0	0.0	0.0	0.0	0.022727272727272728	0.0	0.022727272727272728	0.0	0.022727272727272728	0.0	0.0	0.0	0.0	4
Corynebacterium_jeikeium_K411	0	0	0	0	0.6666666666666666	0	0	0	0	0	0	0	0	0	0	0	0	0	0	0	0.030303030303030304	0.030303030303030304	0.0	0.0	0.030303030303030304	0.0	0.015151515151515152	0.0	0.0	0.015151515151515152	0.0	0.0	0.015151515151515152	0.0	0.0	0.0	0.0	0.0	0.0	0.0	6
Corynebacterium_kroppenstedtii	0	0	0	0	0	0	0	0	0	0	0	0	0	0	0	0	0	0	0	0	0.0	0.0	0.045454545454545456	0.0	0.0	0.0	0.0	0.0	0.0	0.0	0.0	0.0	0.0	0.0	0.09090909090909091	0.0	0.0	0.045454545454545456	0.0	0.0	2
Corynebacterium_kroppenstedtii_DSM_44385	0	0	0	0	0	0	0	0	0	0	0	0	0	0	0	0	0	0	0	0	0.0	0.0	0.0	0.0	0.022727272727272728	0.022727272727272728	0.0	0.0	0.0	0.0	0.0	0.0	0.022727272727272728	0.022727272727272728	0.0	0.0	0.0	0.0	0.0	0.0	4
Corynebacterium_maris	0	0	0	0	0	0	0	0	0	0	0	0	0	0	0	0	0	0	0	0	0	0	0	0	0	0	0	0	0	0	0	0	0	0	0	0	0	0	0	0	0
Corynebacterium_maris_DSM_45190	0	0	0	0.2	0	0	0.25	0.2	0	0	0	0	0	0	0	1.0	0	0	0.5	0	0.0	0.00909090909090909	0.0	0.01818181818181818	0.00909090909090909	0.0	0.00909090909090909	0.01818181818181818	0.00909090909090909	0.02727272727272727	0.0	0.00909090909090909	0.00909090909090909	0.03636363636363636	0.00909090909090909	0.01818181818181818	0.02727272727272727	0.00909090909090909	0.00909090909090909	0.01818181818181818	10
Corynebacterium_matruchotii	0	0	0	0	0	0	0	0	0	0	0	0	0	0	0	0	0	0	0	0	0.020202020202020204	0.0	0.0	0.0	0.0	0.04040404040404041	0.0	0.0	0.0	0.0	0.0	0.0	0.0	0.0	0.010101010101010102	0.010101010101010102	0.0	0.0	0.010101010101010102	0.0	9
Corynebacterium_minutissimum	0	0	0	0	0	0	0	0	0	0	0	0	0	0	0	0	0	0	0	0	0.02727272727272727	0.00909090909090909	0.00909090909090909	0.0	0.0	0.0	0.0	0.02727272727272727	0.0	0.0	0.00909090909090909	0.01818181818181818	0.00909090909090909	0.0	0.00909090909090909	0.0	0.00909090909090909	0.00909090909090909	0.0	0.0	10
Corynebacterium_pseudotuberculosis	0	0	0	0	0	0	0	0	0	1.0	0	0	0	0	0	0	0	0	0	0	0.0	0.0	0.030303030303030304	0.0	0.030303030303030304	0.0	0.0	0.0	0.0	0.030303030303030304	0.0	0.0	0.030303030303030304	0.0	0.030303030303030304	0.0	0.0	0.030303030303030304	0.0	0.0	3
Corynebacterium_renale	0	1.0	0	0	0	0	0	0	0	0	0	0	0	0	0	0	0	0	0	0	0.0	0.09090909090909091	0.0	0.0	0.0	0.0	0.0	0.0	0.0	0.0	0.0	0.0	0.0	0.0	0.0	0.0	0.0	0.0	0.0	0.0	1
Corynebacterium_segmentosum	0	0	0	0	0	0	0	0	0	0	0	0	0	0	0	0	0	0	0	0	0.045454545454545456	0.0	0.0	0.0	0.0	0.0	0.0	0.0	0.0	0.0	0.0	0.0	0.0	0.0	0.0	0.0	0.0	0.045454545454545456	0.0	0.045454545454545456	2
Corynebacterium_sphenisci	0	0	0	0	0	0	0	0	0	0	0	0	0	0	0	0	0	0	0	0	0	0	0	0	0	0	0	0	0	0	0	0	0	0	0	0	0	0	0	0	0
Corynebacterium_sphenisci_DSM_44792	0	0.08333333333333333	0	0	0	0.1111111111111111	0.1	0	0	0	0	0	0	0	0	0	0	0	0.07692307692307693	0	0.006269592476489028	0.009404388714733541	0.003134796238244514	0.009404388714733541	0.006269592476489028	0.009404388714733541	0.012539184952978056	0.006269592476489028	0.009404388714733541	0.006269592476489028	0.0	0.006269592476489028	0.006269592476489028	0.003134796238244514	0.006269592476489028	0.0	0.003134796238244514	0.012539184952978056	0.012539184952978056	0.009404388714733541	29
Corynebacterium_stationis	0	0	0	0	0	0	0	0	0	0	0	0	0	0	0	0	0	0	0	0	0	0	0	0	0	0	0	0	0	0	0	0	0	0	0	0	0	0	0	0	0
Corynebacterium_striatum	0.5	0	0	0	0.2	0	0	0	0	0	0	0	0	1.0	0	0	0	0	0.25	0	0.00909090909090909	0.0	0.0	0.01818181818181818	0.00909090909090909	0.0	0.0	0.0	0.00909090909090909	0.01818181818181818	0.0	0.0	0.03636363636363636	0.00909090909090909	0.01818181818181818	0.03636363636363636	0.0	0.0	0.00909090909090909	0.0	10
Corynebacterium_urealyticum	0	0	0	0	0	0	0	0	0	0	0	0	0	0	0	0	0	0	0	0	0.0	0.0	0.0	0.0	0.0	0.0	0.0	0.0	0.0	0.0	0.0	0.0	0.0	0.0	0.0	0.0	0.0	0.0	0.09090909090909091	0.0	1
Corynebacterium_ureicelerivorans	0	0	0	1.0	0	0	0	0	0	0	0	0	0	0	0	0	0	0	0	0	0.045454545454545456	0.0	0.0	0.045454545454545456	0.0	0.0	0.0	0.0	0.0	0.0	0.0	0.0	0.0	0.0	0.045454545454545456	0.0	0.045454545454545456	0.045454545454545456	0.045454545454545456	0.0	2
Corynebacterium_xerosis	0.5	0	0.5	0	0	0	0	0	0	0	0	0	0	0	0	0	0	0	0	0	0.03409090909090909	0.011363636363636364	0.022727272727272728	0.0	0.022727272727272728	0.0	0.011363636363636364	0.011363636363636364	0.011363636363636364	0.011363636363636364	0.0	0.0	0.0	0.0	0.0	0.011363636363636364	0.011363636363636364	0.011363636363636364	0.022727272727272728	0.0	8
Cowpox_virus	0	0	0	0	0	0	0	0	0	0	0	0	0	0	0	0	0	0	0	0	0	0	0	0	0	0	0	0	0	0	0	0	0	0	0	0	0	0	0	0	0
Coxiella_burnetii	0	0	0	0	0	0	0	0	0	0	0	0	0	0	0	0	1.0	0	0	0.8333333333333334	0.0	0.0	0.0	0.0	0.0	0.0	0.0	0.0	0.0	0.0	0.0	0.07575757575757576	0.07575757575757576	0.07575757575757576	0.0	0.0	0.07575757575757576	0.0	0.0	0.07575757575757576	6
Cryptosporidium	0	0	0	0	0	0	0	0	0	0	0	0	0	0	0	0	0	0	0	0	0	0	0	0	0	0	0	0	0	0	0	0	0	0	0	0	0	0	0	0	0
Cryptosporidium_parvum	0	0	0	0	0	0	0	0	0	0	0	0	0	0	0	0	0	0	0	0	0	0	0	0	0	0	0	0	0	0	0	0	0	0	0	0	0	0	0	0	0
Deltaretrovirus	0	0	0	0	0	0	0	0	0	0	0	0	0	0	0	0	0	0	0	0	0	0	0	0	0	0	0	0	0	0	0	0	0	0	0	0	0	0	0	0	0
Ehrlichia_canis	0	0	0	0	0	0	0	0	0	0	0	0	0	0	0	0	0	0	0	0	0	0	0	0	0	0	0	0	0	0	0	0	0	0	0	0	0	0	0	0	0
Enterococcus_avium	0	0	0	0	0	0	0	0	0	0	0	0	0	0	0	0	0	0	0	0	0	0	0	0	0	0	0	0	0	0	0	0	0	0	0	0	0	0	0	0	0
Enterococcus_casseliflavus	0	0	0	0	0	0	0	0	0	0	0	0	0	0	0	0	0	0	0	0	0	0	0	0	0	0	0	0	0	0	0	0	0	0	0	0	0	0	0	0	0
Enterococcus_casseliflavus_EC20	0	0	0	0	0	0	0	0	0	0	0	0	0	0	0	0	0.8	0	0	0	0.0	0.09090909090909091	0.0	0.0	0.0	0.0	0.0	0.0	0.0	0.0	0.0	0.0	0.0	0.0	0.0	0.0	0.07272727272727272	0.0	0.0	0.0	5
Enterococcus_cecorum	0	0	0	0	0	0	0	0	0	0	0	0	0	0	0	0	0	0	0	0	0.0	0.0	0.0	0.0	0.0	0.0	0.0	0.0	0.0	0.0	0.0	0.0	0.0	0.0	0.045454545454545456	0.0	0.0	0.045454545454545456	0.0	0.0	2
Enterococcus_durans	0	0	0	0	0	0	0	0	0	0	0	0	0	0	0	0	0	0	0	0	0	0	0	0	0	0	0	0	0	0	0	0	0	0	0	0	0	0	0	0	0
Enterococcus_faecalis	1.0	1.0	0	0	0	0	0	0	0	1.0	0	0	0	0	0	0	0	0	0	0	0.03896103896103896	0.03896103896103896	0.0	0.0	0.0	0.0	0.0	0.0	0.0	0.03896103896103896	0.0	0.0	0.0	0.0	0.0	0.0	0.0	0.0	0.0	0.0	105
Enterococcus_faecium	0	0	0	0	0	0	0	0	0	0	0	0	0	0	0	0.5	1.0	0	0	1.0	0.01818181818181818	0.0	0.0	0.0	0.0	0.0	0.0	0.0	0.0	0.01818181818181818	0.01818181818181818	0.01818181818181818	0.0	0.0	0.0	0.01818181818181818	0.05454545454545454	0.01818181818181818	0.0	0.03636363636363636	5
Enterococcus_hirae	0	0	0	0	0	0	0	0	0	0	0	0	0	0	0	0	0	0	0	0	0	0	0	0	0	0	0	0	0	0	0	0	0	0	0	0	0	0	0	0	0
Enterococcus_mundtii	0	0	0	0	0	0	0	0	0	0	0	0	0	0	0	0	0	0	0	0	0.0	0.0	0.0	0.0	0.0	0.0	0.0	0.0	0.0	0.0	0.0	0.0	0.0	0.0	0.0	0.0	0.0	0.0	0.045454545454545456	0.0	2
Enterovirus_B	0	0	0	0	0	0	0	0	0	0	0	0	0	0	0	0	0	0	0	0	0	0	0	0	0	0	0	0	0	0	0	0	0	0	0	0	0	0	0	0	0
Epizootic_hemorrhagic_disease_virus_(serotype_1_/_strain_New_Jersey)	0	0	0	0	0	0	0	0	0	0	0	0	0	0	0	0	0	0	0	0	0	0	0	0	0	0	0	0	0	0	0	0	0	0	0	0	0	0	0	0	0
Equine_rhinitis_A_virus	0	0	0	0	0	0	0	0	0	0	0	0	0	0	0	0	0	0	0	0	0	0	0	0	0	0	0	0	0	0	0	0	0	0	0	0	0	0	0	0	0
Erysipelothrix_rhusiopathiae	0	0	0	0	0	0	0	0	0	0	0	0	0	0	0	0	0	0	0	0	0	0	0	0	0	0	0	0	0	0	0	0	0	0	0	0	0	0	0	0	0
Erythroparvovirus	0	0	0	0	0	0	0	0	0	0	0	0	0	0	0	0	0	0	0	0	0	0	0	0	0	0	0	0	0	0	0	0	0	0	0	0	0	0	0	0	0
Escherichia_coli	0	0	0	0	0	0.3684210526315789	0	0	0	0	0	0	0	0.8275862068965517	0	0	0	0	0	0	0.00202020202020202	0.00202020202020202	0.0	0.0	0.0	0.02828282828282828	0.0	0.0	0.0	0.00202020202020202	0.00202020202020202	0.00202020202020202	0.00202020202020202	0.05050505050505051	0.00202020202020202	0.00202020202020202	0.00404040404040404	0.00202020202020202	0.0	0.0	45
Escherichia_coli_K-12	0	0	0	0	0	0	0	0	0	0	0	0	0	0	0	0	0	0	0	0	0.0	0.0	0.0	0.0	0.0	0.0	0.0	0.0	0.0	0.0	0.0	0.0	0.0	0.0	0.0	0.0	0.0	0.0	0.0	0.0	7
Escherichia_coli_M8	1.0	0	0	0	0	0	0	0	0	0	0	0	0	0	0	0	0	0	0	0	0.09090909090909091	0.0	0.0	0.0	0.0	0.07272727272727272	0.0	0.0	0.0	0.0	0.01818181818181818	0.0	0.0	0.0	0.05454545454545454	0.0	0.0	0.05454545454545454	0.0	0.0	5
Escherichia_coli_O111	0	0	0	0	0	0	0	0	0	0	0	0	0	0	0	0	0	0	0	0	0	0	0	0	0	0	0	0	0	0	0	0	0	0	0	0	0	0	0	0	0
Escherichia_coli_O121_str._RM8352	0	0	0	0	0	0	0	0	0	0	0	0	0	0	0	0	0	0	0	0	0.0	0.0	0.0	0.0	0.0	0.0	0.0	0.09090909090909091	0.0	0.0	0.0	0.0	0.045454545454545456	0.0	0.0	0.0	0.0	0.0	0.045454545454545456	0.0	2
Escherichia_coli_O157:H7	0	0	0	0	0	0	0	0	0	0	0	0	0	0	0	0	0	0	0	0	0	0	0	0	0	0	0	0	0	0	0	0	0	0	0	0	0	0	0	0	0
Escherichia_coli_O25b:H4	0	0	0	0	0	0	0	0	0	0	0	1.0	0	0	0	0	0	0	0	0	0.0	0.0	0.0	0.0	0.0	0.0	0.0	0.0	0.09090909090909091	0.0	0.0	0.003246753246753247	0.0	0.08766233766233766	0.0	0.0	0.0	0.0	0.0	0.003246753246753247	28
Escherichia_coli_O26	0	0	0	0	0	0	0	0	0	0	0	0	0	0	0	0	0	0	0	0	0	0	0	0	0	0	0	0	0	0	0	0	0	0	0	0	0	0	0	0	0
Francisella_tularensis	0	0	0	0	0	0	0	0	0	0	0	0	0	0	0	0	0	0	0	0	0	0	0	0	0	0	0	0	0	0	0	0	0	0	0	0	0	0	0	0	0
Francisella_tularensis_subsp._novicida	0	0	0	0	0	0	0	0	0	0	0	0	0	0	0	0	0	0	0	0	0.045454545454545456	0.0	0.0	0.0	0.0	0.045454545454545456	0.045454545454545456	0.0	0.0	0.0	0.0	0.0	0.0	0.045454545454545456	0.0	0.0	0.045454545454545456	0.0	0.0	0.0	2
Fusobacterium	0	0	0	0	0	0	1.0	0	0	0	0	0	0	0	0	0	0	0	1.0	0	0.0	0.03636363636363636	0.0	0.0	0.0	0.03636363636363636	0.02727272727272727	0.0	0.03636363636363636	0.03636363636363636	0.0	0.0	0.0	0.0	0.0	0.0	0.0	0.0	0.05454545454545454	0.0	10
Fusobacterium_nucleatum	0	0	0	0	0	0	0	0	0	0	0	0	0	0	0	0	0	0	0	0	0	0	0	0	0	0	0	0	0	0	0	0	0	0	0	0	0	0	0	0	0
Fusobacterium_nucleatum_subsp._animalis	0	0	0	0	0	0	0	0	0	0	0	0	0	0	0	0	0	0	0	0	0.0	0.0	0.0	0.0	0.0	0.09090909090909091	0.0	0.0	0.0	0.0	0.0	0.0	0.0	0.0	0.0	0.0	0.0	0.0	0.0	0.0	1
Fusobacterium_nucleatum_subsp._polymorphum	0	0	0	0	0	0	0	0	0	0	0	0	0	0	0	0	0	0	0	0	0.0	0.0	0.0	0.0	0.0	0.0	0.0	0.0	0.0	0.0	0.0	0.0	0.0	0.0	0.0	0.0	0.0	0.0	0.0	0.09090909090909091	1
Fusobacterium_periodonticum	0	0	0	0	0	0	0	0	0	0	0	0	0	0	0	1.0	0	0	0	0	0.0	0.09090909090909091	0.0	0.0	0.0	0.0	0.0	0.0	0.0	0.0	0.0	0.0	0.0	0.0	0.0	0.09090909090909091	0.0	0.0	0.0	0.0	1
Goatpox_virus	0	0	0	0	0	0	0	0	0	0	0	0	0	0	0	0	0	0	0	0	0	0	0	0	0	0	0	0	0	0	0	0	0	0	0	0	0	0	0	0	0
Haemophilus_influenzae	0.043478260869565216	0.3103448275862069	0.1111111111111111	0.7857142857142857	0.03225806451612903	0	0	0.1276595744680851	0	0	0	0.25	0	0	0	0	0	0.8571428571428571	0.9523809523809523	0.7222222222222222	0.003885003885003885	0.026418026418026416	0.006993006993006994	0.02331002331002331	0.001554001554001554	0.003885003885003885	0.004662004662004662	0.005439005439005439	0.008547008547008548	0.001554001554001554	0.0	0.01554001554001554	0.020202020202020204	0.02331002331002331	0.019425019425019428	0.006216006216006216	0.003108003108003108	0.020202020202020204	0.022533022533022532	0.024087024087024088	117
Haemophilus_influenzae_10810	0	0	0	0	0	0	0	0	0	0	0	0	0	0	0	0	0	0	0	0	0.0	0.0	0.0	0.0	0.0	0.0	0.0	0.0	0.0	0.09090909090909091	0.0	0.0	0.09090909090909091	0.0	0.0	0.09090909090909091	0.0	0.0	0.0	0.0	1
Haemophilus_influenzae_2019	0	0	0	0	0.3333333333333333	0	0	0	0	0	0	0	0	0	0	0	0	0	0	0	0.0	0.0	0.07024793388429752	0.0	0.004132231404958678	0.0	0.0	0.004132231404958678	0.0	0.0	0.0	0.028925619834710745	0.0	0.012396694214876032	0.04132231404958678	0.0	0.0	0.0	0.0	0.0	22
Haemophilus_influenzae_CGSHiCZ412602	0	0	0	1.0	0	0	0	0	0	0	0	0	0	0	0	0	0	0	0	0	0.05454545454545454	0.03636363636363636	0.00909090909090909	0.03636363636363636	0.0	0.0	0.0	0.0	0.0	0.0	0.0	0.0	0.0	0.0	0.0	0.0	0.004545454545454545	0.0	0.04090909090909091	0.0	20
Haemophilus_influenzae_F3047	0	0	0	0	1.0	0	1.0	0	0	0	0	0	0	0	0	0	0	0	0	0	0.0	0.09090909090909091	0.0	0.0	0.09090909090909091	0.0	0.09090909090909091	0.0	0.09090909090909091	0.0	0.0	0.09090909090909091	0.0	0.0	0.0	0.0	0.0	0.0	0.0	0.0	1
Haemophilus_influenzae_KR494	0	0	0	0	0	0	0	0	0	0	0	0	0	1.0	0.25	0	0	0.6363636363636364	0	0	0.005050505050505051	0.0	0.0	0.01515151515151515	0.0303030303030303	0.0	0.0	0.0	0.010101010101010102	0.0	0.005050505050505051	0.01515151515151515	0.005050505050505051	0.01515151515151515	0.005050505050505051	0.0	0.0	0.045454545454545456	0.0	0.0	18
Haemophilus_influenzae_R2846	0	0	0	0	0	0	1.0	1.0	0	0	0	0	0	0	0	0	0	0	0	1.0	0.03977272727272727	0.03977272727272727	0.0	0.0	0.0	0.0	0.03977272727272727	0.05113636363636364	0.03977272727272727	0.03977272727272727	0.0	0.0	0.0	0.005681818181818182	0.0	0.0	0.03977272727272727	0.03977272727272727	0.0	0.005681818181818182	16
Helicobacter_cinaedi	0	0	0	0	0	0	0	0	0	0	0	0	0	0	0	0	0	0	0	0	0.0	0.0	0.0	0.0	0.0	0.0	0.09090909090909091	0.09090909090909091	0.0	0.0	0.0	0.0	0.045454545454545456	0.0	0.045454545454545456	0.045454545454545456	0.0	0.045454545454545456	0.0	0.0	2
Helicobacter_pylori	0	0	0	0	0	0	0	0	0	0	0	0	0	0	0	0	0	0	0	0	0.0	0.0	0.0	0.0	0.0	0.0	0.0	0.0	0.0	0.0	0.0	0.0	0.09090909090909091	0.0	0.0	0.0	0.0	0.0	0.0	0.0	1
Helicobacter_pylori_F57	0	0	0	0	0	0	0	0	0	0	0	0	0	0	0	0	0	0	0	0	0.09090909090909091	0.0	0.0	0.0	0.0	0.0	0.0	0.0	0.0	0.0	0.0	0.0	0.0	0.0	0.08264462809917356	0.0	0.0	0.008264462809917356	0.0	0.0	11
Helicobacter_pylori_J99	0	0	0	0	0	0	0	0	0	0	0	0	0	0	0	0	0	0	0	0	0.0	0.0	0.0	0.0	0.0	0.0	0.0	0.0	0.0	0.0	0.0	0.0	0.0	0.0	0.0	0.0	0.045454545454545456	0.0	0.0	0.0	2
Helicobacter_pylori_Lithuania75	0	0	0	0	0	0	0	0	0	0	0	0	0	0	0	0	0	0	0	0	0.0	0.0	0.09090909090909091	0.0	0.0	0.0	0.0	0.0	0.0	0.0	0.0	0.0	0.0	0.0	0.0	0.0	0.0	0.0	0.0	0.045454545454545456	2
Hepatitis_B_virus	0	0	0	0	0	0	0	0	0	0	0	0	0	0	0	0	0	0	0	0	0	0	0	0	0	0	0	0	0	0	0	0	0	0	0	0	0	0	0	0	0
Hepatitis_E_virus	0	0	0	0	0	0	0	0	0	0	0	0	0	0	0	0	0	0	0	0	0	0	0	0	0	0	0	0	0	0	0	0	0	0	0	0	0	0	0	0	0
Hepatitis_delta_virus	0	0	0	0	0	0	0	0	0	0	0	0	0	0	0	0	0	0	0	0	0	0	0	0	0	0	0	0	0	0	0	0	0	0	0	0	0	0	0	0	0
Human_adenovirus_1	0	0	0	0	0	0	0	0	0	0	0	0	0	0	0	0	0	0	0	0	0	0	0	0	0	0	0	0	0	0	0	0	0	0	0	0	0	0	0	0	0
Human_adenovirus_2	0	0	0	0	0	0	0	0	0	0	0	0	0	0	0	0	0	0	0	0	0	0	0	0	0	0	0	0	0	0	0	0	0	0	0	0	0	0	0	0	0
Human_adenovirus_35	0	0	0	0	0	0	0	0	0	0	0	0	0	0	0	0	0	0	0	0	0	0	0	0	0	0	0	0	0	0	0	0	0	0	0	0	0	0	0	0	0
Human_adenovirus_5	0	0	0	0	0	0	0	0	0	0	0	0	0	0	0	0	0	0	0	0	0	0	0	0	0	0	0	0	0	0	0	0	0	0	0	0	0	0	0	0	0
Human_adenovirus_54	0	0	0	0	0	0	0	0	0	0	0	0	0	0	0	0	0	0	0	0	0	0	0	0	0	0	0	0	0	0	0	0	0	0	0	0	0	0	0	0	0
Human_adenovirus_7	0	0	0	0	0	0	0	0	0	0	0	0	0	0	0	0	0	0	0	0	0	0	0	0	0	0	0	0	0	0	0	0	0	0	0	0	0	0	0	0	0
Human_alphaherpesvirus_1	0	0	0	0	0	0	0	0	0	0	0	0	0	0	0	0	0	0	0	0	0	0	0	0	0	0	0	0	0	0	0	0	0	0	0	0	0	0	0	0	0
Human_alphaherpesvirus_2	0	0	0	0	0	0	0	0	0	0	0	0	0	0	0	0	0	0	0	0	0	0	0	0	0	0	0	0	0	0	0	0	0	0	0	0	0	0	0	0	0
Human_alphaherpesvirus_3	0	0	0	0	0	0	0	0	0	0	0	0	0	0	0	0	0	0	0	0	0	0	0	0	0	0	0	0	0	0	0	0	0	0	0	0	0	0	0	0	0
Human_gammaherpesvirus_4	0	0	0	0	0	0	0	0	0	0	0	0	0	0	0	0	0	0	0	0	0	0	0	0	0	0	0	0	0	0	0	0	0	0	0	0	0	0	0	0	0
Human_herpesvirus_4_type_2	0	0	0	0	0	0	0	0	0	0	0	0	0	0	0	0	0	0	0	0	0	0	0	0	0	0	0	0	0	0	0	0	0	0	0	0	0	0	0	0	0
Human_mastadenovirus_C	0	0	0	0	0	0	0	0	0	0	0	0	0	0	0	0	0	0	0	0	0	0	0	0	0	0	0	0	0	0	0	0	0	0	0	0	0	0	0	0	0
JC_polyomavirus	0	0	0	0	0	0	0	0	0	0	0	0	0	0	0	0	0	0	0	0	0	0	0	0	0	0	0	0	0	0	0	0	0	0	0	0	0	0	0	0	0
Klebsiella_aerogenes	0	0	0	0	0	0	0	0	0	1.0	0	0	0	0	0	0	0	0	0	0	0.0	0.0	0.0	0.04958677685950413	0.01652892561983471	0.04958677685950413	0.0	0.0	0.0	0.01652892561983471	0.0	0.0	0.01652892561983471	0.0	0.0	0.01652892561983471	0.0	0.0	0.01652892561983471	0.0	11
Klebsiella_aerogenes_EA1509E	0	0	0	0	0	0	0	0	0	0	0	0	0	0	0	0	0	0	0	0	0.0	0.0	0.0	0.0	0.0	0.0	0.0	0.0	0.0	0.0	0.0	0.0	0.0	0.0	0.0	0.0	0.0	0.0	0.0	0.0	15
Klebsiella_michiganensis	0	0	0	0	0	0	0	0	0	0	0	0	0	0	0	0	0	0	0	0	0.00909090909090909	0.03636363636363636	0.0	0.0	0.0	0.0	0.0	0.0	0.0	0.03636363636363636	0.0	0.03636363636363636	0.0	0.00909090909090909	0.0	0.0	0.00909090909090909	0.0	0.0	0.00909090909090909	10
Klebsiella_michiganensis_HKOPL1	0	0	0	0	0	0	0	0	0	0	0	0	0	0	0	0	0	0	0	0	0.0	0.0	0.0	0.0	0.0	0.0	0.0	0.0	0.0	0.0	0.0	0.07792207792207792	0.0	0.0	0.0	0.0	0.0	0.07792207792207792	0.07792207792207792	0.0	7
Klebsiella_michiganensis_KCTC_1686	0	0	0	0	0	0	0	0	0	0	0	0	0	0	0	0	0	0	0	0	0.0	0.0	0.0	0.0	0.0	0.0	0.0	0.0909090909090909	0.0	0.0	0.0	0.0	0.0	0.0	0.030303030303030304	0.030303030303030304	0.0	0.0	0.0	0.0	3
Klebsiella_oxytoca	0	0	0	1.0	0.4	0	1.0	0	0	0	0	0	0	0	0	0	0	0	0	0	0.0	0.0	0.0	0.09090909090909091	0.03636363636363636	0.0	0.03636363636363636	0.0	0.05454545454545454	0.0	0.0	0.0	0.0	0.01818181818181818	0.01818181818181818	0.0	0.0	0.0	0.0	0.05454545454545454	5
Klebsiella_pneumoniae	1.0	0	0	0	0	0	0	0	0	0	0	0	0	0	0	0	0	0	0	1.0	0.012987012987012988	0.0	0.0	0.0	0.0	0.0	0.0	0.0	0.0	0.0	0.0	0.0	0.03896103896103896	0.025974025974025976	0.05194805194805195	0.025974025974025976	0.025974025974025976	0.0	0.03896103896103896	0.012987012987012988	7
Klebsiella_pneumoniae_subsp._pneumoniae	0	0	0	0	0	0	0	0	0	0	0	0	0	0	0	0	0	0	0	0	0.02727272727272727	0.02727272727272727	0.01818181818181818	0.0	0.045454545454545456	0.045454545454545456	0.02727272727272727	0.02727272727272727	0.02727272727272727	0.0	0.0	0.0	0.0	0.0	0.0	0.0	0.0	0.0	0.01818181818181818	0.04090909090909091	20
Klebsiella_pneumoniae_subsp._rhinoscleromatis	0	0	0	0	0	0	0	0	0	0	0	0	0	0	0	0	0	0	0	0	0	0	0	0	0	0	0	0	0	0	0	0	0	0	0	0	0	0	0	0	0
Klebsiella_pneumoniae_subsp._rhinoscleromatis_SB3432	0	0	0	0	0	0	0	0	0	0	1.0	0	0	1.0	0	0	0	0	0	0	0.0	0.0	0.0	0.0	0.09090909090909091	0.0	0.0	0.0	0.0	0.0	0.09090909090909091	0.0	0.0	0.09090909090909091	0.0	0.0	0.0	0.0	0.0	0.0	1
Legionella_anisa	0	0	0	0	0	0	0	0	0	0	0	0	0	0	0	0	0	0	0	0	0.0	0.0	0.0	0.0	0.0	0.0	0.09090909090909091	0.0	0.0	0.0	0.0	0.0	0.0	0.0	0.0	0.0	0.0	0.0	0.0	0.0	1
Legionella_lansingensis	0	0	0	0	0	0	0	0	0	0	0	0	0	0	0	0	0	0	0	0	0	0	0	0	0	0	0	0	0	0	0	0	0	0	0	0	0	0	0	0	0
Legionella_pneumophila	0	0	0	0	0	0	0	0	0	0	0	0	0	0	0	0	0	0	0	0	0.0	0.0	0.01818181818181818	0.0	0.0	0.0	0.01818181818181818	0.07272727272727272	0.0	0.0	0.0	0.0	0.0	0.0	0.0	0.0	0.0	0.0	0.0	0.0	5
Legionella_pneumophila_subsp._pneumophila	1.0	0	0	0	0	0	0	1.0	0	0	0	0	0	0	0	0	0	0	0	0	0.045454545454545456	0.0	0.0	0.0	0.045454545454545456	0.0	0.0	0.045454545454545456	0.0	0.0	0.0	0.0	0.0	0.0	0.0	0.0	0.0	0.045454545454545456	0.0	0.0	2
Leptospira_alexanderi	0	0	0	0	0	0	0	0	0	0	0	0	0	0	0	0	0	0	0	0	0	0	0	0	0	0	0	0	0	0	0	0	0	0	0	0	0	0	0	0	0
Leptospira_alstonii	0	0	0	0	0	0	0	0	0	0	0	0	0	0	0	0	0	0	0	0	0	0	0	0	0	0	0	0	0	0	0	0	0	0	0	0	0	0	0	0	0
Leptospira_biflexa	0	0	0	0	0	0	0	0	0	0	0	0	0	0	0	0	0	0	0	0	0	0	0	0	0	0	0	0	0	0	0	0	0	0	0	0	0	0	0	0	0
Leptospira_borgpetersenii	0	0	0	0	0	0	0	0	0	0	0	0	0	0	0	0	0	0	0	0	0.0	0.09090909090909091	0.0	0.0	0.0	0.0	0.0	0.09090909090909091	0.0	0.09090909090909091	0.0	0.0	0.0	0.0	0.0	0.09090909090909091	0.0	0.0	0.0	0.0	1
Leptospira_borgpetersenii_serovar_Ceylonica	0	0	0	0	0	0	0	0	0	0	0	0	0	0	0	0	0	0	0	0	0.0	0.0	0.0	0.0	0.0	0.0	0.01818181818181818	0.0	0.07272727272727272	0.0	0.0	0.0	0.0	0.0	0.0	0.0	0.01818181818181818	0.0	0.0	0.0	5
Leptospira_broomii	0	0	0	0	0	0	0	0	0	0	0	0	0	0	0	0	0	0	0	0	0	0	0	0	0	0	0	0	0	0	0	0	0	0	0	0	0	0	0	0	0
Leptospira_fainei	0	0	0	0	0	0	0	0	0	0	0	0	0	0	0	0	0	0	0	0	0	0	0	0	0	0	0	0	0	0	0	0	0	0	0	0	0	0	0	0	0
Leptospira_inadai	0	0	0	0	0	0	0	0	0	0	0	0	0	0	0	0	0	0	0	0	0	0	0	0	0	0	0	0	0	0	0	0	0	0	0	0	0	0	0	0	0
Leptospira_interrogans	0	0	0	0	0	0	0	0	0	0	0	0	0	0	0	0	0	0	0	0	0.0	0.0	0.0	0.0	0.0	0.09090909090909091	0.0	0.0	0.0	0.0	0.0	0.0	0.07272727272727272	0.0	0.0	0.0	0.0	0.0	0.07272727272727272	0.0	5
Leptospira_kirschneri	0	0	0	0	0	0	0	0	0	0	0	0	0	0	0	0	0	0	0	0	0	0	0	0	0	0	0	0	0	0	0	0	0	0	0	0	0	0	0	0	0
Leptospira_kmetyi	0	0	0	0	0	0	0	0	0	0	0	0	0	0	0	0	0	0	0	0	0	0	0	0	0	0	0	0	0	0	0	0	0	0	0	0	0	0	0	0	0
Leptospira_licerasiae	0	0	0	0	0	0	0	0	0	0	0	0	0	0	0	0	0	0	0	0	0	0	0	0	0	0	0	0	0	0	0	0	0	0	0	0	0	0	0	0	0
Leptospira_noguchii	0	0	0	0	0	0	0	0	0	0	0	0	0	0	0	0	0	0	0	0	0	0	0	0	0	0	0	0	0	0	0	0	0	0	0	0	0	0	0	0	0
Leptospira_santarosai	0	0	0	0	0	0	0	0	0	0	0	0	0	0	0	0	0	0	0	0	0	0	0	0	0	0	0	0	0	0	0	0	0	0	0	0	0	0	0	0	0
Leptospira_weilii	0	0	0	0	0	0	0	0	0	0	0	0	0	0	0	0	0	0	0	0	0.0	0.0	0.0	0.0	0.0	0.0	0.0	0.0	0.0	0.0	0.0	0.0	0.0	0.0	0.0	0.0	0.0	0.0	0.0	0.0	4
Leptospira_wolffii	0	0	0	0	0	0	0	0	0	0	0	0	0	0	0	0	0	0	0	0	0	0	0	0	0	0	0	0	0	0	0	0	0	0	0	0	0	0	0	0	0
Listeria_monocytogenes	0	0	0	0	0	0	0	0	0	0	0	0	0	0	0	0	0	0	0	0	0	0	0	0	0	0	0	0	0	0	0	0	0	0	0	0	0	0	0	0	0
Listeria_monocytogenes_J1816	0	0	0	0	0	0	0	0	0	0	0	0	0	0	0	0	0	0	0	0	0.0	0.0	0.0	0.0	0.0	0.0	0.0	0.0	0.0	0.0	0.0	0.0	0.0	0.0	0.030303030303030304	0.0	0.0	0.0	0.0	0.06060606060606061	3
Lumpy_skin_disease_virus	0	0	0	0	0	0	0	0	0	0	0	0	0	0	0	0	0	0	0	0	0	0	0	0	0	0	0	0	0	0	0	0	0	0	0	0	0	0	0	0	0
Lymphocryptovirus	0	0	0	0	0	0	0	0	0	0	0	0	0	0	0	0	0	0	0	0	0	0	0	0	0	0	0	0	0	0	0	0	0	0	0	0	0	0	0	0	0
Mannheimia_haemolytica	0.5269461077844312	0.33507853403141363	0.21082621082621084	0.019762845849802372	0.07728337236533958	0.2154696132596685	0.1482889733840304	0.056016597510373446	0.3050847457627119	0.016853932584269662	0.25396825396825395	0.006688963210702341	0.0764872521246459	0.12542372881355932	0.34796238244514105	0.28085106382978725	0.09577464788732394	0.10486891385767791	0.15517241379310345	0.2545045045045045	0.015319244101531924	0.01968019680196802	0.0080509896008051	0.005143687800514368	0.009951917700995194	0.00933691155093369	0.010007827351000783	0.004472772000447277	0.014927876551492789	0.0023482053002348204	0.0054232360505423235	0.010063737001006373	0.008218718550821872	0.006485519400648552	0.010566923851056693	0.008386447500838645	0.008442357150844236	0.009560550150956054	0.007380073800738007	0.01213239405121324	1626
Mannheimia_haemolytica_D153	0	0	0	0	0	0	0	0	0	0	0	0	0	0	0	0	0	0	0	1.0	0.011961722488038277	0.0	0.0	0.01674641148325359	0.0	0.0	0.0	0.0	0.0	0.0	0.0	0.009569377990430622	0.0215311004784689	0.0023923444976076554	0.009569377990430622	0.0	0.0	0.009569377990430622	0.0	0.01674641148325359	38
Mannheimia_haemolytica_D174	1.0	0	0	0	0	0	0	0	0	0	0	0	0	0	0	0	0	0	0	0	0.04329004329004329	0.0	0.025974025974025972	0.0	0.0	0.025974025974025972	0.025974025974025972	0.0	0.0	0.0	0.004329004329004329	0.021645021645021644	0.0	0.0	0.004329004329004329	0.0	0.0	0.004329004329004329	0.0	0.0	21
Mannheimia_haemolytica_M42548	1.0	0.3	1.0	0	0	0	0	0	0	0	0	0	0	1.0	0	0	0	0	0	0.391304347826087	0.007083825265643447	0.007083825265643447	0.007083825265643447	0.0	0.0	0.0	0.0	0.007083825265643447	0.0	0.014167650531286893	0.010625737898465172	0.007083825265643447	0.010625737898465172	0.02715466351829988	0.010625737898465172	0.0	0.0	0.0	0.0	0.010625737898465172	77
Mannheimia_haemolytica_USDA-ARS-USMARC-183	0	0.7142857142857143	0	0	0	0.4666666666666667	0	0.16666666666666666	0	0	0	0	0	0	0	0	0	0	0	0	0.0036363636363636364	0.00909090909090909	0.0	0.0	0.02909090909090909	0.012727272727272728	0.0	0.005454545454545454	0.005454545454545454	0.00909090909090909	0.014545454545454545	0.00909090909090909	0.0	0.0	0.0	0.0	0.014545454545454545	0.034545454545454546	0.0	0.02909090909090909	50
Mannheimia_haemolytica_USMARC_2286	0	0	0	1.0	0.4	0	0	0	0	0	0	0	0	0	0	1.0	0.6666666666666666	0.23529411764705882	0	1.0	0.0	0.0	0.0	0.01983471074380165	0.01983471074380165	0.0	0.0	0.0	0.0	0.0	0.0	0.0	0.023140495867768594	0.013223140495867768	0.0	0.021487603305785124	0.03305785123966942	0.013223140495867768	0.0	0.01983471074380165	55
Measles_morbillivirus	0	0	0	0	0	0	0	0	0	0	0	0	0	0	0	0	0	0	0	0	0	0	0	0	0	0	0	0	0	0	0	0	0	0	0	0	0	0	0	0	0
Methanobrevibacter_oralis	0	0	0	0	0	0	0	0	0	0	0	0	0	0	0	0	0	0	0	0	0	0	0	0	0	0	0	0	0	0	0	0	0	0	0	0	0	0	0	0	0
Moraxella_catarrhalis	0	0	0	0	0	0	0	0	0	0	0	0	0	0	0	0	0	0	0	0	0.09090909090909091	0.0	0.0	0.09090909090909091	0.0	0.0	0.0	0.0	0.0	0.0	0.0	0.0	0.0	0.0	0.0	0.0	0.0	0.0	0.0	0.0	1
Morbillivirus	0	0	0	0	0	0	0	0	0	0	0	0	0	0	0	0	0	0	0	0	0	0	0	0	0	0	0	0	0	0	0	0	0	0	0	0	0	0	0	0	0
Mycobacterium_avium	0	0.08695652173913043	0	0	0	0	0	0	0	0.09090909090909091	0	0.04	0.02531645569620253	0	0.0603448275862069	0	0.2682926829268293	0.10204081632653061	0.1348314606741573	0.1791044776119403	0.02056766762649116	0.00904977375565611	0.0049362402303578775	0.0049362402303578775	0.004524886877828055	0.005347593582887701	0.002879473467708762	0.004113533525298231	0.011517893870835048	0.008227067050596462	0.0012340600575894694	0.0024681201151789387	0.005758946935417524	0.002879473467708762	0.009461127108185932	0.011106540518305225	0.011106540518305225	0.008638420403126287	0.009872480460715755	0.011106540518305225	221
Mycobacterium_avium_subsp._avium	0	0	0	0	0	0	0	0	0	0	0	0	0	0	0	0	0	0	0	0	0.0	0.0	0.0	0.06060606060606061	0.0	0.0	0.007575757575757576	0.0	0.0	0.0	0.0	0.0	0.0	0.007575757575757576	0.030303030303030304	0.0	0.0	0.022727272727272724	0.022727272727272724	0.030303030303030304	12
Mycobacterium_avium_subsp._hominissuis	0.3333333333333333	0	0	0	0.16666666666666666	0	0.08333333333333333	0	0	0	0	0	0	0	0	0	0	0	0	0	0.024793388429752063	0.008264462809917356	0.01652892561983471	0.01652892561983471	0.012396694214876032	0.008264462809917356	0.012396694214876032	0.0	0.0	0.0	0.008264462809917356	0.0	0.0	0.0	0.0	0.008264462809917356	0.02066115702479339	0.0	0.0	0.012396694214876032	22
Mycobacterium_avium_subsp._paratuberculosis	0	0	0	0	0	0	0	0	0	0	0	0	0	0	0	0	0	0	0	0	0.015151515151515152	0.0	0.022727272727272724	0.015151515151515152	0.007575757575757576	0.022727272727272724	0.0	0.022727272727272724	0.0	0.007575757575757576	0.0	0.015151515151515152	0.0	0.0	0.0	0.015151515151515152	0.0	0.0	0.03787878787878788	0.0	12
Mycobacterium_canettii	0	0.5	0	0	0	0	0	0	0	0	0	0	0	0	0	0	0.3333333333333333	0	0	0	0.0	0.03636363636363636	0.0	0.01818181818181818	0.0	0.0	0.0	0.01818181818181818	0.0	0.01818181818181818	0.01818181818181818	0.01818181818181818	0.01818181818181818	0.0	0.0	0.01818181818181818	0.03636363636363636	0.0	0.01818181818181818	0.0	5
Mycobacterium_colombiense	0	0	0	0	0	0	0	0	0	0	0	0	0	0	0	0	0	0	0	0	0	0	0	0	0	0	0	0	0	0	0	0	0	0	0	0	0	0	0	0	0
Mycobacterium_colombiense_CECT_3035	0	0	0	0	0	0	0	1.0	0	0	0	0	0	0	0	0	0	0	0	0	0.015151515151515152	0.015151515151515152	0.0	0.015151515151515152	0.0	0.0	0.0	0.015151515151515152	0.015151515151515152	0.0	0.0	0.015151515151515152	0.0	0.0	0.015151515151515152	0.0	0.0	0.0	0.015151515151515152	0.0	6
Mycobacterium_intracellulare	0	0	0	0	0.2	0	0	0.14285714285714285	0	0	0	0	0	0.16666666666666666	0	0	0.16666666666666666	0	0	0.14285714285714285	0.010101010101010102	0.005050505050505051	0.010101010101010102	0.0303030303030303	0.0303030303030303	0.020202020202020204	0.010101010101010102	0.010101010101010102	0.005050505050505051	0.005050505050505051	0.01515151515151515	0.005050505050505051	0.010101010101010102	0.010101010101010102	0.0	0.010101010101010102	0.010101010101010102	0.005050505050505051	0.01515151515151515	0.005050505050505051	18
Mycobacterium_intracellulare_subsp._yongonense	0.5	0	0	0	0	0.3	0.6666666666666666	0	0	0	0.7142857142857143	0	0	0.3333333333333333	0.3	0	0	0	0	0	0.022727272727272728	0.0	0.0	0.00909090909090909	0.00909090909090909	0.02727272727272727	0.022727272727272728	0.004545454545454545	0.013636363636363636	0.00909090909090909	0.031818181818181815	0.004545454545454545	0.00909090909090909	0.00909090909090909	0.013636363636363636	0.0	0.022727272727272728	0.02727272727272727	0.01818181818181818	0.01818181818181818	20
Mycobacterium_kansasii	0.05555555555555555	0	0	0.058823529411764705	0	0.11764705882352941	0	0	0	0.13333333333333333	0	0	0	0	0.07692307692307693	0	0.15384615384615385	0	0	0.1	0.015521064301552106	0.004434589800443459	0.006651884700665188	0.006651884700665188	0.011086474501108647	0.015521064301552106	0.013303769401330375	0.008869179600886918	0.008869179600886918	0.013303769401330375	0.011086474501108647	0.006651884700665188	0.0022172949002217295	0.006651884700665188	0.006651884700665188	0.004434589800443459	0.011086474501108647	0.013303769401330375	0.006651884700665188	0.011086474501108647	41
Mycobacterium_leprae	0	0	0	0	0	0	0	0	0	0	0	0	0	0	0	0	0	0	0	0	0	0	0	0	0	0	0	0	0	0	0	0	0	0	0	0	0	0	0	0	0
Mycobacterium_leprae_Kyoto-2	0	0	0	0	1.0	0	0	0	0	0	0	0	0	0	0	0	0	0	0	0	0.0	0.09090909090909091	0.0	0.0	0.09090909090909091	0.0	0.0	0.0	0.0	0.0	0.0	0.0	0.0	0.0	0.0	0.0	0.0	0.0	0.0	0.0	1
Mycobacterium_marseillense	0	0	0	0	0	0	0	0	0	0	0	0	0	0	0	0	0	0	0	0	0.011363636363636364	0.0	0.0	0.0	0.011363636363636364	0.011363636363636364	0.0	0.0	0.0	0.0	0.0	0.022727272727272728	0.0	0.0	0.0	0.011363636363636364	0.011363636363636364	0.0	0.011363636363636364	0.011363636363636364	8
Mycobacterium_sp._JS623	0.2	0.5	0	0	0	0.1111111111111111	0	0	0	0	0.14285714285714285	0	0	0	0	0.125	0	0.16666666666666666	0	0.4	0.008264462809917356	0.02066115702479339	0.01652892561983471	0.0	0.008264462809917356	0.004132231404958678	0.0	0.0	0.008264462809917356	0.004132231404958678	0.02066115702479339	0.02066115702479339	0.008264462809917356	0.004132231404958678	0.0	0.004132231404958678	0.004132231404958678	0.01652892561983471	0.008264462809917356	0.028925619834710745	22
Mycobacterium_sp._YC-RL4	0.3333333333333333	0	0	0	0	0	0	0	0	0	0	0	0	0	0	0	0	0	0	0	0.01818181818181818	0.006060606060606061	0.0	0.006060606060606061	0.006060606060606061	0.0	0.012121212121212121	0.006060606060606061	0.006060606060606061	0.012121212121212121	0.0	0.012121212121212121	0.0	0.0	0.0	0.0	0.0	0.012121212121212121	0.012121212121212121	0.0	15
Mycobacterium_tuberculosis	0	0	0	0	0	0	0	0	0.5	0	0	0	0	0	0	0	0	0	0	1.0	0.0	0.015151515151515152	0.007575757575757576	0.0	0.015151515151515152	0.0	0.0	0.022727272727272724	0.030303030303030304	0.0	0.0	0.0	0.0	0.0	0.03787878787878788	0.015151515151515152	0.0	0.0	0.0	0.015151515151515152	12
Mycobacterium_tuberculosis_KZN_1435	0	0	0	0	0.0625	0	0	0	0	0	0	0	0	0	0	0	0	0	0	0	0.0202020202020202	0.0033670033670033673	0.01346801346801347	0.03367003367003367	0.0033670033670033673	0.01346801346801347	0.0101010101010101	0.0202020202020202	0.0	0.0202020202020202	0.0033670033670033673	0.0	0.03367003367003367	0.0	0.01346801346801347	0.0	0.0033670033670033673	0.0	0.016835016835016835	0.016835016835016835	27
Mycobacterium_tuberculosis_complex	0	0	0	0	0.11764705882352941	0	0	0.11764705882352941	0	0	0	0	0	0	0.8235294117647058	0	0.1509433962264151	0	0	0	0.01818181818181818	0.01818181818181818	0.013852813852813853	0.012121212121212121	0.011255411255411256	0.006926406926406926	0.006926406926406926	0.014718614718614718	0.015584415584415586	0.013852813852813853	0.0	0.0	0.0	0.02683982683982684	0.012987012987012986	0.0	0.011255411255411256	0.006926406926406926	0.029437229437229435	0.005194805194805195	105
Mycobacterium_tuberculosis_variant_africanum	0	0	0	0	0	0	0	0	0	0	0	0	0	0	0	0	0	0	0	0	0	0	0	0	0	0	0	0	0	0	0	0	0	0	0	0	0	0	0	0	0
Mycobacterium_tuberculosis_variant_bovis	0	0	0	0	0	0	0	0	0	0	0	0	0	0	0	0	0	0	0	0	0	0	0	0	0	0	0	0	0	0	0	0	0	0	0	0	0	0	0	0	0
Mycobacteroides_abscessus	0	0	0	0	0	0	0	0.06306306306306306	0	0	0	0	0	0	0	0	0	0.17006802721088435	0	0.22077922077922077	0.002499218994064355	0.0	0.005935645110902843	0.007810059356451109	0.0021868166198063103	6.248047485160887E-4	0.002499218994064355	0.002499218994064355	0.004686035613870665	0.0	0.003748828491096532	0.004061230865354577	0.006560449859418932	0.009684473601999376	0.004061230865354577	0.012496094970321774	0.0	0.010309278350515464	0.030303030303030304	0.017806935332708527	291
Mycobacteroides_abscessus_subsp._abscessus	0	0	0	0	0	0	0	0	0	0.3333333333333333	0	0	0	0	0	0	0	0	0	0	0.05555555555555555	0.010101010101010102	0.010101010101010102	0.0	0.005050505050505051	0.0	0.0	0.0	0.005050505050505051	0.025252525252525252	0.0	0.05555555555555555	0.0	0.0	0.0	0.0	0.0	0.05555555555555555	0.010101010101010102	0.0	18
Mycobacteroides_abscessus_subsp._bolletii	0	0	0	0	0	0	0	0	0	0	0	0	0	0	0	0	0	0	0	0	0.0	0.0	0.0	0.0	0.0	0.0	0.0	0.0	0.0	0.0	0.0	0.0	0.0	0.0	0.0	0.0	0.0	0.09090909090909091	0.0	0.0	1
Mycobacteroides_abscessus_subsp._massiliense	0	0	0	0	0	0	0	0	0	0	0	0	0	0	0	0	0	0	0	0	0.0	0.0	0.0	0.0	0.0	0.0	0.0	0.006993006993006993	0.0	0.0	0.0	0.013986013986013986	0.0	0.0034965034965034965	0.0	0.0	0.0	0.006993006993006993	0.0	0.0	26
Mycobacteroides_abscessus_subsp._massiliense_CCUG_48898_=_JCM_15300	0	0	0.07142857142857142	0	0	0	0	0	0	0	0	0	0	0	0	0	0	0	0	0	0.0	0.0	0.01616161616161616	0.01414141414141414	0.01414141414141414	0.01414141414141414	0.0	0.01414141414141414	0.0	0.0202020202020202	0.0	0.0	0.0	0.0	0.0	0.0	0.0	0.0	0.0	0.0	45
Mycoplasma_haemocanis	0	0	0	0	0	0	0	0	0	0	0	0	0	0	0	0	0	0	0	0	0	0	0	0	0	0	0	0	0	0	0	0	0	0	0	0	0	0	0	0	0
Mycoplasma_haemofelis	0	0	0	0	0	0	0	0	0	0	0	0	0	0	0	0	0	0	0	0	0	0	0	0	0	0	0	0	0	0	0	0	0	0	0	0	0	0	0	0	0
Mycoplasma_haemofelis_str._Langford_1	0	0	0	0	0	0	0	0	0	0	0	0	0	0	0	0	0	0	0	0	0.0	0.045454545454545456	0.0	0.0	0.045454545454545456	0.0	0.0	0.0	0.0	0.0	0.0	0.045454545454545456	0.045454545454545456	0.0	0.0	0.0	0.0	0.0	0.045454545454545456	0.045454545454545456	2
Mycoplasma_mycoides	0	0	0	0	0	0	0	0	0	0	0	0	0	0	0	0	0	0	0	0	0	0	0	0	0	0	0	0	0	0	0	0	0	0	0	0	0	0	0	0	0
Mycoplasma_ovipneumoniae	0	0	0	0	0	0	0	0	0	0	0	0	0	0	0	0	0	0	0	0	0	0	0	0	0	0	0	0	0	0	0	0	0	0	0	0	0	0	0	0	0
Mycoplasma_pneumoniae	0	0	0	0	0	0	0	0	0	0	0	0	0	0	0	0	0	0	0	0	0	0	0	0	0	0	0	0	0	0	0	0	0	0	0	0	0	0	0	0	0
Neisseria_elongata	0	0	0	0	0	0	0	0	0	0	0	0	0	0	0	0	0	0	0	0	0	0	0	0	0	0	0	0	0	0	0	0	0	0	0	0	0	0	0	0	0
Neisseria_elongata_subsp._glycolytica	0	0	0	0.5	1.0	0	0	0.5	0	0	0	0	0	0	0	0	0	0	0	0	0.0	0.0	0.0	0.030303030303030304	0.06060606060606061	0.0	0.0	0.030303030303030304	0.0	0.0	0.0	0.0	0.030303030303030304	0.030303030303030304	0.0	0.0	0.0	0.030303030303030304	0.030303030303030304	0.0	3
Neisseria_gonorrhoeae	0	0	0	0	0	0	0	0	0	0	0	0	0	0	0	0	0	0	0	0	0.0	0.0	0.0	0.0	0.0	0.0	0.0	0.0	0.0	0.0	0.0	0.0	0.0	0.0	0.0	0.0	0.006993006993006993	0.0	0.0	0.03496503496503496	13
Neisseria_gonorrhoeae_NG-k51.05	0	0	0.5853658536585366	0	0	1.0	0	0	0	0	0	0	0	0	0	0	0	0	0	0	0.0	0.0	0.04195804195804195	0.0	0.0	0.04195804195804195	0.0	0.019230769230769232	0.0	0.0	0.0	0.0	0.0	0.0	0.0	0.02972027972027972	0.02972027972027972	0.0	0.0	0.0	52
Neisseria_meningitidis	1.0	0	0	0	0	0	0	0	0	0	0	0	0	0	0	0.8888888888888888	0	0	1.0	0.8888888888888888	0.016233766233766232	0.0	0.012987012987012988	0.027597402597402596	0.030844155844155844	0.027597402597402596	0.03896103896103896	0.0	0.0	0.0	0.0	0.0	0.0	0.006493506493506494	0.03896103896103896	0.03896103896103896	0.025974025974025976	0.0	0.025974025974025976	0.025974025974025976	56
Neisseria_meningitidis_LNP21362	0	0	0	0	0	0	0	0	0	0	0	0	0	0	0	0	0	0	0	0	0.0	0.0	0.09090909090909091	0.0	0.0	0.0	0.0	0.0	0.0	0.0	0.09090909090909091	0.0	0.0	0.0	0.0	0.0	0.0	0.0	0.0	0.0	1
Neisseria_mucosa	0	0	0	0	0	0	0	0	0	0	0	0	0	0	0	0	0	0	1.0	0	0.045454545454545456	0.0	0.0	0.0	0.0	0.045454545454545456	0.0	0.0	0.045454545454545456	0.045454545454545456	0.0	0.0	0.0	0.0	0.0	0.045454545454545456	0.045454545454545456	0.0	0.045454545454545456	0.0	2
Neisseria_sicca	0	0	0	0	0	0	0	0	0	0	0	0	0	0	0	0	0	0	0	0	0.0	0.0	0.0	0.0	0.0	0.0	0.0	0.0	0.0	0.0	0.0	0.0	0.0	0.0	0.0	0.09090909090909091	0.0	0.0	0.0	0.0	1
Neisseria_subflava	0	0	0	0	0	0	0	0	0	0	0	0	0	0	0	0	0	0	0	0	0	0	0	0	0	0	0	0	0	0	0	0	0	0	0	0	0	0	0	0	0
Neisseria_weaveri	0	0	0	0	0	0	0	0	0	0	0	0	0	0	0	0	0	0	0	0	0.0	0.0	0.0	0.0	0.09090909090909091	0.0	0.0	0.0	0.0	0.0	0.0	0.0	0.0	0.0	0.0	0.0	0.0	0.0	0.0	0.0	1
Orthohepadnavirus	0	0	0	0	0	0	0	0	0	0	0	0	0	0	0	0	0	0	0	0	0	0	0	0	0	0	0	0	0	0	0	0	0	0	0	0	0	0	0	0	0
Orthopoxvirus	0	0	0	0	0	0	0	0	0	0	0	0	0	0	0	0	0	0	0	0	0	0	0	0	0	0	0	0	0	0	0	0	0	0	0	0	0	0	0	0	0
Paraavulavirus	0	0	0	0	0	0	0	0	0	0	0	0	0	0	0	0	0	0	0	0	0	0	0	0	0	0	0	0	0	0	0	0	0	0	0	0	0	0	0	0	0
Parvimonas_micra	0	0	0	0	0	0	0	0	0	0	0	0	0	0	0	0	0	0	0	0	0	0	0	0	0	0	0	0	0	0	0	0	0	0	0	0	0	0	0	0	0
Pasteurella_multocida	1.0	1.0	0.38461538461538464	0	0	0	0	0	0.2	0.5454545454545454	0.1724137931034483	0	0	0.16666666666666666	0	0	0	0	0	0.65	0.0306553911205074	0.04016913319238901	0.010570824524312896	0.009513742071881607	0.005285412262156448	0.005285412262156448	0.010570824524312896	0.0412262156448203	0.011627906976744186	0.006342494714587738	0.005285412262156448	0.014799154334038054	0.004228329809725159	0.005285412262156448	0.005285412262156448	0.012684989429175475	0.0021141649048625794	0.017970401691331923	0.006342494714587738	0.013742071881606767	86
Pasteurella_multocida_subsp._gallicida	0	0	0	0	0	0	0	0	0	0	0	0	0	0	0	0	0	0	0	0	0.0	0.0	0.07272727272727272	0.0	0.0	0.0	0.0	0.0	0.07272727272727272	0.0	0.01818181818181818	0.0	0.0	0.0	0.0	0.0	0.0	0.0	0.0	0.0	5
Pasteurella_multocida_subsp._multocida	0	0	0	0	0	0	0	0	0	0	0	0	0	0	0	0	0	0	0	0	0.04958677685950413	0.0	0.0	0.01652892561983471	0.0	0.0	0.0	0.012396694214876032	0.0	0.012396694214876032	0.024793388429752063	0.0	0.0	0.0	0.0	0.0	0.0	0.012396694214876032	0.004132231404958678	0.0	22
Pasteurella_multocida_subsp._multocida_OH4807	0.5	0	0	0	0	0	0	0	0	0	0	0	0	0	0	0	0	0.6666666666666666	1.0	0.6666666666666666	0.005681818181818182	0.0	0.0	0.005681818181818182	0.0	0.0	0.0	0.0	0.0	0.0	0.0	0.0	0.005681818181818182	0.0	0.0	0.005681818181818182	0.005681818181818182	0.011363636363636364	0.005681818181818182	0.011363636363636364	16
Pasteurella_multocida_subsp._multocida_P1062	0	0	1.0	0	0	0	1.0	0	0	0	0	0	0	0	0	0	0	0	0	0	0.0	0.0	0.0909090909090909	0.0	0.0	0.0	0.0909090909090909	0.0	0.0	0.0	0.030303030303030304	0.0	0.0	0.0	0.0	0.0	0.06060606060606061	0.0	0.0	0.0	3
Pasteurella_multocida_subsp._multocida_str._3480	0	0	0	0	0	0	0	0	0	0	0	0	0	0	0	0	0	0	0	0	0.0	0.0	0.0909090909090909	0.0	0.0	0.0	0.0	0.0	0.0	0.0909090909090909	0.0	0.0	0.0	0.0	0.0	0.0	0.0	0.015151515151515152	0.0	0.0	6
Peptostreptococcus_anaerobius	0	0	0	0	0	0	0	0	0	0	0	0	0	0	0	0	0	0	0	0	0	0	0	0	0	0	0	0	0	0	0	0	0	0	0	0	0	0	0	0	0
Polyomaviridae	0	0	0	0	0	0	0	0	0	0	0	0	0	0	0	0	0	0	0	0	0	0	0	0	0	0	0	0	0	0	0	0	0	0	0	0	0	0	0	0	0
Porphyromonas_gingivalis	1.0	0	0	0	0	0	0	0	0	0	0	0	0	0	0	0	0	0	0	0	0.06493506493506493	0.0	0.0	0.0	0.0	0.0	0.025974025974025976	0.06493506493506493	0.0	0.06493506493506493	0.05194805194805195	0.0	0.0	0.0	0.025974025974025976	0.0	0.0	0.0	0.0	0.0	7
Porphyromonas_gingivalis_W83	0	0	0	0	0	0	0	0	0	0	0	0	0	0	0	0	0	0	0	0	0	0	0	0	0	0	0	0	0	0	0	0	0	0	0	0	0	0	0	0	0
Rickettsia_africae	0	0	0	0	0	0	0	0	0	0	0	0	0	0	0	0	0	0	0	0	0	0	0	0	0	0	0	0	0	0	0	0	0	0	0	0	0	0	0	0	0
Rickettsia_akari	0	0	0	0	0	0	0	0	0	0	0	0	0	0	0	0	0	0	0	0	0	0	0	0	0	0	0	0	0	0	0	0	0	0	0	0	0	0	0	0	0
Rickettsia_conorii	0	0	0	0	0	0	0	0	0	0	0	0	0	0	0	0	0	0	0	0	0	0	0	0	0	0	0	0	0	0	0	0	0	0	0	0	0	0	0	0	0
Rickettsia_felis	0	0	0	0	0	0	0	0	0	0	0	0	0	0	0	0	0	0	0	0	0	0	0	0	0	0	0	0	0	0	0	0	0	0	0	0	0	0	0	0	0
Rickettsia_japonica	0	0	0	0	0	0	0	0	0	0	0	0	0	0	0	0	0	0	0	0	0	0	0	0	0	0	0	0	0	0	0	0	0	0	0	0	0	0	0	0	0
Rickettsia_prowazekii	0	0	0	0	0	0	0	0	0	0	0	0	0	0	0	0	0	0	0	0	0	0	0	0	0	0	0	0	0	0	0	0	0	0	0	0	0	0	0	0	0
Rickettsia_rickettsii	0	0	0	0	0	0	0	0	0	0	0	0	0	0	0	0	0	0	0	0	0	0	0	0	0	0	0	0	0	0	0	0	0	0	0	0	0	0	0	0	0
Rickettsia_sibirica	0	0	0	0	0	0	0	0	0	0	0	0	0	0	0	0	0	0	0	0	0	0	0	0	0	0	0	0	0	0	0	0	0	0	0	0	0	0	0	0	0
Rickettsia_typhi	0	0	0	0	0	0	0	0	0	0	0	0	0	0	0	0	0	0	0	0	0	0	0	0	0	0	0	0	0	0	0	0	0	0	0	0	0	0	0	0	0
Salmonella_enterica	0	0	0	1.0	0	0	0	0	0	0	0	0	0	0	0	0	0	0	0	0	0.0	0.0	0.0	0.04234122042341221	0.0	0.0	0.0	0.0	0.0	0.0	0.041303445413034455	8.302200083022001E-4	0.0	0.0	0.0	0.0	0.0	8.302200083022001E-4	0.0	0.0	438
Salmonella_enterica_subsp._enterica	0	0.012345679012345678	0.5038167938931297	0	0	0	0	0	0	0	0	0	0	0	0	0	0	0	0.8461538461538461	0	0.005213424568263278	0.03290974258716194	0.03160638644509612	0.0	0.0	0.0	0.026718800912349298	0.0	0.0	0.0	0.0	0.024112088628217662	0.0	0.005213424568263278	0.002280873248615184	0.03258390355164549	0.0	0.004235907461713913	0.03714565004887586	0.0	279
Salmonella_enterica_subsp._enterica_serovar_Indiana	0	0	0	0	0	0	0	0	0	0	0	0	0	0	0	0	0	0	0	0	0.0	0.0	0.0	0.0	0.0	0.0	0.0	0.09090909090909091	0.0	0.0	0.0	0.0	0.0	0.0	0.0	0.0	0.09090909090909091	0.0	0.0	0.0	1
Salmonella_enterica_subsp._enterica_serovar_Infantis_str._SARB27	0	0	0	0	0	0	0	0	0	0	0	0	0	0	0	0	0	0	0	0	0.0	0.0	0.0	0.09090909090909091	0.0	0.0	0.0	0.0	0.0	0.0	0.0	0.0	0.0	0.0	0.0	0.0	0.0	0.0	0.0	0.0	1
Salmonella_enterica_subsp._enterica_serovar_Typhimurium	0	0	0	0	0	0	0	0	0	0	0	0	0	0	0	0	0	0	0	0	0	0	0	0	0	0	0	0	0	0	0	0	0	0	0	0	0	0	0	0	0
Salmonella_enterica_subsp._houtenae_str._ATCC_BAA-1581	0	0	0	0	0	0	0	0	0	0	0	0	0	0	0	0	0	0	0	0	0.09090909090909091	0.0	0.0	0.0	0.0	0.0	0.0	0.0	0.0	0.0	0.0	0.0	0.0	0.0	0.0	0.0	0.0	0.09090909090909091	0.0	0.0	1
Sheeppox_virus	0	0	0	0	0	0	0	0	0	0	0	0	0	0	0	0	0	0	0	0	0	0	0	0	0	0	0	0	0	0	0	0	0	0	0	0	0	0	0	0	0
Shigella_boydii	0	0	0	0	0	0	0	0	0	0	0	0	0	0	0	0	0	0	0	0	0	0	0	0	0	0	0	0	0	0	0	0	0	0	0	0	0	0	0	0	0
Shigella_dysenteriae	0	0	0	0	0	0	0	0	0	0	0	0	0	0	0	0	0	0	0	0	0	0	0	0	0	0	0	0	0	0	0	0	0	0	0	0	0	0	0	0	0
Shigella_flexneri	0	0	0	0	0	0	0	0	0	0	0	0	0	0	0	0	0	0	0	0	0	0	0	0	0	0	0	0	0	0	0	0	0	0	0	0	0	0	0	0	0
Shigella_sonnei	0	0	0	0	0	0	0	0	0	0	0	0	0	0	0	0	0	0	0	0	0	0	0	0	0	0	0	0	0	0	0	0	0	0	0	0	0	0	0	0	0
Simian_virus_12	0	0	0	0	0	0	0	0	0	0	0	0	0	0	0	0	0	0	0	0	0	0	0	0	0	0	0	0	0	0	0	0	0	0	0	0	0	0	0	0	0
Staphylococcus_aureus	0	0	0	0	0	0	0	0	0	0	0	0	0	0	0	0	0	0	0	0	0	0	0	0	0	0	0	0	0	0	0	0	0	0	0	0	0	0	0	0	0
Staphylococcus_cohnii	0	0	0	0	0	0	0	0	0	0	0	0	0	0	0	0	0	0	0	0	0	0	0	0	0	0	0	0	0	0	0	0	0	0	0	0	0	0	0	0	0
Staphylococcus_epidermidis	0	0	0	0	0	0	0	0	0	0	0	0	0	0	0	0	0	0	0	0	0	0	0	0	0	0	0	0	0	0	0	0	0	0	0	0	0	0	0	0	0
Staphylococcus_equorum	0	0	0	0	0	0	0	0	0	0	0	0	0	0	0	0	0	0	0	0	0	0	0	0	0	0	0	0	0	0	0	0	0	0	0	0	0	0	0	0	0
Staphylococcus_hominis	0	0	1.0	0	0	0	0	0	0	0	0	0	0	0	0	0	0	0	0	0	0.0	0.0	0.09090909090909091	0.0	0.0	0.0	0.0	0.0	0.0	0.0	0.0	0.0	0.0	0.0	0.0	0.0	0.09090909090909091	0.0	0.0	0.0	1
Staphylococcus_nepalensis	0	0	0	0	0	0	0	0	0	0	0	0	0	0	0	0	0	0	0	0	0	0	0	0	0	0	0	0	0	0	0	0	0	0	0	0	0	0	0	0	0
Staphylococcus_saprophyticus	0	0	0	0	0	0	0	0	0	0	0	0	0	0	0	0	0	0	0	0	0	0	0	0	0	0	0	0	0	0	0	0	0	0	0	0	0	0	0	0	0
Staphylococcus_simulans	0	0	0	0	0	0	0	0	0	0	0	0	0	0	0	0	0	0	0	0	0	0	0	0	0	0	0	0	0	0	0	0	0	0	0	0	0	0	0	0	0
Staphylococcus_succinus	0	0	0	0	0	0	0	0	0	0	0	0	0	0	0	0	0	0	0	0	0	0	0	0	0	0	0	0	0	0	0	0	0	0	0	0	0	0	0	0	0
Streptococcus_agalactiae	0	0	0	0	0	0	1.0	0	0	0	0	0	0	0	0	0	0	0	0	0	0.0	0.0	0.0	0.0	0.0	0.09090909090909091	0.09090909090909091	0.0	0.0	0.0	0.0	0.07272727272727272	0.0	0.0	0.0	0.0	0.0	0.07272727272727272	0.0	0.0	5
Streptococcus_anginosus	0	0	0	0	1.0	0	0	0	0	0	0	0	0	0	0	0	0	0	0	0	0.0	0.0	0.0	0.0	0.045454545454545456	0.0	0.0	0.0	0.0	0.0	0.0	0.0	0.0	0.0	0.0	0.045454545454545456	0.0	0.0	0.0	0.0	4
Streptococcus_canis	0	0	0	0	0	0	0	0	0	0	0	0	0	0	0	0	0	0	0	0	0.0	0.0	0.0	0.09090909090909091	0.0	0.0	0.09090909090909091	0.0	0.0	0.0	0.0	0.0	0.0	0.0	0.0	0.0	0.0	0.0	0.0	0.0	4
Streptococcus_cristatus	0	0	0	0	0	0	0	0	0	0	0	0	0	0	0	0	0	0	0	0	0.0	0.0	0.0	0.0	0.0	0.0	0.0	0.0	0.0	0.0	0.0	0.0	0.0	0.0	0.09090909090909091	0.0	0.0	0.0	0.0	0.0	1
Streptococcus_dysgalactiae	0	0	0	0	0	0	0	0	0	0	0	0	0	0	0	0	0	0	0	0	0.0	0.0	0.0	0.0	0.0	0.0	0.0	0.09090909090909091	0.0	0.0	0.0	0.0	0.0	0.0	0.0	0.0	0.0	0.0	0.0	0.0	1
Streptococcus_dysgalactiae_subsp._equisimilis	0	0	0	0	0	0	0	0	0	0	0	0	0	0	0	0	0	0	0	0	0.0	0.0	0.0	0.0	0.0	0.0	0.0	0.0	0.0	0.0	0.0	0.0	0.0	0.0	0.0	0.0	0.0	0.030303030303030304	0.0	0.0	3
Streptococcus_equi	1.0	0	0	0	0	0	0	0	0	0	0	0	0	0	0	0	0	0.34782608695652173	0	1.0	0.056818181818181816	0.0	0.0	0.0	0.0	0.0	0.0	0.0	0.034090909090909095	0.0	0.0	0.0	0.0	0.0	0.0	0.056818181818181816	0.0	0.030303030303030304	0.0	0.030303030303030304	24
Streptococcus_equi_subsp._zooepidemicus	0	0	0.125	0	0	0	0	0	0	0	0	0	0	0	0	0	0	0	0	0	0.0	0.0	0.005681818181818182	0.0	0.0	0.0	0.005681818181818182	0.0	0.0	0.0	0.0	0.0	0.03409090909090909	0.0	0.0	0.03409090909090909	0.0	0.0	0.03977272727272727	0.005681818181818182	16
Streptococcus_equi_subsp._zooepidemicus_CY	0	0	0	0	0	0	0	0	0	0	0	0	0	0	0	0	0	0	0	0	0.0	0.0	0.0	0.0	0.0	0.0	0.0	0.0	0.0909090909090909	0.0	0.0	0.07575757575757576	0.0	0.0	0.0	0.0	0.0	0.0	0.0	0.0	6
Streptococcus_equi_subsp._zooepidemicus_MGCS10565	0	0	0	0	0	0	0	1.0	0	0	0	0	0	0	0	0	0	0	0	0	0.0	0.0	0.0	0.0	0.0	0.0	0.0	0.0909090909090909	0.0	0.0	0.0	0.0	0.0	0.0	0.0	0.0	0.0	0.0	0.0	0.0909090909090909	3
Streptococcus_gallolyticus	0	0	0	0	0	0	0	0	0	0	0	0	0	0	0	0	0	0	0	0	0.0	0.0	0.0	0.0	0.0	0.0	0.0	0.0	0.0	0.0	0.0	0.0	0.0	0.0	0.0	0.0	0.0	0.0	0.09090909090909091	0.0	1
Streptococcus_gallolyticus_UCN34	0	0	0	0	0	0	0	0	0	0	1.0	0	0	0	0	0	0	0	0	0.6666666666666666	0.0	0.0	0.0	0.0	0.0	0.0	0.0	0.0	0.0	0.0	0.045454545454545456	0.0	0.0	0.0	0.0	0.022727272727272728	0.0	0.0	0.0	0.045454545454545456	4
Streptococcus_gordonii	0	1.0	0	0	0	1.0	1.0	0	0	0	0	0	0	0	0	0	0	0	0	0	0.0	0.0909090909090909	0.0	0.0	0.0909090909090909	0.0909090909090909	0.0909090909090909	0.0	0.0	0.0	0.0	0.0	0.0	0.0	0.0	0.0	0.030303030303030304	0.0	0.0	0.0	3
Streptococcus_gordonii_str._Challis_substr._CH1	0	0	0	0	0	0	0	0	0	0	0	0	0	0	0	0	0	0	0	0	0	0	0	0	0	0	0	0	0	0	0	0	0	0	0	0	0	0	0	0	0
Streptococcus_intermedius	0	0	0	0	0	0	0	0	0	0	0	0	0	0	1.0	0	0	0	0	0	0.0	0.0	0.045454545454545456	0.0	0.0	0.06818181818181818	0.0	0.0	0.0	0.0	0.0	0.022727272727272728	0.0	0.022727272727272728	0.06818181818181818	0.0	0.0	0.0	0.0	0.0	4
Streptococcus_lutetiensis	1.0	0	0	0	0	0	0	0	0	0	0	0	0	0	0	0	0	0	0	0	0.030303030303030304	0.030303030303030304	0.0	0.0	0.0	0.030303030303030304	0.0	0.0	0.030303030303030304	0.030303030303030304	0.0	0.0	0.0	0.0	0.0	0.030303030303030304	0.0	0.0	0.0	0.0	3
Streptococcus_milleri	0	0	0	0	0	0	0	0	0	0	0	0	0	0	0	0	0	0	0	0	0	0	0	0	0	0	0	0	0	0	0	0	0	0	0	0	0	0	0	0	0
Streptococcus_mitis	0	0	1.0	0	0	0	0	0	0	0	0	0	0	0	1.0	0	0	0	0	0	0.0	0.0	0.045454545454545456	0.0	0.0	0.0	0.0	0.0	0.0	0.0	0.0	0.0	0.0	0.0	0.09090909090909091	0.0	0.0	0.0	0.0	0.045454545454545456	2
Streptococcus_mitis_B6	0	0	0	0	0	0	0	0	0	0	0	0	0	0	0	0	0	0	0	0	0.0	0.0	0.0	0.0	0.0	0.0	0.0	0.0	0.0	0.0	0.0	0.0	0.0	0.0	0.0	0.0	0.0	0.0	0.0	0.09090909090909091	1
Streptococcus_mutans	0	0	0	0	0	0	0	0	0	0	0	0	1.0	0	0	0	0	0	0	0	0.0	0.0	0.0	0.0	0.06060606060606061	0.0	0.0	0.0	0.030303030303030304	0.0	0.0	0.0	0.030303030303030304	0.030303030303030304	0.0	0.0	0.0	0.0	0.0	0.030303030303030304	3
Streptococcus_mutans_UA159	0	0	0	0	0	1.0	0	0	0	0	0	0	0	0	0	0	0	0	0	0	0.0	0.0	0.09090909090909091	0.0	0.0	0.09090909090909091	0.0	0.0	0.0	0.0	0.0	0.0	0.0	0.0	0.09090909090909091	0.0	0.0	0.0	0.0	0.0	1
Streptococcus_oralis	0	0	0	0	0	0.75	0	0	0	0	0	0	0	1.0	0	0	0	0	0	0	0.0	0.022727272727272728	0.0	0.0	0.0	0.06818181818181818	0.0	0.0	0.0	0.0	0.0	0.0	0.0	0.06818181818181818	0.0	0.0	0.0	0.0	0.0	0.0	4
Streptococcus_oralis_Uo5	0	0	0	0	0	0	0	0	0	0	0	0	0	0	0	0	0	0	0	0	0.045454545454545456	0.0	0.0	0.0	0.0	0.045454545454545456	0.0	0.0	0.0	0.0	0.045454545454545456	0.0	0.0	0.045454545454545456	0.0	0.0	0.0	0.0	0.0	0.0	2
Streptococcus_parauberis	0	0	0	0	0	0	0	0	0	0	0	0	0	0	0	0	0	0	0	0	0	0	0	0	0	0	0	0	0	0	0	0	0	0	0	0	0	0	0	0	0
Streptococcus_pneumoniae	0	0	0	0	0	0	0	1.0	0	0	0	0	0	0	0	0	0	0	0	0	0.0	0.0	0.0	0.0	0.0	0.0	0.0	0.09090909090909091	0.0	0.09090909090909091	0.0	0.0	0.09090909090909091	0.0	0.0	0.0	0.0	0.0	0.0	0.0	1
Streptococcus_pneumoniae_CGSP14	0	0	0	0	0	1.0	0	0	0	0	0	0	1.0	0	0	0	0	0	0	0	0.0	0.0	0.0	0.0	0.0	0.09090909090909091	0.0	0.0	0.0	0.0	0.07954545454545454	0.0	0.09090909090909091	0.07954545454545454	0.0	0.0	0.0	0.07954545454545454	0.0	0.0	8
Streptococcus_pyogenes	0	0	0	0	0	0	0	0	0	0	0	0	0	0	0	0	0	0	0	0	0	0	0	0	0	0	0	0	0	0	0	0	0	0	0	0	0	0	0	0	0
Streptococcus_pyogenes_STAB1102	0	0	0	0	0	0	0	0	0	0	0	0	0	0	0	0	0	0	0	0	0.0	0.0	0.0	0.0	0.0	0.0	0.09090909090909091	0.0	0.0	0.0	0.0	0.06818181818181818	0.0	0.0	0.0	0.0	0.0	0.0	0.0	0.0	4
Streptococcus_salivarius	0	0	0	0	0	1.0	0	0	0	0	0	0	0	0	0	0	0	0	0	1.0	0.0	0.0	0.0	0.05844155844155845	0.0	0.05844155844155845	0.0	0.0	0.0	0.0	0.0	0.0	0.0	0.05194805194805195	0.032467532467532464	0.0	0.0	0.0	0.032467532467532464	0.05194805194805195	14
Streptococcus_salivarius_57.I	0	0	0	0	0	0	0	0	0	0	0	0	0	0	0	0	0	0	0	0	0.0	0.0	0.0	0.0	0.09090909090909091	0.09090909090909091	0.09090909090909091	0.0	0.0	0.0	0.0	0.0	0.0	0.0	0.0	0.0	0.0	0.0	0.0	0.0	1
Streptococcus_salivarius_JIM8777	0	0	0	0	0	0	0	0	0	0	0	0	0	0	0	0	0	0	0	0	0.09090909090909091	0.0	0.0	0.0	0.0	0.0	0.09090909090909091	0.0	0.0	0.0	0.0	0.0	0.0	0.0	0.0	0.0	0.0	0.0	0.0	0.0	1
Streptococcus_sanguinis	0	0	0	0	0	0	0	0	0	0	0	0	0	0	0	0	0	0	0	0	0	0	0	0	0	0	0	0	0	0	0	0	0	0	0	0	0	0	0	0	0
Streptococcus_sp._HSISM1	0	0	0	0	0	0	0	0	0	0	0	0	0	0	0	0	0	0	0	0	0	0	0	0	0	0	0	0	0	0	0	0	0	0	0	0	0	0	0	0	0
Streptococcus_suis	1.0	0.5476190476190477	0.6388888888888888	0	0	1.0	0.9230769230769231	0	0.5	0.48	0.9583333333333334	0	0	0	0	0	0	0	0.9090909090909091	0.6	0.025252525252525252	0.04292929292929293	0.02904040404040404	0.0012626262626262627	0.0012626262626262627	0.01515151515151515	0.016414141414141416	0.02904040404040404	0.01515151515151515	0.01515151515151515	0.02904040404040404	0.0	0.011363636363636364	0.0	0.0	0.0	0.0	0.0	0.012626262626262626	0.0037878787878787876	72
Streptococcus_suis_6407	1.0	0	0	0	0	0	0	0	0	0	0	0	0	0	0	0	0	0	0	0	0.09090909090909091	0.0	0.0	0.0	0.09090909090909091	0.0	0.0	0.0	0.0	0.0	0.09090909090909091	0.0	0.0	0.0	0.0	0.0	0.0	0.0	0.0	0.0	1
Streptococcus_suis_D12	0	0	0	0	0	0	0	0	0	0	0	0	0	0	0	0	0	0	0	0	0.0	0.0	0.0	0.0	0.0	0.0	0.0	0.0	0.0	0.0	0.0	0.0	0.0	0.0	0.0	0.0	0.09090909090909091	0.0	0.0	0.0	1
Streptococcus_suis_ST1	0	0	1.0	0	0	0	0	1.0	0	0	0	0	0	0	0	0	0	0	0	0	0.0	0.0	0.09090909090909091	0.0	0.0	0.0	0.0	0.09090909090909091	0.0	0.0	0.0	0.0	0.0	0.0	0.0	0.0	0.0	0.0	0.0	0.0	2
Streptococcus_suis_T15	0	0	0	0	0	0	0	0	0	0	0	0	0	0	0	0	0	0	0	0	0.0	0.0	0.0	0.0	0.0	0.0	0.0	0.0	0.0	0.0	0.0	0.0	0.0	0.0	0.0	0.0	0.0	0.0	0.045454545454545456	0.0	2
Streptococcus_suis_TL13	0	0	0	0	0	0	0	0	0	0	0	0	0	0	0	0	0	0	0	0	0.0	0.0	0.0	0.0	0.0	0.0	0.0	0.0	0.0	0.0	0.09090909090909091	0.0	0.09090909090909091	0.09090909090909091	0.0	0.0	0.0	0.0	0.0	0.0	1
Streptococcus_thermophilus	0	0	0	0	0	0	0	0	0	0	0	0	0	0	0	0	1.0	0	0	0	0.0	0.0	0.0	0.0	0.0	0.0	0.0	0.030303030303030304	0.0	0.0	0.0	0.030303030303030304	0.0	0.0	0.0	0.0	0.030303030303030304	0.030303030303030304	0.0	0.0	3
Tannerella_forsythia	0	0	1.0	0	0	1.0	0	0	0	0	0	0	0	0	0	0	0	0	0	0	0.0	0.0	0.045454545454545456	0.0	0.0	0.045454545454545456	0.045454545454545456	0.0	0.0	0.0	0.0	0.0	0.0	0.0	0.0	0.0	0.0	0.0	0.0	0.0	4
Tannerella_forsythia_92A2	0	0	0	0	0	0	0	0	0	0	0	0	0	0	0	0	0	0	0	0	0.09090909090909091	0.0	0.09090909090909091	0.0	0.0	0.0	0.0	0.0	0.0	0.0	0.0	0.0	0.0	0.0	0.0	0.0	0.0	0.0	0.0	0.0	1
Treponema	0	0	0	0	0	0	0	0	0	0	0	0	0	0	0	0	0	0	0	0	0.0	0.0	0.0	0.0	0.0	0.0	0.0	0.0	0.0	0.09090909090909091	0.0	0.0	0.0	0.0	0.0	0.0	0.0	0.0	0.0	0.0	1
Treponema_azotonutricium_ZAS-9	0	0	0	0	0	0	0	0	0	0	0	0	0	1.0	0	0	0	0	0	0	0.0	0.0	0.0	0.0	0.0	0.0	0.0	0.0	0.0	0.0	0.0	0.0	0.0	0.09090909090909091	0.0	0.0	0.0	0.0	0.0	0.0	1
Treponema_brennaborense_DSM_12168	0	0	0	0	0	0	0	0	0	0	0	0	0	0	0	0	0	0	0	0	0.09090909090909091	0.0	0.09090909090909091	0.0	0.0	0.0	0.0	0.0	0.0	0.0	0.0	0.0	0.0	0.0	0.0	0.0	0.0	0.0	0.09090909090909091	0.0	1
Treponema_denticola	0	0	0	0	0	0	0	0	0	0	0	0	0	0	0	0	0	0	0	0	0	0	0	0	0	0	0	0	0	0	0	0	0	0	0	0	0	0	0	0	0
Treponema_denticola_ATCC_35405	0	0	0	0	0	0	0	0	0	0	0	0	0	0	0	0	0	0	0	0	0	0	0	0	0	0	0	0	0	0	0	0	0	0	0	0	0	0	0	0	0
Treponema_pallidum	0	0	0	0	0	0	0	0	0	0	0	0	0	0	0	0	0	0	0	0	0	0	0	0	0	0	0	0	0	0	0	0	0	0	0	0	0	0	0	0	0
Treponema_pallidum_subsp._pallidum	0	0	0	0	0	0	0	0	0	0	0	0	0	0	0	0	0	0	0	0	0	0	0	0	0	0	0	0	0	0	0	0	0	0	0	0	0	0	0	0	0
Treponema_pallidum_subsp._pertenue	0	0	0	0	0	0	0	0	0	0	0	0	0	0	0	0	0	0	0	0	0	0	0	0	0	0	0	0	0	0	0	0	0	0	0	0	0	0	0	0	0
Treponema_phagedenis	0	0	0	0	0	0	0	0	0	0	0	1.0	0	0	0	0	0	0	0	1.0	0.0	0.0	0.0	0.0	0.0	0.0	0.0	0.09090909090909091	0.0	0.0	0.0	0.09090909090909091	0.0	0.09090909090909091	0.0	0.0	0.0	0.0	0.0	0.09090909090909091	1
Treponema_ruminis	0	0	0	0	0	0	0	0	0	0	0	0	0	0	0	0	0	0	0	0	0.0	0.0	0.09090909090909091	0.0	0.0	0.0	0.0	0.0	0.0	0.0	0.0	0.0	0.0	0.0	0.09090909090909091	0.0	0.0	0.0	0.0	0.0	1
Treponema_socranskii_subsp._buccale	0	0	0	0	0	0	0	0	0	0	0	0	0	0	0	0	0	0	0	0	0.0	0.0	0.0	0.0	0.0	0.0	0.0	0.0	0.0	0.0	0.0	0.0	0.0	0.0	0.0	0.0	0.0	0.0	0.0	0.0	1
Treponema_succinifaciens_DSM_2489	0	0	0	0	0	0	0	0	0	0	0	0	0	0	0	0	0	0	0	0	0.0	0.0	0.0	0.0	0.0	0.0	0.0	0.0	0.0	0.0	0.0	0.0	0.0	0.0	0.0	0.0	0.0	0.0	0.0	0.0	1
Veillonella_parvula	0	0	0	0	0	0	0	0	0	0	0	0	0	0	0	0	0	0	0	0	0	0	0	0	0	0	0	0	0	0	0	0	0	0	0	0	0	0	0	0	0
Veillonella_parvula_HSIVP1	0	0	0	0	0	0	0	0	0	0	0	0	0	0	0	0	0	0	0	0	0.0	0.0	0.0	0.0	0.0	0.0	0.0	0.0	0.0	0.0	0.0	0.0	0.0	0.0	0.0	0.0	0.0	0.0	0.0	0.0	1
Vesicular_stomatitis_Indiana_virus	0	0	0	0	0	0	0	0	0	0	0	0	0	0	0	0	0	0	0	0	0	0	0	0	0	0	0	0	0	0	0	0	0	0	0	0	0	0	0	0	0
Vibrio_anguillarum	0	0	0	0	0	0	0	0	0	0	0	0	0.3333333333333333	0	0	0	0	0	0	0	0.0	0.0	0.0	0.0	0.06818181818181818	0.0	0.0	0.022727272727272728	0.0	0.022727272727272728	0.022727272727272728	0.0	0.022727272727272728	0.0	0.0	0.0	0.022727272727272728	0.045454545454545456	0.0	0.045454545454545456	4
Vibrio_anguillarum_775	0	0	0	0	0	0	0	0	0	0	0	0	0	0	0	0	0	0	0	0	0.034482758620689655	0.0	0.0	0.0	0.0	0.0	0.0	0.0	0.0	0.0	0.0	0.0	0.0	0.0	0.0	0.0	0.034482758620689655	0.0	0.0	0.05329153605015674	29
Vibrio_cholerae	0	0	0	0	0	0	0	0	0	0	0	0	0	0	0	0	0	0	0	0	0.0	0.0	0.0	0.0	0.09090909090909091	0.0	0.0	0.0	0.0	0.0	0.0	0.0	0.0	0.09090909090909091	0.0	0.0	0.09090909090909091	0.0	0.0	0.0	1
Vibrio_furnissii	0	0	0	0	0	0	0	0	0	0	0	0	0	0	0	0	0	0	0	0	0.0	0.0	0.0	0.0	0.0	0.0	0.0	0.0	0.0	0.0	0.0	0.0	0.0	0.0	0.0	0.0	0.0	0.0	0.0	0.0	1
Vibrio_parahaemolyticus	0	0	0	0	0	0	0	0	0	1.0	0	0	0	0	0	0	0	0	0	0	0.0	0.0	0.0	0.0	0.0	0.0	0.0	0.0	0.0	0.09090909090909091	0.0	0.07272727272727272	0.0	0.0	0.0	0.0	0.07272727272727272	0.0	0.0	0.07272727272727272	5
Vibrio_splendidus	0	0	0	0	0	0	0	0	0	0	0	0	0	0	0	0	0	0	0	0	0.0	0.0	0.0	0.0	0.0	0.0	0.0	0.0	0.0	0.0	0.0	0.0	0.0	0.0	0.0	0.0	0.09090909090909091	0.0	0.0	0.0	1
Vibrio_vulnificus	0	0	0	0	0	0	0	1.0	0	0	0	0	0	0	0	0	0	0	0	0	0.0	0.005050505050505051	0.0	0.005050505050505051	0.0	0.0	0.0	0.005050505050505051	0.0	0.0	0.0	0.0	0.0	0.0	0.0	0.0	0.0	0.005050505050505051	0.0	0.0	18
Vibrio_vulnificus_VVyb1(BT3)	0	0	0	0	0	0	0	0	0	0	0	0	0	0	0	0	0	0	0	0	0.0	0.0	0.0	0.0	0.0	0.0	0.0	0.0	0.0	0.0	0.0	0.0	0.0	0.0	0.09090909090909091	0.0	0.0	0.0	0.0	0.0	1
Yersinia_aldovae	0	0	0	0	0	0	0	0	0	0	0	0	0	0	0	0	0	0	0	0	0	0	0	0	0	0	0	0	0	0	0	0	0	0	0	0	0	0	0	0	0
Yersinia_aleksiciae	0	0	0	0	0	0	0	0	0	0	0	0	0	0	0	0	0	0	0	0	0	0	0	0	0	0	0	0	0	0	0	0	0	0	0	0	0	0	0	0	0
Yersinia_enterocolitica	0	0	0	0	0	0	0	0	0	0	0	0	0	0	0	0	0	0	0	0	0	0	0	0	0	0	0	0	0	0	0	0	0	0	0	0	0	0	0	0	0
Yersinia_enterocolitica_LC20	0	0	0	0	0	0	0	0	0	0	0	0	0	0	0	0	0	0	0	0	0.0	0.0	0.0	0.09090909090909091	0.09090909090909091	0.0	0.09090909090909091	0.0	0.09090909090909091	0.0	0.0	0.0	0.0	0.09090909090909091	0.0	0.0	0.0	0.0	0.0	0.0	1
Yersinia_enterocolitica_subsp._palearctica_105.5R(r)	1.0	0	0	0	0	0	0	0	0	0	0	0	0	0	0	0	0	0	0	0	0.09090909090909091	0.0	0.0	0.0	0.0	0.0	0.0	0.09090909090909091	0.0	0.0	0.0	0.0	0.0	0.0	0.0	0.045454545454545456	0.0	0.0	0.045454545454545456	0.0	2
Yersinia_intermedia	0	0	0	1.0	0	0	1.0	0	0	0	0	0	0	1.0	0	1.0	0.3333333333333333	0	0	0	0.0	0.03636363636363636	0.0	0.03636363636363636	0.0	0.0	0.01818181818181818	0.03636363636363636	0.0	0.0	0.01818181818181818	0.01818181818181818	0.0	0.03636363636363636	0.03636363636363636	0.03636363636363636	0.03636363636363636	0.0	0.0	0.0	5
Yersinia_pestis	0	0	0	0	0	0	0	0	0	0	0	0	0	0	0	0	0	0	0	0	0	0	0	0	0	0	0	0	0	0	0	0	0	0	0	0	0	0	0	0	0
Yersinia_pestis_CO92	0	0	0	0	0	0	0	0	0	0	0	0	0	0	0	0	0	0	0	0	0	0	0	0	0	0	0	0	0	0	0	0	0	0	0	0	0	0	0	0	0
Yersinia_pseudotuberculosis	0	0	0	0	0	0	0	0	0	0	0	0	0	0	0	0	0	0	0	0	0	0	0	0	0	0	0	0	0	0	0	0	0	0	0	0	0	0	0	0	0
Yersinia_pseudotuberculosis_complex	0	0	0	0	0	0	0	0	0	0	0	0	0	0	0	0	0	0	0	0	0	0	0	0	0	0	0	0	0	0	0	0	0	0	0	0	0	0	0	0	0
Yersinia_rohdei	0	0	0	0	0	0	0	0	0	0	0	0	0	0	0	0	0	0	0	0	0	0	0	0	0	0	0	0	0	0	0	0	0	0	0	0	0	0	0	0	0
Yersinia_ruckeri	0	0	0	0	0	0	0	0	0	0	0	0	0	0	0	0	0	0	0	0	0.0	0.0	0.045454545454545456	0.0	0.0	0.0	0.0	0.0	0.0	0.0	0.0	0.0	0.0	0.0	0.0	0.0	0.045454545454545456	0.0	0.0	0.0	2
Yersinia_similis	0	0	0	0	0	0	0	0	0	0	0	0	0	0	0	0	0	0	0	0	0.0	0.0	0.09090909090909091	0.0	0.0	0.0	0.0	0.0	0.0	0.0	0.0	0.0	0.0	0.0	0.0	0.0	0.0	0.0	0.0	0.0	1
