Node	C>T_1	C>T_2	C>T_3	C>T_4	C>T_5	C>T_6	C>T_7	C>T_8	C>T_9	C>T_10	G>A_11	G>A_12	G>A_13	G>A_14	G>A_15	G>A_16	G>A_17	G>A_18	G>A_19	G>A_20	D>V(11Substitution)_1	D>V(11Substitution)_2	D>V(11Substitution)_3	D>V(11Substitution)_4	D>V(11Substitution)_5	D>V(11Substitution)_6	D>V(11Substitution)_7	D>V(11Substitution)_8	D>V(11Substitution)_9	D>V(11Substitution)_10	H>B(11Substitution)_11	H>B(11Substitution)_12	H>B(11Substitution)_13	H>B(11Substitution)_14	H>B(11Substitution)_15	H>B(11Substitution)_16	H>B(11Substitution)_17	H>B(11Substitution)_18	H>B(11Substitution)_19	H>B(11Substitution)_20	considered_Matches
Actinobacillus_equuli	0	0	0	0	0	0	0	0	0	0	0	0	0	0	0	0	0	0	0	0	0	0	0	0	0	0	0	0	0	0	0	0	0	0	0	0	0	0	0	0	0
Actinobacillus_pleuropneumoniae	0	0	0	0	0	0	0	0	0	0	0	0	0	0	0	0	0	0	0	0.5	0.0	0.0	0.0	0.0	0.0	0.0	0.0	0.0	0.0	0.0	0.0	0.0	0.0	0.0	0.045454545454545456	0.045454545454545456	0.0	0.0	0.045454545454545456	0.045454545454545456	2
African_swine_fever_virus	0	0	0	0	0	0	0	0	0	0	0	0	0	0	0	0	0	0	0	0	0	0	0	0	0	0	0	0	0	0	0	0	0	0	0	0	0	0	0	0	0
Aphthovirus	0	0	0	0	0	0	0	0	0	0	0	0	0	0	0	0	0	0	0	0	0	0	0	0	0	0	0	0	0	0	0	0	0	0	0	0	0	0	0	0	0
Arcanobacterium_haemolyticum	1.0	0	0	0	0	0	0	0	0	0	0	0	0	0	0	0	0	0	0	0	0.09090909090909091	0.0	0.0	0.0	0.0	0.0	0.0	0.0	0.0	0.0	0.0	0.0	0.0	0.0	0.0	0.045454545454545456	0.0	0.045454545454545456	0.0	0.0	2
Aspergillus_fumigatus	0	0	0	0	0	0	0	0	0	0	0	0	0	0	0	0	0	0	0	0	0	0	0	0	0	0	0	0	0	0	0	0	0	0	0	0	0	0	0	0	0
Bartonella_bacilliformis	0	0	0	0	0	0	0	0	0	0	0	0	0	0	0	0	0	0	0	0	0.0	0.0	0.0	0.0	0.030303030303030304	0.0	0.0	0.030303030303030304	0.030303030303030304	0.0	0.030303030303030304	0.0	0.0	0.0	0.030303030303030304	0.0	0.030303030303030304	0.030303030303030304	0.0	0.0	3
Bartonella_henselae	0	0	0	0	0	0	0	0	0	0	0	0	0	0	0	0	0	0	0	0	0	0	0	0	0	0	0	0	0	0	0	0	0	0	0	0	0	0	0	0	0
Bartonella_quintana	0	0	0	0	0	0	0	0	0	0	0	0	0	0	0	0	0	0	0	0	0	0	0	0	0	0	0	0	0	0	0	0	0	0	0	0	0	0	0	0	0
Blastomyces_dermatitidis	0	0	0	0	0	0	0	0	0	0	0	0	0	0	0	0	0	0	0	0	0	0	0	0	0	0	0	0	0	0	0	0	0	0	0	0	0	0	0	0	0
Bordetella_bronchialis	0.2	0	0	0	0	0	0	0.16666666666666666	0	0	0	0	0	0	0	0	0	0	0	0.125	0.008658008658008658	0.008658008658008658	0.0	0.021645021645021644	0.008658008658008658	0.008658008658008658	0.0	0.008658008658008658	0.008658008658008658	0.012987012987012986	0.008658008658008658	0.004329004329004329	0.0	0.012987012987012986	0.012987012987012986	0.008658008658008658	0.004329004329004329	0.004329004329004329	0.008658008658008658	0.012987012987012986	21
Bordetella_bronchiseptica	0	0	0	0	0	0	0	0	0	0	0	0	0	0	0	0	0	0	0	0	0.03409090909090909	0.011363636363636364	0.011363636363636364	0.0	0.0	0.011363636363636364	0.0	0.011363636363636364	0.022727272727272728	0.0	0.0	0.011363636363636364	0.0	0.0	0.0	0.0	0.0	0.0	0.022727272727272728	0.0	8
Bordetella_genomosp._13	0	0	0.07692307692307693	0	0	0	0	0	0	0	0	0.09090909090909091	0.25	0	0.1	0	0	0.14285714285714285	0	0.25	0.012987012987012988	0.012987012987012988	0.006493506493506494	0.006493506493506494	0.012987012987012988	0.00974025974025974	0.006493506493506494	0.006493506493506494	0.006493506493506494	0.006493506493506494	0.003246753246753247	0.00974025974025974	0.016233766233766232	0.003246753246753247	0.003246753246753247	0.006493506493506494	0.006493506493506494	0.01948051948051948	0.012987012987012988	0.01948051948051948	28
Bordetella_pertussis	0	0	0	0	0	0	0	0	0	0	0	0	0	0	0	0	0	0	0	0.4666666666666667	0.0	0.0	0.0	0.0	0.0	0.011363636363636364	0.0	0.05032467532467533	0.0	0.011363636363636364	0.02435064935064935	0.0	0.0	0.0	0.0	0.025974025974025976	0.0	0.012987012987012988	0.025974025974025976	0.011363636363636364	56
Bordetella_pertussis_18323	0	0	0	0	0	0	0	0	0	0	0	0	0	0	0	0	0	0	0	0	0.0	0.0	0.0	0.0	0.0	0.0	0.0	0.0	0.0	0.0	0.005681818181818182	0.0	0.0	0.0	0.0	0.0	0.0	0.0	0.0	0.0	16
Bordetella_petrii	0.5	0	0	0	0	0	0.5	0	0	0	0	0	0	0	0	0	0	0	0.25	0	0.030303030303030304	0.022727272727272724	0.007575757575757576	0.015151515151515152	0.022727272727272724	0.015151515151515152	0.030303030303030304	0.007575757575757576	0.015151515151515152	0.007575757575757576	0.015151515151515152	0.0	0.015151515151515152	0.015151515151515152	0.007575757575757576	0.0	0.0	0.007575757575757576	0.022727272727272724	0.015151515151515152	12
Bordetella_trematum	0	0	0	0	0	0	0	0	0	0	0	0	0	0	0.16666666666666666	0	0	0	0	0	0.0	0.0	0.003952569169960474	0.02766798418972332	0.007905138339920948	0.003952569169960474	0.0	0.003952569169960474	0.011857707509881422	0.003952569169960474	0.007905138339920948	0.003952569169960474	0.003952569169960474	0.015810276679841896	0.011857707509881422	0.007905138339920948	0.0	0.023715415019762844	0.03162055335968379	0.003952569169960474	23
Borrelia_crocidurae	0	0	0	0	0	0	0	0	0	0	0	0	0	0	0	0	0	0	0	0	0	0	0	0	0	0	0	0	0	0	0	0	0	0	0	0	0	0	0	0	0
Borrelia_recurrentis	0	0	0	0	0	0	0	0	0	0	0	0	0	0	0	0	0	0	0	0	0	0	0	0	0	0	0	0	0	0	0	0	0	0	0	0	0	0	0	0	0
Borrelia_recurrentis_A1	0	0	0	0	0	0	0	0	0	0	0	0	0	0	0	0	0	0	0	0	0.0	0.0	0.0	0.0	0.09090909090909091	0.0	0.0	0.0	0.0	0.0	0.0	0.0	0.0	0.0	0.0	0.09090909090909091	0.0	0.0	0.0	0.0	1
Borreliella_afzelii	0	0	0	0	0	0	0	0	0	0	0	0	0	0	0	0	0	0	0	0	0	0	0	0	0	0	0	0	0	0	0	0	0	0	0	0	0	0	0	0	0
Borreliella_burgdorferi	0	0	0	0	0	0	0	0	0	0	0	0	0	0	0	0	0	0	0	0	0	0	0	0	0	0	0	0	0	0	0	0	0	0	0	0	0	0	0	0	0
Borreliella_garinii	0	0	0	0	0	0	0	0	0	0	0	0	0	0	0	0	0	0	0	0	0	0	0	0	0	0	0	0	0	0	0	0	0	0	0	0	0	0	0	0	0
Bovine_rhinitis_A_virus	0	0	0	0	0	0	0	0	0	0	0	0	0	0	0	0	0	0	0	0	0	0	0	0	0	0	0	0	0	0	0	0	0	0	0	0	0	0	0	0	0
Brucella_abortus	0	0	0	0	0	0	0	0	0	0	0	0	0	0	0	0	0	0	0	0	0	0	0	0	0	0	0	0	0	0	0	0	0	0	0	0	0	0	0	0	0
Brucella_canis	0	0	0	0	0	0	0	0	0	0	0	0	0	0	0	0	0	0	0	0	0	0	0	0	0	0	0	0	0	0	0	0	0	0	0	0	0	0	0	0	0
Brucella_melitensis	0	0	0	0	0	0	0	0	0	0	0	0	0	0	0	0	0	0	0	0	0	0	0	0	0	0	0	0	0	0	0	0	0	0	0	0	0	0	0	0	0
Brucella_microti	0	0	0	0	0	0	0	0	0	0	0	0	0	0	0	0	0	0	0	0	0	0	0	0	0	0	0	0	0	0	0	0	0	0	0	0	0	0	0	0	0
Brucella_ovis	0	0	0	0	0	0	0	0	0	0	0	0	0	0	0	0	0	0	0	0	0	0	0	0	0	0	0	0	0	0	0	0	0	0	0	0	0	0	0	0	0
Brucella_suis	0	0	0	0	0	0	0	0	0	0	0	0	0	0	0	0	0	0	0	0	0	0	0	0	0	0	0	0	0	0	0	0	0	0	0	0	0	0	0	0	0
Burkholderia_cepacia	0.05555555555555555	0	0	0	0	0	0.15789473684210525	0.13333333333333333	0	0.1	0	0	0	0	0	0	0	0.08333333333333333	0.14285714285714285	0.2857142857142857	0.003134796238244514	0.006269592476489028	0.009404388714733541	0.009404388714733541	0.009404388714733541	0.0	0.009404388714733541	0.012539184952978056	0.012539184952978056	0.01567398119122257	0.003134796238244514	0.003134796238244514	0.012539184952978056	0.01567398119122257	0.025078369905956112	0.009404388714733541	0.003134796238244514	0.018808777429467082	0.01567398119122257	0.025078369905956112	29
Burkholderia_cepacia_ATCC_25416	0.11764705882352941	0	0	0	0	0	0	0	0	0	0	0	0	0	0	0	0	0	0	0.6153846153846154	0.024475524475524476	0.0034965034965034965	0.013986013986013986	0.0	0.01748251748251748	0.06993006993006992	0.03496503496503496	0.013986013986013986	0.0	0.024475524475524476	0.006993006993006993	0.0	0.013986013986013986	0.024475524475524476	0.006993006993006993	0.0	0.03146853146853147	0.0	0.0	0.045454545454545456	26
Burkholderia_cepacia_JBK9	0.3333333333333333	0	0	0	0	0	0	0	0	0	0	0	0	0	0	0	0	0	0	0	0.012987012987012988	0.0	0.0	0.0	0.0	0.0	0.012987012987012988	0.012987012987012988	0.0	0.012987012987012988	0.012987012987012988	0.012987012987012988	0.0	0.025974025974025976	0.0	0.012987012987012988	0.012987012987012988	0.012987012987012988	0.0	0.0	7
Burkholderia_gladioli	0.2	0	0	0.15625	0	0.05	0	0	0.038461538461538464	0	0	0	0	0	0	0	0	0	0	0.21052631578947367	0.020583190394511147	0.00686106346483705	0.004288164665523156	0.005145797598627787	0.003430531732418525	0.012864493996569467	0.004288164665523156	0.008576329331046312	0.00686106346483705	0.003430531732418525	0.0	0.012864493996569467	0.00686106346483705	0.0017152658662092624	0.012864493996569467	0.007718696397941681	0.008576329331046312	0.007718696397941681	0.017152658662092625	0.016295025728987993	106
Burkholderia_gladioli_BSR3	0	0.14285714285714285	0	0	0	0	0	0	0	0	0	0	0	0	0	0	0	0	0.125	0	0.010909090909090908	0.0036363636363636364	0.014545454545454545	0.014545454545454545	0.007272727272727273	0.007272727272727273	0.014545454545454545	0.014545454545454545	0.0036363636363636364	0.0036363636363636364	0.0	0.01818181818181818	0.007272727272727273	0.0	0.0	0.0036363636363636364	0.010909090909090908	0.0036363636363636364	0.010909090909090908	0.007272727272727273	25
Burkholderia_gladioli_pv._gladioli	0.17647058823529413	0.08333333333333333	0	0	0.1875	0	0	0	0	0	0	0	0.17647058823529413	0	0	0	0	0	0	0.25	0.016129032258064516	0.010263929618768328	0.00879765395894428	0.01906158357771261	0.014662756598240468	0.029325513196480937	0.00439882697947214	0.020527859237536656	0.007331378299120234	0.002932551319648094	0.002932551319648094	0.002932551319648094	0.014662756598240468	0.007331378299120234	0.010263929618768328	0.0	0.0219941348973607	0.013196480938416423	0.01759530791788856	0.01906158357771261	62
Burkholderia_mallei	0	0	0	0	0	0	0	0	0	0	0	0	0	0	0	0	0	0	0	0	0.0	0.0	0.0	0.0	0.0	0.0	0.0	0.0	0.0	0.0	0.0	0.0	0.0	0.0	0.0	0.0	0.0	0.0	0.09090909090909091	0.0	2
Burkholderia_multivorans	0	0	0	0	0	0.047619047619047616	0.10344827586206896	0.23255813953488372	0.09090909090909091	0	0	0	0	0.023809523809523808	0	0	0	0.058823529411764705	0	0.2222222222222222	0.005411255411255411	0.0	0.0032467532467532465	0.011904761904761904	0.006493506493506493	0.012987012987012986	0.021645021645021644	0.016233766233766232	0.008658008658008658	0.020562770562770564	0.0032467532467532465	0.0021645021645021645	0.0032467532467532465	0.007575757575757576	0.0010822510822510823	0.004329004329004329	0.0032467532467532465	0.006493506493506493	0.010822510822510822	0.015151515151515152	84
Burkholderia_multivorans_ATCC_17616	0.25	0.4	0	0	0.09090909090909091	0	0.6666666666666666	0	0	0	0	0	0	0	0	0	0	0.18181818181818182	0	0	0.037037037037037035	0.021885521885521887	0.0	0.0016835016835016836	0.018518518518518517	0.015151515151515152	0.016835016835016835	0.015151515151515152	0.0016835016835016836	0.0	0.0	0.0	0.01346801346801347	0.011784511784511785	0.025252525252525252	0.0	0.0	0.03198653198653199	0.04208754208754209	0.011784511784511785	54
Burkholderia_multivorans_ATCC_BAA-247	0	0	0	0	0	0	0	0	0.2857142857142857	0	0	0	0	0.6666666666666666	0	0	0	0	0	0	0.0	0.023923444976076555	0.009569377990430622	0.028708133971291863	0.023923444976076555	0.004784688995215311	0.028708133971291863	0.03349282296650718	0.009569377990430622	0.009569377990430622	0.004784688995215311	0.009569377990430622	0.0	0.03827751196172249	0.03827751196172249	0.009569377990430622	0.0	0.0	0.028708133971291863	0.0	19
Burkholderia_pseudomallei	0	0	0	0.0375	0	0	0	0.0196078431372549	0	0	0.019230769230769232	0	0	0	0	0.08333333333333333	0	0.38461538461538464	0	0	0.0023715415019762843	0.007905138339920948	0.0015810276679841897	0.008695652173913044	0.039525691699604744	0.015810276679841896	0.045059288537549404	0.005533596837944664	0.006324110671936759	0.007114624505928854	7.905138339920949E-4	0.013438735177865613	0.006324110671936759	7.905138339920949E-4	0.0	0.02055335968379447	0.014229249011857709	0.025296442687747035	0.006324110671936759	0.03873517786561265	115
Burkholderia_pseudomallei_1106b	1.0	0	0	0	0	0	0	0	0	1.0	0	0	0	0	0	0	0	0	0	0	0.012987012987012988	0.0	0.0	0.012987012987012988	0.0	0.012987012987012988	0.0	0.0	0.0	0.012987012987012988	0.0	0.006493506493506494	0.0	0.0	0.012987012987012988	0.006493506493506494	0.012987012987012988	0.0	0.006493506493506494	0.012987012987012988	14
Burkholderia_pseudomallei_1710a	1.0	0	0	0	0	0	0	0	0	0	0	0	0	0	0	0	0	0	0	0	0.09090909090909091	0.0	0.0	0.09090909090909091	0.0	0.0	0.0	0.0	0.0	0.0	0.0	0.0	0.0	0.0	0.0	0.0	0.0	0.0	0.0	0.0	1
Burkholderia_pseudomallei_B03	0	0	0	0	0	0	0	0	0	0	0	0	0	0	0	0	0	0	0	1.0	0.0	0.07272727272727272	0.07272727272727272	0.0	0.07272727272727272	0.0	0.0	0.0	0.0	0.0	0.0	0.0	0.0	0.0	0.0	0.0	0.0	0.0	0.01818181818181818	0.07272727272727272	5
Burkholderia_pseudomallei_MSHR1153	0	0	0	0	0	0	0	0	0	0	0	0	0	0	0	0	0	0	0	0	0.0	0.015151515151515152	0.0	0.0	0.04545454545454545	0.0	0.0	0.0	0.0	0.015151515151515152	0.0	0.0	0.07575757575757576	0.04545454545454545	0.04545454545454545	0.0	0.0	0.0	0.0	0.015151515151515152	6
Burkholderia_pseudomallei_MSHR2543	0	0	0	0	0	0	0	0	0	0	0	0	0	0	1.0	0	0	0	0	0	0.0	0.045454545454545456	0.0	0.045454545454545456	0.0	0.045454545454545456	0.0	0.0	0.0	0.045454545454545456	0.0	0.0	0.045454545454545456	0.0	0.045454545454545456	0.045454545454545456	0.0	0.0	0.0	0.045454545454545456	2
Burkholderia_pseudomallei_MSHR435	0	0	0	0	0	0	0	0	0	0	0	0	0	0	0	0	0	0	0	0	0.030303030303030304	0.0	0.06060606060606061	0.0	0.030303030303030304	0.0	0.0	0.0	0.0	0.0	0.0	0.0	0.0	0.0	0.0	0.0	0.0	0.0	0.0	0.0	3
Burkholderia_pseudomallei_Pasteur_52237	0	0	0	0	0	0	0	0	0	0	0	0	0	0	0	0	0	0	0	0	0.0	0.0	0.0	0.0	0.0	0.0	0.0	0.0	0.0	0.09090909090909091	0.09090909090909091	0.09090909090909091	0.0	0.0	0.0	0.0	0.0	0.0	0.0	0.0	1
Campylobacter_coli	0	0	0	0	0	0	0	0	0	0	0	0	0	0	0	0	0	0	0	0	0	0	0	0	0	0	0	0	0	0	0	0	0	0	0	0	0	0	0	0	0
Campylobacter_fetus	0	0	0	0	0	0	0	0	0	0	0	0	0	0	0	0	0	0	0	0	0	0	0	0	0	0	0	0	0	0	0	0	0	0	0	0	0	0	0	0	0
Campylobacter_gracilis	0	0	0	0	0	0	0	0	0	0	0	0	0	0	0	0	0	0	0	0	0.0	0.0	0.0	0.0	0.030303030303030304	0.0	0.0	0.0	0.0	0.0	0.0	0.06060606060606061	0.0	0.0	0.0	0.0	0.0	0.0	0.06060606060606061	0.0	3
Campylobacter_showae	0	0	0	0	0	0	0	0	0	0	0	0	0	0	0	0	0	0	0	0	0.0	0.0	0.0	0.0	0.0	0.09090909090909091	0.09090909090909091	0.09090909090909091	0.09090909090909091	0.0	0.0	0.0	0.0	0.045454545454545456	0.0	0.0	0.0	0.0	0.0	0.0	2
Canine_morbillivirus	0	0	0	0	0	0	0	0	0	0	0	0	0	0	0	0	0	0	0	0	0	0	0	0	0	0	0	0	0	0	0	0	0	0	0	0	0	0	0	0	0
Chlamydia_abortus	0	0	0	0	0	0	0	0	0	0	0	0	0	0	0	0	0	0	0	0	0	0	0	0	0	0	0	0	0	0	0	0	0	0	0	0	0	0	0	0	0
Chlamydia_caviae	0	0	0	0	0	0	0	0	0	0	0	0	0	0	0	0	0	0	0	0	0	0	0	0	0	0	0	0	0	0	0	0	0	0	0	0	0	0	0	0	0
Chlamydia_felis	0	0	0	0	0	0	0	0	0	0	0	0	0	0	0	0	0	0	0	0	0	0	0	0	0	0	0	0	0	0	0	0	0	0	0	0	0	0	0	0	0
Chlamydia_muridarum	0	0	0	0	0	0	0	0	0	0	0	0	0	0	0	0	0	0	0	0	0	0	0	0	0	0	0	0	0	0	0	0	0	0	0	0	0	0	0	0	0
Chlamydia_pecorum	0	0	0	0	0	0	0	0	0	0	0	0	0	0	0	0	0	0	0	0	0	0	0	0	0	0	0	0	0	0	0	0	0	0	0	0	0	0	0	0	0
Chlamydia_pneumoniae	0	0	0	0	0	0	0	0	0	0	0	0	0	0	0	0	0	0	0	0	0	0	0	0	0	0	0	0	0	0	0	0	0	0	0	0	0	0	0	0	0
Chlamydia_psittaci	0	0	0	0	0	0	0	0	0	0	0	0	0	0	0	0	0	0	0	0	0	0	0	0	0	0	0	0	0	0	0	0	0	0	0	0	0	0	0	0	0
Chlamydia_suis	0	0	0	0	0	0	0	0	0	0	0	0	0	0	0	0	0	0	0	0	0	0	0	0	0	0	0	0	0	0	0	0	0	0	0	0	0	0	0	0	0
Chlamydia_trachomatis	0	0	0	0	0	0	0	0	0	0	0	0	0	0	0	0	0	0	0	0	0	0	0	0	0	0	0	0	0	0	0	0	0	0	0	0	0	0	0	0	0
Corynebacterium_ammoniagenes	0	0	0	0	0	0	0	0	0	0	0	0	0	0	0	0	0	0	0	0	0.0	0.0	0.0	0.0	0.0	0.01818181818181818	0.0	0.0	0.0	0.0	0.01818181818181818	0.0	0.0	0.0	0.0	0.05454545454545454	0.07272727272727272	0.0	0.0	0.03636363636363636	5
Corynebacterium_amycolatum	0	0	0	0	0	0	0	0	0	0	0	0	0	0	0	0	0	0	0	0	0.0	0.0	0.0	0.0	0.0	0.0	0.0	0.045454545454545456	0.045454545454545456	0.0	0.045454545454545456	0.0	0.0	0.0	0.0	0.0	0.0	0.0	0.0	0.0	2
Corynebacterium_bovis	0.42857142857142855	0.125	0	0	0	0.3333333333333333	0	0	0	0	0	0	0	0	0	0	0	0	0	0.25	0.034090909090909095	0.011363636363636362	0.007575757575757576	0.015151515151515152	0.015151515151515152	0.015151515151515152	0.015151515151515152	0.007575757575757576	0.0	0.011363636363636362	0.007575757575757576	0.007575757575757576	0.011363636363636362	0.007575757575757576	0.0	0.003787878787878788	0.003787878787878788	0.01893939393939394	0.003787878787878788	0.01893939393939394	24
Corynebacterium_crudilactis	0	0	0	0	0	0	0	0	0	0	0	0	0	0	0	0	0	0	0	0	0	0	0	0	0	0	0	0	0	0	0	0	0	0	0	0	0	0	0	0	0
Corynebacterium_diphtheriae	0	0	0	0	0	0	0	0	0	0	0	0	0	0	0	0	0	0	0	0	0.0909090909090909	0.0	0.0	0.0909090909090909	0.0	0.0	0.0	0.0	0.0	0.0	0.07575757575757576	0.0	0.0	0.07575757575757576	0.0	0.015151515151515152	0.0	0.0	0.0	0.0	6
Corynebacterium_diphtheriae_HC03	0	0	0	0	0	0	0	0	0	0	0	0	0	0	0	0	0	0	0	0	0.0	0.0	0.0	0.0	0.0	0.0	0.0	0.0	0.0	0.0	0.0	0.0	0.0	0.0	0.022727272727272728	0.0	0.0	0.0	0.0	0.0	4
Corynebacterium_jeikeium	0	0	0	0	0	0	0	0	0	0	0	0	0	0	0	0	0	0	0	0	0.0	0.0	0.0	0.0	0.0	0.0	0.0	0.0	0.0	0.0	0.030303030303030304	0.030303030303030304	0.030303030303030304	0.0	0.0	0.0	0.0	0.030303030303030304	0.030303030303030304	0.0	3
Corynebacterium_jeikeium_K411	0	0	0	0.3333333333333333	0	0	0	0	0	0	0	0	0	0	0	0	0	0	0	0	0.024793388429752063	0.0	0.008264462809917356	0.008264462809917356	0.01652892561983471	0.01652892561983471	0.008264462809917356	0.01652892561983471	0.008264462809917356	0.0	0.008264462809917356	0.0	0.0	0.01652892561983471	0.01652892561983471	0.008264462809917356	0.008264462809917356	0.01652892561983471	0.024793388429752063	0.008264462809917356	11
Corynebacterium_kroppenstedtii	1.0	0	0	0	0	0	0	0	0	0	0	0	0	0	0	0	0	0	0	0	0.06818181818181818	0.0	0.0	0.045454545454545456	0.022727272727272728	0.022727272727272728	0.045454545454545456	0.0	0.0	0.0	0.0	0.022727272727272728	0.0	0.0	0.0	0.022727272727272728	0.0	0.0	0.022727272727272728	0.0	4
Corynebacterium_kroppenstedtii_DSM_44385	0	0	0	0	0	0	0	0	0	0	0	0	0	0	0	0	0	0	0	0	0.0	0.022727272727272728	0.0	0.0	0.0	0.0	0.0	0.022727272727272728	0.022727272727272728	0.0	0.0	0.0	0.045454545454545456	0.0	0.0	0.0	0.0	0.0	0.0	0.0	4
Corynebacterium_maris	0	0	0	0	0	0	0	0	0	0	0	0	0	0	0	0	0	0	0	0	0	0	0	0	0	0	0	0	0	0	0	0	0	0	0	0	0	0	0	0	0
Corynebacterium_maris_DSM_45190	0.2	0	0	0	0	0	0	0	0	0	0	0	0	0	0	0.25	0	0	0	0.3333333333333333	0.008264462809917356	0.024793388429752063	0.0	0.008264462809917356	0.0	0.01652892561983471	0.0	0.01652892561983471	0.008264462809917356	0.0	0.0	0.008264462809917356	0.01652892561983471	0.008264462809917356	0.0	0.024793388429752063	0.008264462809917356	0.008264462809917356	0.01652892561983471	0.01652892561983471	11
Corynebacterium_matruchotii	0	0	0	0	0	0	0	0	0	0	0	0	0	0	0	0	0	0	0	0	0.0	0.0	0.0	0.0	0.0	0.0	0.0	0.0	0.0	0.0	0.0	0.045454545454545456	0.0	0.0	0.0	0.045454545454545456	0.0	0.0	0.0	0.0	2
Corynebacterium_minutissimum	0	0	0	0	0	0	0	1.0	0	0	0	0	0	0	0	0	0	0	0	1.0	0.0	0.011363636363636364	0.011363636363636364	0.0	0.0	0.0	0.0	0.022727272727272728	0.0	0.0	0.0	0.0	0.0	0.0	0.0	0.0	0.0	0.0	0.011363636363636364	0.022727272727272728	8
Corynebacterium_pseudotuberculosis	0	0	0	0	0	0	0	0	0	0	0	0	0	0	0	0	0	0	0	0	0.0	0.0	0.0	0.0	0.0	0.0909090909090909	0.0	0.0	0.0	0.0	0.0	0.0	0.0	0.0	0.0	0.0	0.0	0.06060606060606061	0.0	0.0	3
Corynebacterium_renale	0	0	0	0	0	0	0	0	0	0	0	0	0	0	0	0	0	0	0	0	0.0	0.0	0.0	0.0	0.0	0.0	0.0	0.0	0.0	0.0	0.0	0.0	0.0	0.0	0.09090909090909091	0.0	0.0	0.0	0.0	0.0	1
Corynebacterium_segmentosum	0	0	0	0	0	0	0	0	0	0	0	0	0	0	0	0	0	0	0	0	0.0	0.0	0.0	0.0	0.0	0.0	0.0	0.0	0.0	0.0	0.0	0.0	0.0	0.0	0.0	0.0	0.0	0.0	0.0	0.0	1
Corynebacterium_sphenisci	0	0	0	0	0	0	0	0	0	0	0	0	0	0	0	0	0	0	0	0	0	0	0	0	0	0	0	0	0	0	0	0	0	0	0	0	0	0	0	0	0
Corynebacterium_sphenisci_DSM_44792	0	0	0	0	0	0	0	0	0	0	0	0	0	0	0	0	0	0	0.1	0.3333333333333333	0.010695187165775402	0.021390374331550804	0.026737967914438502	0.021390374331550804	0.005347593582887701	0.005347593582887701	0.005347593582887701	0.0	0.010695187165775402	0.021390374331550804	0.0	0.010695187165775402	0.0	0.0	0.010695187165775402	0.010695187165775402	0.005347593582887701	0.005347593582887701	0.005347593582887701	0.010695187165775402	17
Corynebacterium_stationis	0	0	0	0	0	0	0	0	0	0	0	0	0	0	0	0	0	0	0	0	0	0	0	0	0	0	0	0	0	0	0	0	0	0	0	0	0	0	0	0	0
Corynebacterium_striatum	0	0	0.2	0	0	0	0	0	0	0	0	0	0	0	0	0	0	0	1.0	0	0.020202020202020204	0.0	0.010101010101010102	0.020202020202020204	0.0	0.020202020202020204	0.0	0.0	0.010101010101010102	0.010101010101010102	0.010101010101010102	0.0303030303030303	0.010101010101010102	0.0	0.010101010101010102	0.0	0.020202020202020204	0.0	0.04040404040404041	0.04040404040404041	9
Corynebacterium_urealyticum	0	0	0	0	0	0	0	0	0	0	0	0	0	0.3333333333333333	0	0	0	0	0	0	0.01818181818181818	0.01818181818181818	0.01818181818181818	0.0	0.01818181818181818	0.0	0.0	0.0	0.01818181818181818	0.0	0.0	0.0	0.0	0.01818181818181818	0.0	0.0	0.0	0.01818181818181818	0.0	0.01818181818181818	5
Corynebacterium_ureicelerivorans	0	0	0	0	0	0	0	0	0	0	0	0	1.0	0	0	0	0	0	0	1.0	0.012987012987012988	0.0	0.012987012987012988	0.0	0.0	0.0	0.025974025974025976	0.0	0.0	0.025974025974025976	0.0	0.012987012987012988	0.03896103896103896	0.012987012987012988	0.025974025974025976	0.0	0.012987012987012988	0.0	0.0	0.012987012987012988	7
Corynebacterium_xerosis	0	0	0	0	0	0	0	0	0	0	0	0	0	0	0	0	0	0	0	0	0.008264462809917356	0.0	0.01652892561983471	0.0	0.01652892561983471	0.024793388429752063	0.0	0.008264462809917356	0.01652892561983471	0.008264462809917356	0.008264462809917356	0.0	0.0	0.0	0.008264462809917356	0.01652892561983471	0.008264462809917356	0.01652892561983471	0.008264462809917356	0.008264462809917356	11
Cowpox_virus	0	0	0	0	0	0	0	0	0	0	0	0	0	0	0	0	0	0	0	0	0	0	0	0	0	0	0	0	0	0	0	0	0	0	0	0	0	0	0	0	0
Coxiella_burnetii	0	0	0	0	0	0	0	0	0	0	0	0	0	0	0	0	0	0	0	0	0	0	0	0	0	0	0	0	0	0	0	0	0	0	0	0	0	0	0	0	0
Coxiella_burnetii_Dugway_5J108-111	0	0	0	0	0	0	0	0	0	0	0	0	0	0	0	0	0	0	0	0	0.0	0.0	0.0	0.0	0.0	0.0	0.0	0.0	0.0	0.0	0.0	0.0	0.0	0.0	0.0	0.0	0.0	0.0	0.0	0.0	6
Coxiella_burnetii_str._Schperling	0	0	0	0	0	0	0	0	0	0	0	0	0	0	0	0	0	0	0	0	0.0	0.0	0.0	0.0	0.0	0.0	0.0	0.0	0.0	0.0	0.0	0.0	0.0	0.0	0.0	0.0	0.0	0.0	0.0	0.0	1
Cryptosporidium	0	0	0	0	0	0	0	0	0	0	0	0	0	0	0	0	0	0	0	0	0	0	0	0	0	0	0	0	0	0	0	0	0	0	0	0	0	0	0	0	0
Cryptosporidium_parvum	0	0	0	0	0	0	0	0	0	0	0	0	0	0	0	0	0	0	0	0	0	0	0	0	0	0	0	0	0	0	0	0	0	0	0	0	0	0	0	0	0
Deltaretrovirus	0	0	0	0	0	0	0	0	0	0	0	0	0	0	0	0	0	0	0	0	0	0	0	0	0	0	0	0	0	0	0	0	0	0	0	0	0	0	0	0	0
Ehrlichia_canis	0	0	0	0	0	0	0	0	0	0	0	0	0	0	0	0	0	0	0	0	0	0	0	0	0	0	0	0	0	0	0	0	0	0	0	0	0	0	0	0	0
Enterococcus_avium	0	0	0	0	0	0	0	0	0	0	0	0	0	0	0	0	0	0	0	0	0	0	0	0	0	0	0	0	0	0	0	0	0	0	0	0	0	0	0	0	0
Enterococcus_casseliflavus	0	0	0	0	0	0	0	0	0	0	0	0	0	0	0	0	0	0	0	0	0	0	0	0	0	0	0	0	0	0	0	0	0	0	0	0	0	0	0	0	0
Enterococcus_cecorum	0	0	0	0	0	0	0	0	0	0	0	0	0	0	0	0	0	0	0	0	0.0	0.0	0.0	0.0	0.0	0.0	0.0	0.0	0.06060606060606061	0.06060606060606061	0.030303030303030304	0.0	0.0	0.0	0.0	0.0	0.0	0.06060606060606061	0.0	0.0	3
Enterococcus_durans	0	0	0	0	0	0	0	0	0	0	0	0	0	0	0	0	0	0	0	0	0	0	0	0	0	0	0	0	0	0	0	0	0	0	0	0	0	0	0	0	0
Enterococcus_faecalis	0	0	0	0	0	0	0	0	0	0	0	0	0	0	0	0	0	0	0	1.0	0.0	0.0	0.0	0.0	0.0	0.0	0.0	0.0	0.0	0.0	0.0	0.0	0.0	0.0	0.0	0.0	0.0	0.0	0.0	0.09003496503496503	104
Enterococcus_faecium	0	0	0	0	0	0	0	0	0	0	0	0	0	0	0	0	0	0	0	0	0	0	0	0	0	0	0	0	0	0	0	0	0	0	0	0	0	0	0	0	0
Enterococcus_hirae	0	0	0	0	0	0	0	0	0	0	0	0	0	0	0	0	0	0	0	0	0	0	0	0	0	0	0	0	0	0	0	0	0	0	0	0	0	0	0	0	0
Enterococcus_mundtii	0	0	0	0	0	0	0	0	0	0	0	0	0	0	0	0	0	0	0	0	0	0	0	0	0	0	0	0	0	0	0	0	0	0	0	0	0	0	0	0	0
Enterovirus_B	0	0	0	0	0	0	0	0	0	0	0	0	0	0	0	0	0	0	0	0	0	0	0	0	0	0	0	0	0	0	0	0	0	0	0	0	0	0	0	0	0
Epizootic_hemorrhagic_disease_virus_(serotype_1_/_strain_New_Jersey)	0	0	0	0	0	0	0	0	0	0	0	0	0	0	0	0	0	0	0	0	0	0	0	0	0	0	0	0	0	0	0	0	0	0	0	0	0	0	0	0	0
Equine_rhinitis_A_virus	0	0	0	0	0	0	0	0	0	0	0	0	0	0	0	0	0	0	0	0	0	0	0	0	0	0	0	0	0	0	0	0	0	0	0	0	0	0	0	0	0
Erysipelothrix_rhusiopathiae	0	0	0	0	0	0	0	0	0	0	0	0	0	0	0	0	0	0	0	0	0.0	0.045454545454545456	0.045454545454545456	0.0	0.0	0.0	0.045454545454545456	0.045454545454545456	0.045454545454545456	0.0	0.0	0.0	0.0	0.0	0.045454545454545456	0.0	0.0	0.0	0.0	0.0	2
Erythroparvovirus	0	0	0	0	0	0	0	0	0	0	0	0	0	0	0	0	0	0	0	0	0	0	0	0	0	0	0	0	0	0	0	0	0	0	0	0	0	0	0	0	0
Escherichia_coli	0	0	0	0	0	0	0	0	0	1.0	0	0	0	0	0	0	0	0	0	0	0.002130681818181818	7.102272727272727E-4	7.102272727272727E-4	0.0014204545454545455	7.102272727272727E-4	0.015625	0.0	0.0	0.0	0.0014204545454545455	0.002130681818181818	0.017045454545454544	7.102272727272727E-4	0.0	0.016335227272727272	7.102272727272727E-4	7.102272727272727E-4	0.0	0.0	7.102272727272727E-4	128
Escherichia_coli_K-12	0	0	0	0	0	0	0	0	0	0	0	0	0	0	0	0	0	0	0	0	0.0	0.0	0.0	0.0	0.0	0.0	0.0	0.0	0.0	0.0	0.0	0.0	0.0	0.0	0.0	0.0	0.0	0.0	0.0	0.0	4
Escherichia_coli_O111	0	0	0	0	0	0	0	0	0	0	0	0	0	0	0	0	0	0	0	0	0	0	0	0	0	0	0	0	0	0	0	0	0	0	0	0	0	0	0	0	0
Escherichia_coli_O157:H7	0	0	0	0	0	0	0	0	0	0	0	0	0	0	0	0	0	0	0	0	0	0	0	0	0	0	0	0	0	0	0	0	0	0	0	0	0	0	0	0	0
Escherichia_coli_O26	0	0	0	0	0	0	0	0	0	0	0	0	0	0	0	0	0	0	0	0	0	0	0	0	0	0	0	0	0	0	0	0	0	0	0	0	0	0	0	0	0
Francisella_tularensis	0	0	0	0	0	0	0	0	0	0	0	0	0	0	0	0	0	0	0	0	0	0	0	0	0	0	0	0	0	0	0	0	0	0	0	0	0	0	0	0	0
Fusobacterium	0	0	0	0	0	0	0	0	0	0	0	0	0	0	0	0	0	0	0	0	0	0	0	0	0	0	0	0	0	0	0	0	0	0	0	0	0	0	0	0	0
Fusobacterium_nucleatum	0	0	0	0	0	0	0	0	0	0	0	0	0	0	0	0	0	0	0	0	0	0	0	0	0	0	0	0	0	0	0	0	0	0	0	0	0	0	0	0	0
Fusobacterium_nucleatum_subsp._vincentii_ChDC_F8	1.0	0	0	0	0	0	0	0	0	0	0	0	0	0	0	0	0	0	0	0	0.09090909090909091	0.0	0.0	0.0	0.0	0.09090909090909091	0.0	0.09090909090909091	0.0	0.0	0.0	0.0	0.0	0.09090909090909091	0.0	0.0	0.0	0.0	0.0	0.0	1
Fusobacterium_pseudoperiodonticum	0	0	0	0	0	0	0	0	0	0	0	0	0	0	0	0	0	0	0	0	0.0	0.09090909090909091	0.0	0.0	0.0	0.0	0.0	0.0	0.0	0.0	0.0	0.0	0.0	0.0	0.0	0.0	0.0	0.0	0.0	0.0	1
Goatpox_virus	0	0	0	0	0	0	0	0	0	0	0	0	0	0	0	0	0	0	0	0	0	0	0	0	0	0	0	0	0	0	0	0	0	0	0	0	0	0	0	0	0
Haemophilus_influenzae	0	0	0	0	0	0	0	0	0	0	0	0	0	0	0	0	0	0	0	0	0.0	0.0	0.0	0.09090909090909091	0.0	0.0	0.0	0.0	0.0	0.0	0.0	0.0	0.0	0.0	0.09090909090909091	0.0	0.0	0.0	0.0	0.0	1
Helicobacter_cinaedi	0	0	0	0	0	0	0	0	0	0	0	0	0	0	0	0	0	0	0	0	0	0	0	0	0	0	0	0	0	0	0	0	0	0	0	0	0	0	0	0	0
Helicobacter_pylori	0	0	0	0	0.9900990099009901	0	0.021739130434782608	0	0	0	0	0	0	0	0	0	0	0	0	0	0.06021251475796931	0.02715466351829988	0.0	0.0011806375442739079	0.06316410861865407	0.0	0.0017709563164108617	0.0	0.0011806375442739079	0.05962219598583235	0.05844155844155844	0.0	5.903187721369539E-4	0.0	0.0	0.0035419126328217233	0.0	5.903187721369539E-4	0.0295159386068477	0.0	154
Helicobacter_pylori_B38	0	0	0	0	0	0	0	0	0	0	0	0	0	0	0	0	0	0	0	0	0.09090909090909091	0.0	0.0	0.0	0.0	0.09090909090909091	0.0	0.0	0.0	0.0	0.0	0.0	0.0	0.0	0.0	0.045454545454545456	0.0	0.0	0.0	0.045454545454545456	2
Helicobacter_pylori_F57	0	0	0	0	0	0	0	0	0	0	0	0	0	0	0	0	0	0	1.0	0	0.0	0.0	0.0	0.0	0.0	0.0	0.0	0.0	0.0	0.0	0.0	0.0	0.0	0.0	0.0	0.0	0.0	0.0	0.09090909090909091	0.0	1
Helicobacter_pylori_SouthAfrica7	0	0	0	0	0	0	0	0	0	0	0	0	0	0	0	0	0	0	0	0	0.0	0.0	0.0	0.0	0.0	0.09090909090909091	0.0	0.0	0.0	0.0	0.0	0.045454545454545456	0.0	0.0	0.0	0.0	0.0	0.0	0.0	0.0	2
Hepatitis_B_virus	0	0	0	0	0	0	0	0	0	0	0	0	0	0	0	0	0	0	0	0	0	0	0	0	0	0	0	0	0	0	0	0	0	0	0	0	0	0	0	0	0
Hepatitis_E_virus	0	0	0	0	0	0	0	0	0	0	0	0	0	0	0	0	0	0	0	0	0	0	0	0	0	0	0	0	0	0	0	0	0	0	0	0	0	0	0	0	0
Hepatitis_delta_virus	0	0	0	0	0	0	0	0	0	0	0	0	0	0	0	0	0	0	0	0	0	0	0	0	0	0	0	0	0	0	0	0	0	0	0	0	0	0	0	0	0
Human_adenovirus_1	0	0	0	0	0	0	0	0	0	0	0	0	0	0	0	0	0	0	0	0	0	0	0	0	0	0	0	0	0	0	0	0	0	0	0	0	0	0	0	0	0
Human_adenovirus_2	0	0	0	0	0	0	0	0	0	0	0	0	0	0	0	0	0	0	0	0	0	0	0	0	0	0	0	0	0	0	0	0	0	0	0	0	0	0	0	0	0
Human_adenovirus_35	0	0	0	0	0	0	0	0	0	0	0	0	0	0	0	0	0	0	0	0	0	0	0	0	0	0	0	0	0	0	0	0	0	0	0	0	0	0	0	0	0
Human_adenovirus_5	0	0	0	0	0	0	0	0	0	0	0	0	0	0	0	0	0	0	0	0	0	0	0	0	0	0	0	0	0	0	0	0	0	0	0	0	0	0	0	0	0
Human_adenovirus_54	0	0	0	0	0	0	0	0	0	0	0	0	0	0	0	0	0	0	0	0	0	0	0	0	0	0	0	0	0	0	0	0	0	0	0	0	0	0	0	0	0
Human_adenovirus_7	0	0	0	0	0	0	0	0	0	0	0	0	0	0	0	0	0	0	0	0	0	0	0	0	0	0	0	0	0	0	0	0	0	0	0	0	0	0	0	0	0
Human_alphaherpesvirus_1	0	0	0	0	0	0	0	0	0	0	0	0	0	0	0	0	0	0	0	0	0	0	0	0	0	0	0	0	0	0	0	0	0	0	0	0	0	0	0	0	0
Human_alphaherpesvirus_2	0	0	0	0	0	0	0	0	0	0	0	0	0	0	0	0	0	0	0	0	0	0	0	0	0	0	0	0	0	0	0	0	0	0	0	0	0	0	0	0	0
Human_alphaherpesvirus_3	0	0	0	0	0	0	0	0	0	0	0	0	0	0	0	0	0	0	0	0	0	0	0	0	0	0	0	0	0	0	0	0	0	0	0	0	0	0	0	0	0
Human_gammaherpesvirus_4	0	0	0	0	0	0	0	0	0	0	0	0	0	0	0	0	0	0	0	0	0	0	0	0	0	0	0	0	0	0	0	0	0	0	0	0	0	0	0	0	0
Human_herpesvirus_4_type_2	0	0	0	0	0	0	0	0	0	0	0	0	0	0	0	0	0	0	0	0	0	0	0	0	0	0	0	0	0	0	0	0	0	0	0	0	0	0	0	0	0
Human_mastadenovirus_C	0	0	0	0	0	0	0	0	0	0	0	0	0	0	0	0	0	0	0	0	0	0	0	0	0	0	0	0	0	0	0	0	0	0	0	0	0	0	0	0	0
JC_polyomavirus	0	0	0	0	0	0	0	0	0	0	0	0	0	0	0	0	0	0	0	0	0	0	0	0	0	0	0	0	0	0	0	0	0	0	0	0	0	0	0	0	0
Klebsiella_aerogenes	0	0	0.4	0	0.5	0	0	0	0	0	0	0	0	0	1.0	0	0	0	0.5	0	0.015151515151515152	0.030303030303030304	0.030303030303030304	0.015151515151515152	0.030303030303030304	0.0	0.015151515151515152	0.0	0.0	0.0	0.0	0.0	0.0	0.0	0.04545454545454545	0.0	0.0	0.0	0.030303030303030304	0.0	6
Klebsiella_aerogenes_EA1509E	0	0	0	0	0	1.0	0	0	0	0	0	0	0	0	0	0	0	0	0	0	0.00909090909090909	0.0	0.0	0.0	0.0	0.02727272727272727	0.0	0.0	0.05454545454545454	0.0	0.0	0.0	0.0	0.0	0.0	0.0	0.08181818181818182	0.0	0.0	0.0	10
Klebsiella_michiganensis	0	0	0	0	0	0	0	0	0	0	0	0	0	0	0	0	0	0	0	0	0.0	0.0	0.0	0.0	0.0	0.0	0.0	0.015151515151515152	0.015151515151515152	0.0	0.0	0.015151515151515152	0.015151515151515152	0.015151515151515152	0.0	0.0	0.0	0.0	0.0	0.07575757575757576	6
Klebsiella_michiganensis_HKOPL1	0	0	0	0	0	0	0	0	0	0	0	0	0	0	0	0	0	0	0	0	0.0	0.0	0.0	0.0	0.0	0.0	0.0	0.0	0.0	0.0	0.0	0.0	0.08080808080808081	0.0	0.0	0.0	0.0	0.0	0.0	0.0	9
Klebsiella_oxytoca	0	0	0.09090909090909091	0	0	0	0	1.0	0	0	0	0	0	0	0	0	0	0	0	0	0.006493506493506494	0.05844155844155845	0.006493506493506494	0.0	0.006493506493506494	0.0	0.0	0.06493506493506493	0.0	0.0	0.0	0.0	0.012987012987012988	0.006493506493506494	0.0	0.0	0.0	0.0	0.0	0.0	14
Klebsiella_pneumoniae	0	0.8	0	0	0	0	0	0	0	0	0	0	0	0	0	0	0.99	0.9901960784313726	0	0	0.0	0.0033670033670033673	0.08754208754208755	0.0	0.08501683501683502	0.004208754208754209	0.0	0.0	0.0	0.0	8.417508417508418E-4	8.417508417508418E-4	8.417508417508418E-4	0.0	8.417508417508418E-4	0.0	0.08333333333333333	0.08585858585858587	0.0016835016835016836	0.0	108
Klebsiella_pneumoniae_subsp._pneumoniae	0	0	0	0	0	0	0	0	0	0	0	0	0	0	0	0	0	0	0	0	0.0	0.0	0.0	0.0	0.09090909090909091	0.0	0.09090909090909091	0.0	0.0	0.0	0.0	0.0	0.07954545454545454	0.0	0.0	0.0	0.0	0.0	0.011363636363636364	0.0	8
Klebsiella_pneumoniae_subsp._rhinoscleromatis	0	0	0	0	0	0	0	0	0	0	0	0	0	0	0	0	0	0	0	0	0	0	0	0	0	0	0	0	0	0	0	0	0	0	0	0	0	0	0	0	0
Legionella_anisa	0	0	0	0	0	0	0	0	0	0	0	0	0	0	0	0	0	0	0	0	0.0	0.0	0.09090909090909091	0.0	0.0	0.0	0.09090909090909091	0.0	0.0	0.0	0.0	0.0	0.0	0.0	0.0	0.0	0.045454545454545456	0.0	0.0	0.0	2
Legionella_lansingensis	0	0	0	0	0	0	0	0	0	0	0	0	0	0	0	0	0	0	0	0	0.0	0.045454545454545456	0.0	0.0	0.045454545454545456	0.0	0.0	0.0	0.0	0.0	0.0	0.0	0.0	0.0	0.0	0.0	0.0	0.045454545454545456	0.0	0.0	2
Legionella_pneumophila	0	0	0	0	0	0	0	0	0	0	0	0	0	0	0	0	0	0	0	0	0.0	0.0	0.0	0.0	0.0	0.0	0.09090909090909091	0.0	0.0	0.0	0.0	0.0	0.0	0.0	0.0	0.0	0.0	0.0	0.0	0.0	1
Legionella_pneumophila_subsp._pascullei	0	0	0	0	1.0	0	0	0	1.0	0	0	0	0	0	0	0	0	0	0	0	0.09090909090909091	0.0	0.0	0.0	0.09090909090909091	0.0	0.0	0.0	0.09090909090909091	0.0	0.0	0.0	0.0	0.0	0.0	0.0	0.09090909090909091	0.0	0.0	0.0	1
Leptospira_alexanderi	0	0	0	0	0	0	0	0	0	0	0	0	0	0	0	0	0	0	0	0	0	0	0	0	0	0	0	0	0	0	0	0	0	0	0	0	0	0	0	0	0
Leptospira_alstonii	0	0	0	0	0	0	0	0	0	0	0	0	0	0	0	0	0	0	0	0	0	0	0	0	0	0	0	0	0	0	0	0	0	0	0	0	0	0	0	0	0
Leptospira_biflexa	0	0	0	0	0	0	0	0	0	0	0	0	0	0	0	0	0	0	0	0	0	0	0	0	0	0	0	0	0	0	0	0	0	0	0	0	0	0	0	0	0
Leptospira_biflexa_serovar_Patoc	0	0	0	0	0	0	0	0	0	0	0	0	0	0	0	0	0	0	0	0	0.0	0.0	0.0	0.0	0.0	0.0	0.0	0.0	0.0	0.0	0.0	0.0	0.0	0.0	0.0	0.0	0.0	0.0	0.0	0.0	2
Leptospira_borgpetersenii	0	0	0	0	0	0	0	0	0	0	0	0	0	0	0	0	0	0	0	0	0	0	0	0	0	0	0	0	0	0	0	0	0	0	0	0	0	0	0	0	0
Leptospira_borgpetersenii_serovar_Ceylonica	0	0	0	0	0	0	0	0	0	0	0	0	0	0	0	0	0	0	0	0	0.0	0.0	0.0	0.0	0.09090909090909091	0.0	0.0	0.0	0.0	0.0	0.0	0.0	0.0	0.0	0.0	0.0	0.09090909090909091	0.0	0.0	0.0	1
Leptospira_broomii	0	0	0	0	0	0	0	0	0	0	0	0	0	0	0	0	0	0	0	0	0	0	0	0	0	0	0	0	0	0	0	0	0	0	0	0	0	0	0	0	0
Leptospira_fainei	0	0	0	0	0	0	0	0	0	0	0	0	0	0	0	0	0	0	0	0	0	0	0	0	0	0	0	0	0	0	0	0	0	0	0	0	0	0	0	0	0
Leptospira_inadai	0	0	0	0	0	0	0	0	0	0	0	0	0	0	0	0	0	0	0	0	0	0	0	0	0	0	0	0	0	0	0	0	0	0	0	0	0	0	0	0	0
Leptospira_interrogans	0	0	0	0	0	0	0	0	0	0	0	0	0	0	0	0	0	0	0	0	0.0	0.0	0.0	0.0	0.0	0.09090909090909091	0.0	0.0	0.0	0.09090909090909091	0.0	0.0	0.0	0.0	0.0	0.0	0.0	0.0	0.0	0.0	1
Leptospira_interrogans_serovar_Canicola	0	0	0	0	0	0	0	0	0	0	0	0	0	0	0	0	0	0	0	0	0.0	0.0	0.0	0.0	0.09090909090909091	0.0	0.0	0.0	0.0	0.0	0.0	0.09090909090909091	0.0	0.0	0.0	0.0	0.0	0.0	0.0	0.0	1
Leptospira_kirschneri	0	0	0	0	0	0	0	0	0	0	0	0	0	0	0	0	0	0	0	0	0	0	0	0	0	0	0	0	0	0	0	0	0	0	0	0	0	0	0	0	0
Leptospira_kmetyi	0	0	0	0	0	0	0	0	0	0	0	0	0	0	0	0	0	0	0	0	0.0	0.0	0.09090909090909091	0.0	0.0	0.0	0.0	0.0	0.0	0.0	0.0	0.0	0.0	0.0	0.0	0.0	0.0	0.0	0.0	0.0	1
Leptospira_licerasiae	0	0	0	0	0	0	0	0	0	0	0	0	0	0	0	0	0	0	0	0	0	0	0	0	0	0	0	0	0	0	0	0	0	0	0	0	0	0	0	0	0
Leptospira_noguchii	0	0	0	0	0	0	0	0	0	0	0	0	0	0	0	0	0	0	0	0	0.0	0.0	0.0	0.0	0.0	0.0	0.0	0.0	0.011363636363636364	0.0	0.0	0.0	0.011363636363636364	0.0	0.06818181818181818	0.0	0.0	0.0	0.0	0.0	8
Leptospira_santarosai	0	0	0	0	0	0	0	0	0	0	0	0	0	0	0	0	0	0	0	0	0.0	0.0	0.0	0.0	0.0	0.0	0.0	0.0	0.0	0.06060606060606061	0.030303030303030304	0.0	0.0	0.0	0.0	0.0	0.0	0.030303030303030304	0.0	0.0	3
Leptospira_santarosai_serovar_Shermani_str._LT_821	0	0	0	0	0	0	0	0	0	0	0	0	0	0	0	0	0	0	0	0	0.0	0.0	0.03896103896103896	0.0	0.0	0.0	0.0	0.0	0.03896103896103896	0.0	0.0	0.0	0.05194805194805195	0.0	0.0	0.0	0.0	0.0	0.0	0.0	7
Leptospira_weilii	0	0	0	0	0	0	0	0	0	0	0	0	0	0	0	0	0	0	0	0.14285714285714285	0.04132231404958678	0.04132231404958678	0.0	0.0	0.0	0.04132231404958678	0.0	0.0	0.01652892561983471	0.03305785123966942	0.0	0.0	0.0	0.0	0.0	0.0	0.008264462809917356	0.0	0.0	0.008264462809917356	11
Leptospira_wolffii	0	0	0	0	0	0	0	0	0	0	0	0	0	0	0	0	0	0	0	0	0	0	0	0	0	0	0	0	0	0	0	0	0	0	0	0	0	0	0	0	0
Listeria_monocytogenes	0	0	0	0	0	0	0	0	0	0	0	0	0	0	0	0	0	0	0	0	0	0	0	0	0	0	0	0	0	0	0	0	0	0	0	0	0	0	0	0	0
Lumpy_skin_disease_virus	0	0	0	0	0	0	0	0	0	0	0	0	0	0	0	0	0	0	0	0	0	0	0	0	0	0	0	0	0	0	0	0	0	0	0	0	0	0	0	0	0
Lymphocryptovirus	0	0	0	0	0	0	0	0	0	0	0	0	0	0	0	0	0	0	0	0	0	0	0	0	0	0	0	0	0	0	0	0	0	0	0	0	0	0	0	0	0
Mannheimia_haemolytica	0	0	0	0	0	0	0	0	0	0	0	0	0	0	0	0	0	0	0	0	0	0	0	0	0	0	0	0	0	0	0	0	0	0	0	0	0	0	0	0	0
Measles_morbillivirus	0	0	0	0	0	0	0	0	0	0	0	0	0	0	0	0	0	0	0	0	0	0	0	0	0	0	0	0	0	0	0	0	0	0	0	0	0	0	0	0	0
Methanobrevibacter_oralis	0	0	0	0	0	0	0	0	0	0	0	0	0	0	0	0	0	0	0	0	0	0	0	0	0	0	0	0	0	0	0	0	0	0	0	0	0	0	0	0	0
Moraxella_catarrhalis	0	0	0	0	0	0	0	0	0	0	0	0	0	0	0	0	0	0	0	0	0	0	0	0	0	0	0	0	0	0	0	0	0	0	0	0	0	0	0	0	0
Morbillivirus	0	0	0	0	0	0	0	0	0	0	0	0	0	0	0	0	0	0	0	0	0	0	0	0	0	0	0	0	0	0	0	0	0	0	0	0	0	0	0	0	0
Mycobacterium_avium	0.30434782608695654	0	0.06779661016949153	0.3488372093023256	0	0	0	0	0	0.06521739130434782	0.02564102564102564	0	0	0	0	0	0	0	0.09090909090909091	0.5084745762711864	0.015712682379349047	0.0028058361391694723	0.006172839506172839	0.015151515151515152	0.007856341189674524	0.012906846240179574	0.004489337822671156	0.014029180695847365	0.007295173961840629	0.010662177328843996	0.006734006734006734	0.003928170594837262	0.005050505050505051	0.015712682379349047	0.004489337822671156	0.003367003367003367	0.008978675645342313	0.006734006734006734	0.014029180695847365	0.03310886644219977	162
Mycobacterium_avium_subsp._avium	0	0	0.5714285714285714	0	0	0	0	0	0	0	0	0	0	0	0	0	0	0	0.8	0.6666666666666666	0.0	0.006993006993006993	0.027972027972027972	0.0	0.0	0.027972027972027972	0.0	0.0	0.0	0.0	0.013986013986013986	0.0	0.013986013986013986	0.006993006993006993	0.0	0.006993006993006993	0.0	0.0	0.03496503496503496	0.027972027972027972	13
Mycobacterium_avium_subsp._hominissuis	0	0.2	0	0	0	0	0	0	0	0	0	0	0	0	0	0	0	0	0	0	0.0	0.01818181818181818	0.0	0.0	0.0	0.01818181818181818	0.0	0.0	0.0	0.0	0.0	0.0	0.0	0.0	0.05454545454545454	0.03636363636363636	0.0	0.0	0.0	0.0	5
Mycobacterium_avium_subsp._paratuberculosis	0	0	0	0	0	0	0	0	0	0	0	0	0	0	0	0	0	0	0	0	0.0	0.0	0.0	0.0	0.0	0.0	0.0	0.0	0.0909090909090909	0.0	0.0	0.0	0.0	0.0	0.0	0.0	0.0	0.0	0.0	0.0	3
Mycobacterium_canettii	0	0	0	0	0	0	0	0	0	0	0	0	0	0	0	0	0	0	0	0	0.0	0.0	0.0	0.0	0.0	0.0	0.0	0.0	0.0	0.0	0.0	0.0	0.0	0.0	0.0	0.0	0.0	0.0	0.0	0.0	1
Mycobacterium_colombiense	0	0	0	0	0	0	0	0	0	0	0	0	0	0	0	0	0	0	0	0	0	0	0	0	0	0	0	0	0	0	0	0	0	0	0	0	0	0	0	0	0
Mycobacterium_colombiense_CECT_3035	0.5	0.5	0.2	0	0	0	0	0	0	0.4	0	0	0	0	0	0	0	0	0	0	0.011363636363636364	0.03409090909090909	0.022727272727272728	0.0	0.0	0.011363636363636364	0.011363636363636364	0.011363636363636364	0.011363636363636364	0.022727272727272728	0.0	0.0	0.011363636363636364	0.011363636363636364	0.011363636363636364	0.0	0.0	0.0	0.0	0.03409090909090909	8
Mycobacterium_intracellulare	0	0	0	0	0	0	0	0	0	0	0	0	0	1.0	0.5	0	0	0	0.5	0	0.0	0.0	0.0	0.0	0.012987012987012988	0.0	0.0	0.0	0.0	0.006493506493506494	0.0	0.012987012987012988	0.006493506493506494	0.006493506493506494	0.032467532467532464	0.032467532467532464	0.0	0.012987012987012988	0.006493506493506494	0.0	14
Mycobacterium_intracellulare_subsp._yongonense	0.5	0.6	0	0	0.5	0	0	0	0	0	0	0	0	0	0	0.25	0	0	0	0.6	0.023923444976076555	0.03349282296650718	0.0	0.014354066985645932	0.019138755980861243	0.014354066985645932	0.0	0.004784688995215311	0.004784688995215311	0.019138755980861243	0.004784688995215311	0.014354066985645932	0.0	0.0	0.0	0.014354066985645932	0.0	0.009569377990430622	0.0	0.03349282296650718	19
Mycobacterium_kansasii	0	0	0.21052631578947367	0	0	0	0	0	0	0.3	0	0	0	0	0	0	0	0	0	0	0.010695187165775402	0.0160427807486631	0.021390374331550804	0.00802139037433155	0.024064171122994655	0.010695187165775402	0.005347593582887701	0.021390374331550804	0.0026737967914438505	0.013368983957219251	0.00802139037433155	0.0026737967914438505	0.010695187165775402	0.0	0.01871657754010695	0.026737967914438502	0.029411764705882353	0.021390374331550804	0.0	0.0160427807486631	34
Mycobacterium_leprae	0	0	0	0	0	0	0	0	0	0	0	0	0	0	0	0	0	0	0	0	0	0	0	0	0	0	0	0	0	0	0	0	0	0	0	0	0	0	0	0	0
Mycobacterium_leprae_Kyoto-2	0	0	0	0	0	0	0	0	0	0	0	0	0	0	0	0	0	0	0	0	0.0	0.09090909090909091	0.0	0.0	0.09090909090909091	0.0	0.0	0.09090909090909091	0.0	0.0	0.0	0.0	0.09090909090909091	0.0	0.0	0.0	0.0	0.0	0.0	0.0	1
Mycobacterium_marseillense	0	0	0	0	0	0	0	0	0	0	0	0	0	0	0	0.5	0	0.3333333333333333	0	0.3333333333333333	0.0	0.0	0.0	0.0	0.0	0.0	0.006493506493506494	0.0	0.006493506493506494	0.0	0.0	0.0	0.0	0.01948051948051948	0.0	0.012987012987012988	0.0	0.03896103896103896	0.0	0.025974025974025976	14
Mycobacterium_sp._JS623	0	0	0	0	0	0	0.125	0	0.14285714285714285	0	0.18181818181818182	0.1	0	0	0.16666666666666666	0	0	0	0	0	0.006734006734006735	0.016835016835016835	0.016835016835016835	0.006734006734006735	0.006734006734006735	0.0101010101010101	0.006734006734006735	0.006734006734006735	0.0101010101010101	0.0033670033670033673	0.0101010101010101	0.01346801346801347	0.0	0.0	0.006734006734006735	0.01346801346801347	0.016835016835016835	0.006734006734006735	0.01346801346801347	0.0101010101010101	27
Mycobacterium_sp._YC-RL4	0	0	0	0	0.25	0	0	0	0	0	0	0	0	0	0	0	0	0	0	0.42857142857142855	0.004784688995215311	0.0	0.019138755980861243	0.0	0.014354066985645932	0.009569377990430622	0.009569377990430622	0.009569377990430622	0.019138755980861243	0.0	0.004784688995215311	0.0	0.0	0.004784688995215311	0.004784688995215311	0.019138755980861243	0.0	0.009569377990430622	0.014354066985645932	0.019138755980861243	19
Mycobacterium_tuberculosis	0	0	0	0	0	0	0	0	0	0	0	0.3333333333333333	0	0	0	0.6666666666666666	0	0	0	0	0.008264462809917356	0.01652892561983471	0.008264462809917356	0.0	0.0	0.008264462809917356	0.008264462809917356	0.008264462809917356	0.01652892561983471	0.01652892561983471	0.008264462809917356	0.01652892561983471	0.008264462809917356	0.024793388429752063	0.008264462809917356	0.01652892561983471	0.024793388429752063	0.01652892561983471	0.008264462809917356	0.0	11
Mycobacterium_tuberculosis_KZN_1435	0	0.3333333333333333	0	0	0	0	0	0	0	0	0	0	0	0	0	0	0	0	0	0	0.0	0.022727272727272724	0.0	0.06818181818181819	0.0	0.0	0.0	0.0	0.0	0.0	0.022727272727272724	0.022727272727272724	0.022727272727272724	0.0	0.0	0.022727272727272724	0.0	0.0	0.0	0.0	12
Mycobacterium_tuberculosis_complex	0	0	0	0	0	0.1	0	0	0	0	0	0	0	0.1	0	0	0	0.2	0	0	0.0	0.025974025974025976	0.0	0.025974025974025976	0.0	0.006493506493506494	0.05844155844155845	0.0	0.0	0.0	0.0	0.006493506493506494	0.0	0.003246753246753247	0.0	0.07467532467532467	0.006493506493506494	0.05519480519480519	0.0	0.029220779220779224	28
Mycobacterium_tuberculosis_variant_africanum	0	0	0	0	0	0	0	0	0	0	0	0	0	0	0	0	0	0	0	0	0	0	0	0	0	0	0	0	0	0	0	0	0	0	0	0	0	0	0	0	0
Mycobacterium_tuberculosis_variant_bovis	0	0	0	0	0	0	0	0	0	0	0	0	0	0	0	0	0	0	0	0	0	0	0	0	0	0	0	0	0	0	0	0	0	0	0	0	0	0	0	0	0
Mycobacteroides_abscessus	0	0	0	0	0	0	0	0	0	0	0	0.13333333333333333	0	0	0	0	0.07692307692307693	0.16666666666666666	0	0	0.008576329331046312	0.0	0.0	0.008576329331046312	0.0	0.0	0.017152658662092625	0.009433962264150943	8.576329331046312E-4	0.006003430531732418	8.576329331046312E-4	0.03687821612349914	0.0017152658662092624	0.0017152658662092624	0.0274442538593482	0.0	0.0017152658662092624	0.03344768439108062	0.0274442538593482	0.020583190394511147	106
Mycobacteroides_abscessus_subsp._abscessus	0	0	0	0	0	0	0	0	0	0	0	0	0	0	0	0	0.6428571428571429	0	0	0	0.0	0.0	0.0	0.004545454545454545	0.0	0.01818181818181818	0.0	0.0	0.0	0.01818181818181818	0.0	0.0	0.004545454545454545	0.04090909090909091	0.0	0.0	0.0590909090909091	0.0	0.004545454545454545	0.04090909090909091	20
Mycobacteroides_abscessus_subsp._bolletii	0	0	0	0	0	0	0	0	0	0	0	0	0	0	0	0	0	0	0	0	0.0	0.0	0.0	0.0	0.0	0.0	0.0	0.0	0.0	0.0	0.0	0.0	0.0	0.0	0.0	0.0	0.0	0.0	0.0	0.0	3
Mycobacteroides_abscessus_subsp._massiliense	0	0	0	0	0	0	0	0	0	0	0.46153846153846156	0	0	0.3870967741935484	1.0	0	0	0	0	0	0.022727272727272728	0.027972027972027972	0.0	0.005244755244755244	0.0	0.0	0.0	0.0	0.019230769230769232	0.0	0.010489510489510488	0.020979020979020976	0.0	0.020979020979020976	0.0017482517482517483	0.013986013986013986	0.022727272727272728	0.03146853146853147	0.0	0.0	52
Mycobacteroides_abscessus_subsp._massiliense_CCUG_48898_=_JCM_15300	0	0	0	0	0	0	0	0	0	0	0	0	0	0	0	0	0	0	1.0	0	0.0	0.0	0.0	0.0	0.0	0.06818181818181819	0.0	0.0	0.0	0.0	0.0	0.022727272727272724	0.0	0.0	0.022727272727272724	0.0	0.06439393939393939	0.022727272727272724	0.022727272727272724	0.0	24
Mycoplasma_haemocanis	0	0	0	0	0	0	0	0	0	0	0	0	0	0	0	0	0	0	0	0	0	0	0	0	0	0	0	0	0	0	0	0	0	0	0	0	0	0	0	0	0
Mycoplasma_haemofelis	0	0	0	0	0	0	0	0	0	0	0	0	0	0	0	0	0	0	0	0	0	0	0	0	0	0	0	0	0	0	0	0	0	0	0	0	0	0	0	0	0
Mycoplasma_mycoides	0	0	0	0	0	0	0	0	0	0	0	0	0	0	0	0	0	0	0	0	0	0	0	0	0	0	0	0	0	0	0	0	0	0	0	0	0	0	0	0	0
Mycoplasma_ovipneumoniae	0	0	0	0	0	0	0	0	0	0	0	0	0	0	0	0	0	0	0	0	0	0	0	0	0	0	0	0	0	0	0	0	0	0	0	0	0	0	0	0	0
Mycoplasma_pneumoniae	0	0	0	0	0	0	0	0	0	0	0	0	0	0	0	0	0	0	0	0	0	0	0	0	0	0	0	0	0	0	0	0	0	0	0	0	0	0	0	0	0
Neisseria_elongata	0	0	0	0	0	0	0	0	0	0	0	0	0	0	0	0	0	0	0	0	0	0	0	0	0	0	0	0	0	0	0	0	0	0	0	0	0	0	0	0	0
Neisseria_gonorrhoeae	0	0	0	0	0	0	0	0	0	0	0	0	0	0	0	0	0	0	0	0	0.09090909090909091	0.09090909090909091	0.09090909090909091	0.0	0.0	0.0	0.0	0.0	0.0	0.0	0.0	0.0	0.0	0.0	0.0	0.0	0.0	0.0	0.0	0.0	1
Neisseria_gonorrhoeae_NG-k51.05	0	0	0	0	0	0	0	0	0	0	0	0	0	0	0	0	0	0	0	0	0.0	0.0	0.0	0.0	0.0	0.0	0.0	0.0	0.0	0.09090909090909091	0.0	0.0	0.0	0.0	0.0	0.0	0.012987012987012988	0.0	0.07792207792207792	0.0	7
Neisseria_meningitidis	0	0	0	0	0	0	0	0	0	0	0	0	0	0	0	0	0	0	0	0	0.022727272727272728	0.0	0.0	0.0	0.0	0.022727272727272728	0.0	0.0	0.0	0.0	0.0	0.0	0.06818181818181818	0.0	0.0	0.0	0.0	0.0	0.0	0.06818181818181818	4
Neisseria_meningitidis_MC58	0	0	0	1.0	0	0	0	0	0	0	0	0	0	0	0	0	0	0	0	0	0.0	0.0	0.0	0.09090909090909091	0.0	0.0	0.09090909090909091	0.0	0.0	0.0	0.0	0.022727272727272728	0.0	0.0	0.0	0.06818181818181818	0.0	0.0	0.0	0.0	4
Neisseria_meningitidis_NZ-05/33	0	0	0	0	0	1.0	0	0	0	0	0	0	0	0	0	0	0	0	0	0	0.0	0.0	0.0	0.0	0.0	0.09090909090909091	0.09090909090909091	0.0	0.0	0.0	0.0	0.0	0.0	0.0	0.0	0.0	0.0	0.0	0.0	0.0	7
Neisseria_mucosa	0	0	0	0	0	0	0	0	0	0	0	0	0	0	0	0	0	0	0	0	0	0	0	0	0	0	0	0	0	0	0	0	0	0	0	0	0	0	0	0	0
Neisseria_sicca	0	0	0	0	0	0	0	0	0	0	0	0	0	0	0	0	0	0	0	0	0	0	0	0	0	0	0	0	0	0	0	0	0	0	0	0	0	0	0	0	0
Neisseria_subflava	0	0	0	0	0	0	0	0	0	0	0	0	0	0	0	0	0	0	0	0	0	0	0	0	0	0	0	0	0	0	0	0	0	0	0	0	0	0	0	0	0
Neisseria_weaveri	0	0	0	0	0	0	0	0	0	0	0	0	0	0	0	0	0	0	0	0	0.0	0.0	0.0	0.0	0.0	0.0	0.0	0.0	0.0	0.0	0.09090909090909091	0.0	0.0	0.0	0.0	0.0	0.0	0.0	0.0	0.0	1
Orthohepadnavirus	0	0	0	0	0	0	0	0	0	0	0	0	0	0	0	0	0	0	0	0	0	0	0	0	0	0	0	0	0	0	0	0	0	0	0	0	0	0	0	0	0
Orthopoxvirus	0	0	0	0	0	0	0	0	0	0	0	0	0	0	0	0	0	0	0	0	0	0	0	0	0	0	0	0	0	0	0	0	0	0	0	0	0	0	0	0	0
Paraavulavirus	0	0	0	0	0	0	0	0	0	0	0	0	0	0	0	0	0	0	0	0	0	0	0	0	0	0	0	0	0	0	0	0	0	0	0	0	0	0	0	0	0
Parvimonas_micra	0	0	0	0	0	0	0	0	0	0	0	0	0	0	0	0	0	0	0	0	0	0	0	0	0	0	0	0	0	0	0	0	0	0	0	0	0	0	0	0	0
Pasteurella_multocida	0	0	0	0	0	0	0	0	0	0	0	0	0	0	0	0	1.0	0	0	0	0.0	0.0	0.0	0.0	0.0	0.0	0.0	0.0	0.0	0.0	0.0	0.0	0.06060606060606061	0.0	0.030303030303030304	0.0	0.06060606060606061	0.0	0.0	0.0	3
Pasteurella_multocida_subsp._multocida	0	0	0	0	0	0	0	0	0	0	0	0	0	0	0	0	0	0	0	0	0.0	0.0	0.09090909090909091	0.0	0.0	0.0	0.0	0.0	0.0	0.0	0.0	0.0	0.0	0.0	0.0	0.0	0.0	0.0	0.0	0.0	1
Peptostreptococcus_anaerobius	0	0	0	0	0	0	0	0	0	0	0	0	0	0	0	0	0	0	0	0	0	0	0	0	0	0	0	0	0	0	0	0	0	0	0	0	0	0	0	0	0
Polyomaviridae	0	0	0	0	0	0	0	0	0	0	0	0	0	0	0	0	0	0	0	0	0	0	0	0	0	0	0	0	0	0	0	0	0	0	0	0	0	0	0	0	0
Porphyromonas_gingivalis	0	0	0	0	0	0	0.4	0	0	0	0	0	0	0	0.9473684210526315	0	0	0	0.6428571428571429	0.34615384615384615	0.029220779220779224	0.0016233766233766235	0.0016233766233766235	0.04383116883116883	0.032467532467532464	0.0	0.030844155844155844	0.0	0.0	0.0	0.003246753246753247	0.0	0.0	0.0	0.056818181818181816	0.014610389610389612	0.0	0.027597402597402596	0.029220779220779224	0.014610389610389612	56
Porphyromonas_gingivalis_ATCC_33277	0	0	0	0	0	0	0	0	0	0	0	0	1.0	0	0	0	1.0	0	0	0	0.0909090909090909	0.0	0.0	0.0	0.0	0.0	0.0	0.0	0.0	0.0	0.0	0.0	0.07575757575757576	0.0	0.0	0.0	0.015151515151515152	0.0	0.0	0.0	6
Porphyromonas_gingivalis_W83	0	0	0	0	0	0	0	0	0	0	0	0	1.0	0	0	0	0	0	0	1.0	0.0	0.0	0.06060606060606061	0.0	0.0	0.030303030303030304	0.0	0.0	0.0	0.0	0.0	0.0	0.08333333333333333	0.06060606060606061	0.06060606060606061	0.0	0.0	0.0	0.007575757575757576	0.022727272727272724	12
Rickettsia_africae	0	0	0	0	0	0	0	0	0	0	0	0	0	0	0	0	0	0	0	0	0	0	0	0	0	0	0	0	0	0	0	0	0	0	0	0	0	0	0	0	0
Rickettsia_akari	0	0	0	0	0	0	0	0	0	0	0	0	0	0	0	0	0	0	0	0	0	0	0	0	0	0	0	0	0	0	0	0	0	0	0	0	0	0	0	0	0
Rickettsia_conorii	0	0	0	0	0	0	0	0	0	0	0	0	0	0	0	0	0	0	0	0	0	0	0	0	0	0	0	0	0	0	0	0	0	0	0	0	0	0	0	0	0
Rickettsia_felis	0	0	0	0	0	0	0	0	0	0	0	0	0	0	0	0	0	0	0	0	0	0	0	0	0	0	0	0	0	0	0	0	0	0	0	0	0	0	0	0	0
Rickettsia_japonica	0	0	0	0	0	0	0	0	0	0	0	0	0	0	0	0	0	0	0	0	0	0	0	0	0	0	0	0	0	0	0	0	0	0	0	0	0	0	0	0	0
Rickettsia_prowazekii	0	0	0	0	0	0	0	0	0	0	0	0	0	0	0	0	0	0	0	0	0	0	0	0	0	0	0	0	0	0	0	0	0	0	0	0	0	0	0	0	0
Rickettsia_rickettsii	0	0	0	0	0	0	0	0	0	0	0	0	0	0	0	0	0	0	0	0	0	0	0	0	0	0	0	0	0	0	0	0	0	0	0	0	0	0	0	0	0
Rickettsia_sibirica	0	0	0	0	0	0	0	0	0	0	0	0	0	0	0	0	0	0	0	0	0	0	0	0	0	0	0	0	0	0	0	0	0	0	0	0	0	0	0	0	0
Rickettsia_typhi	0	0	0	0	0	0	0	0	0	0	0	0	0	0	0	0	0	0	0	0	0	0	0	0	0	0	0	0	0	0	0	0	0	0	0	0	0	0	0	0	0
Salmonella_enterica	0	0	0	0	0	0	0	0	0	0	0	0	0	0	0	1.0	0	0	0	0	0.0	0.0	0.09000900090009002	0.0	0.0	0.0	0.0	0.0	0.0	0.0	0.0	9.000900090009002E-4	0.0	0.0	9.000900090009002E-4	0.09090909090909091	9.000900090009002E-4	9.000900090009002E-4	0.0	0.0	101
Salmonella_enterica_subsp._diarizonae_serovar_61:k:1,5,(7)	0	0	0	0	0	0	0	0	0	0	0	0	0	0	0	0	0	0	0	0	0.0	0.0	0.0	0.0	0.0	0.0	0.0	0.0	0.0	0.0	0.0	0.045454545454545456	0.0	0.045454545454545456	0.045454545454545456	0.0	0.0	0.09090909090909091	0.0	0.0	2
Salmonella_enterica_subsp._enterica	0	0	0	0	0	0	0	0	0	0	0	0	1.0	0	0	0	0	0	0	0	0.0017316017316017316	0.0	0.0	0.0	0.0	0.0	0.0025974025974025974	0.08658008658008659	0.08917748917748917	0.0	0.0	0.0017316017316017316	0.0017316017316017316	0.0017316017316017316	0.0	0.08917748917748917	0.0017316017316017316	0.0	0.0	0.0	105
Salmonella_enterica_subsp._enterica_serovar_Muenchen	0	0	0	0	0	0	0	0	0	0	0	0	0	0	0	0	0	0	0	0	0.0	0.0	0.0	0.0	0.0	0.0	0.0	0.0	0.0	0.0	0.06060606060606061	0.0	0.0	0.0	0.0	0.0	0.0	0.0	0.0	0.0	3
Salmonella_enterica_subsp._enterica_serovar_Typhimurium	0	0	0	0	0	0	0	0	0	0	0	0	0	0	0	0	0	0	0	0	0	0	0	0	0	0	0	0	0	0	0	0	0	0	0	0	0	0	0	0	0
Sheeppox_virus	0	0	0	0	0	0	0	0	0	0	0	0	0	0	0	0	0	0	0	0	0	0	0	0	0	0	0	0	0	0	0	0	0	0	0	0	0	0	0	0	0
Shigella_boydii	0	0	0	0	0	0	0	0	0	0	0	0	0	0	0	0	0	0	0	0	0	0	0	0	0	0	0	0	0	0	0	0	0	0	0	0	0	0	0	0	0
Shigella_dysenteriae	0	0	0	0	0	0	0	0	0	0	0	0	0	0	0	0	0	0	0	0	0	0	0	0	0	0	0	0	0	0	0	0	0	0	0	0	0	0	0	0	0
Shigella_flexneri	0	0	0	0	0	0	0	0	0	0	0	0	0	0	0	0	0	0	0	0	0	0	0	0	0	0	0	0	0	0	0	0	0	0	0	0	0	0	0	0	0
Shigella_sonnei	0	0	0	0	0	0	0	0	0	0	0	0	0	0	0	0	0	0	0	0	0	0	0	0	0	0	0	0	0	0	0	0	0	0	0	0	0	0	0	0	0
Simian_virus_12	0	0	0	0	0	0	0	0	0	0	0	0	0	0	0	0	0	0	0	0	0	0	0	0	0	0	0	0	0	0	0	0	0	0	0	0	0	0	0	0	0
Staphylococcus_aureus	0	0	0	0	0	0	0	0	0	0	0	0	0	0	0	0	0	0	0	0.5	0.0	0.03636363636363636	0.01818181818181818	0.0	0.03636363636363636	0.03636363636363636	0.03636363636363636	0.0	0.01818181818181818	0.03636363636363636	0.0	0.0	0.01818181818181818	0.0	0.0	0.0	0.0	0.0	0.0	0.01818181818181818	5
Staphylococcus_cohnii	0	0	0	0	0	0	0	0	0	0	0	0	0	0	0	0	0	0	0	0	0	0	0	0	0	0	0	0	0	0	0	0	0	0	0	0	0	0	0	0	0
Staphylococcus_epidermidis	0	0	0	0	0	0	0	0	0	0	0	0	0	0	0	0	0	0	0	0	0	0	0	0	0	0	0	0	0	0	0	0	0	0	0	0	0	0	0	0	0
Staphylococcus_epidermidis_ATCC_12228	0	0	0	0	0	0	0	0	0	0	0	0	0	0	0	0	0	0	0	0	0.0	0.0	0.0	0.0	0.0	0.0	0.0	0.0	0.0	0.0	0.0	0.0	0.0	0.0	0.0	0.0	0.0	0.0	0.0	0.0	1
Staphylococcus_equorum	0	0	0	0	0	0	0	0	0	0	0	0	0	0	0	0	0	0	0	0	0	0	0	0	0	0	0	0	0	0	0	0	0	0	0	0	0	0	0	0	0
Staphylococcus_hominis	0	0	0	0	0	0	0	0	0	0	0	0	0	0	0	0	0	0	0	0	0	0	0	0	0	0	0	0	0	0	0	0	0	0	0	0	0	0	0	0	0
Staphylococcus_nepalensis	0	0	0	0	0	0	0	0	0	0	0	0	0	0	0	0	0	0	0	0	0	0	0	0	0	0	0	0	0	0	0	0	0	0	0	0	0	0	0	0	0
Staphylococcus_saprophyticus	0	0	0	0	0	0	0	0	0	0	0	0	0	0	0	0	0	0	0	0	0	0	0	0	0	0	0	0	0	0	0	0	0	0	0	0	0	0	0	0	0
Staphylococcus_simulans	0	0	0	0	0	0	0	0	0	0	0	0	0	0	0	0	0	0	0	0	0.0	0.0	0.0	0.0	0.0	0.0	0.0	0.0	0.030303030303030304	0.0	0.030303030303030304	0.0	0.06060606060606061	0.0	0.06060606060606061	0.0	0.015151515151515152	0.0	0.0	0.07575757575757576	6
Staphylococcus_succinus	0	0	0	0	0	0	0	0	0	0	0	0	0	0	0	0	0	0	0	0	0	0	0	0	0	0	0	0	0	0	0	0	0	0	0	0	0	0	0	0	0
Streptococcus_agalactiae	0	0	0	0	0	0	0	0	0	0	0	0	0	0	0	0	0	0	0	0	0	0	0	0	0	0	0	0	0	0	0	0	0	0	0	0	0	0	0	0	0
Streptococcus_anginosus	0	0	0	0	0	0	0	0	0	0	0	0	0	0	0	0	0	0	0	0	0	0	0	0	0	0	0	0	0	0	0	0	0	0	0	0	0	0	0	0	0
Streptococcus_anginosus_C1051	0	0	0	0	0	0	0	0	0	0	0	0	0	0	0	0	0	0	0	0	0.0	0.0	0.0	0.0	0.0	0.0	0.0	0.0	0.0	0.0	0.0	0.0	0.0	0.0	0.0	0.045454545454545456	0.0	0.0	0.0	0.0	2
Streptococcus_canis	0	0	0	0	0	0	0	0	0	0	0	0	0	0	0	0	0	0	0	0	0	0	0	0	0	0	0	0	0	0	0	0	0	0	0	0	0	0	0	0	0
Streptococcus_cristatus	0	0	0	0	0	0	0	0	0	0	0	0	0	0	0	0	0	0	0	0	0	0	0	0	0	0	0	0	0	0	0	0	0	0	0	0	0	0	0	0	0
Streptococcus_cristatus_ATCC_51100	0	0	0	0	0	0	0	0	0	0	0	0	0	0	0	0	0	0	0	0	0.0	0.0	0.0	0.0	0.0	0.0	0.0	0.0	0.0	0.0	0.0	0.0	0.0	0.0	0.0	0.0	0.0	0.0	0.09090909090909091	0.0	1
Streptococcus_dysgalactiae	0	0	0	0	0	0	0	0	0	0	0	0	0	0	0	0	0	0	0	0	0	0	0	0	0	0	0	0	0	0	0	0	0	0	0	0	0	0	0	0	0
Streptococcus_equi	0	0	0	0	0	0	0	0	0	0	0	0	0	0	0	0	0	0	0	0	0	0	0	0	0	0	0	0	0	0	0	0	0	0	0	0	0	0	0	0	0
Streptococcus_equi_subsp._equi	0	0	0	0	0	0	0	0	0	0	0	0	0	0	0	0	0	0	0	0	0.09090909090909091	0.0	0.0	0.09090909090909091	0.0	0.0	0.0	0.0	0.0	0.0	0.0	0.0	0.0	0.0	0.0	0.09090909090909091	0.0	0.0	0.0	0.0	1
Streptococcus_gallolyticus	0	0	0	0	0	0	0	0	0	0	0	0	0	0	0	0	0	0	0	0	0	0	0	0	0	0	0	0	0	0	0	0	0	0	0	0	0	0	0	0	0
Streptococcus_gordonii	0	0	0	0	0	0	0	0	0	0	0	0	0	0	0	0	0	0	0	0	0	0	0	0	0	0	0	0	0	0	0	0	0	0	0	0	0	0	0	0	0
Streptococcus_gordonii_str._Challis_substr._CH1	0	0	0	0	0	0	0	0	0	0	0	0	0	0	0	0	0	0	0	0	0	0	0	0	0	0	0	0	0	0	0	0	0	0	0	0	0	0	0	0	0
Streptococcus_intermedius	0	0	0	0	0	0	0	0	0	0	0	0	0	0	0	0	0	0	0	0	0	0	0	0	0	0	0	0	0	0	0	0	0	0	0	0	0	0	0	0	0
Streptococcus_intermedius_B196	0	0	0	0	0	0	0	0	0	0	0	0	0	0	0	0	0	0	0	0	0.0	0.0	0.0	0.0	0.0	0.0	0.0	0.0	0.0	0.0	0.0	0.0	0.0	0.004784688995215311	0.0	0.0	0.0	0.0	0.0	0.0	19
Streptococcus_lutetiensis	1.0	0	0	0	0	0	0	0	0	0	0	0	0	0	0	0	0	0	0	0	0.09090909090909091	0.0	0.0	0.0	0.09090909090909091	0.0	0.09090909090909091	0.0	0.0	0.0	0.0	0.0	0.0	0.0	0.0	0.0	0.0	0.0	0.0	0.045454545454545456	2
Streptococcus_milleri	0	0	0	0	0	0	0	0	0	0	0	0	0	0	0	0	0	0	0	0	0	0	0	0	0	0	0	0	0	0	0	0	0	0	0	0	0	0	0	0	0
Streptococcus_mitis	0	0	0	0	0	0	0	0	0	0	0	0	0	0	0	0	0	0	0	0	0	0	0	0	0	0	0	0	0	0	0	0	0	0	0	0	0	0	0	0	0
Streptococcus_mutans	0	0	0	0	0	0	0	0	0	0	0	0	0	0	0	0	0	0	0	0	0	0	0	0	0	0	0	0	0	0	0	0	0	0	0	0	0	0	0	0	0
Streptococcus_oralis	0	0	0	0	0	0	0	0	0	0	0	0	0	0	0	0	0	0	0	0	0	0	0	0	0	0	0	0	0	0	0	0	0	0	0	0	0	0	0	0	0
Streptococcus_parauberis	0	0	0	0	0	0	0	0	0	0	0	0	0	0	0	0	0	0	0	0	0	0	0	0	0	0	0	0	0	0	0	0	0	0	0	0	0	0	0	0	0
Streptococcus_pneumoniae	0	0	0	0	0	0	0	0	0	0	0	0	0	0	0	0	0	0	0	0	0	0	0	0	0	0	0	0	0	0	0	0	0	0	0	0	0	0	0	0	0
Streptococcus_pyogenes	0	0	0	0	0	0	0	0	0	0	0	0	0	0	0	0	0	0	0	0	0.0	0.09090909090909091	0.0	0.0	0.0	0.0	0.0	0.0	0.0	0.0	0.09090909090909091	0.0	0.0	0.0	0.0	0.09090909090909091	0.0	0.0	0.0	0.0	1
Streptococcus_salivarius	0	0	0	0	0	0	0	0	0	0	0	0	0	0	0	0	0	0	0	0	0	0	0	0	0	0	0	0	0	0	0	0	0	0	0	0	0	0	0	0	0
Streptococcus_sanguinis	0	0	0	0	0	0	0	0	0	0	0	0	0	0	0	0	0	0	0	0	0	0	0	0	0	0	0	0	0	0	0	0	0	0	0	0	0	0	0	0	0
Streptococcus_sp._HSISM1	0	0	0	0	0	0	0	0	0	0	0	0	0	0	0	0	0	0	0	0	0	0	0	0	0	0	0	0	0	0	0	0	0	0	0	0	0	0	0	0	0
Streptococcus_suis	0	0	0	0	0	0	0	0	0	0	0	0	0	0	0	0	0	0	0	0	0.030303030303030304	0.015151515151515152	0.0	0.0	0.0	0.0	0.0	0.04545454545454545	0.0	0.015151515151515152	0.0	0.0	0.015151515151515152	0.0	0.0	0.015151515151515152	0.0	0.0	0.0	0.0	6
Streptococcus_thermophilus	0	0	0	0	0	0	0	0	0	0	0	0	0	0	0	0	0	0	0	0	0	0	0	0	0	0	0	0	0	0	0	0	0	0	0	0	0	0	0	0	0
Tannerella_forsythia	0	0	0	0	0	0	0	0	0	0	0	0	0	0	0	0	0	0	0	0	0.0	0.0	0.045454545454545456	0.0	0.0	0.045454545454545456	0.0	0.0	0.045454545454545456	0.0	0.0	0.022727272727272728	0.0	0.0	0.0	0.022727272727272728	0.0	0.0	0.06818181818181818	0.0	4
Tannerella_forsythia_92A2	0	0	0	0	0	0	0	0	0	0	0	0	0	0	1.0	0	0	0	0	0	0.0	0.0	0.030303030303030304	0.0	0.0	0.06060606060606061	0.0	0.0	0.0	0.0	0.0	0.0	0.0	0.0	0.030303030303030304	0.06060606060606061	0.030303030303030304	0.0	0.0	0.030303030303030304	3
Treponema	0	0	0	0	0.3333333333333333	0.5714285714285714	0	0	0	0	0	0	0	0	0	0	0	0	0.5	1.0	0.056818181818181816	0.022727272727272728	0.028409090909090908	0.005681818181818182	0.028409090909090908	0.03977272727272727	0.028409090909090908	0.0	0.0	0.0	0.011363636363636364	0.022727272727272728	0.011363636363636364	0.022727272727272728	0.03409090909090909	0.011363636363636364	0.0	0.0	0.005681818181818182	0.03409090909090909	16
Treponema_azotonutricium_ZAS-9	0	0	0	0	0	0	0	0	0	0	0	0	0	0	0	0	0	0	0	0	0.0	0.0	0.0	0.0	0.0	0.0	0.0	0.0	0.0	0.0	0.0	0.0	0.0	0.0	0.0	0.0	0.0	0.0	0.0	0.0	1
Treponema_brennaborense_DSM_12168	0	0	0	0	0	0	0	0	0	0	0	0	0	0	0	0	0	0	0	0	0.045454545454545456	0.0	0.045454545454545456	0.0	0.0	0.0	0.0	0.0	0.0	0.0	0.0	0.0	0.0	0.0	0.0	0.0	0.0	0.0	0.0	0.0	2
Treponema_caldarium_DSM_7334	0	0	0	0	0	0	0	0	0	0	0	0	0	0	0	0	0	0	0	0	0.0	0.0	0.0	0.0	0.0	0.0	0.0	0.0	0.0	0.0	0.0	0.0	0.0	0.0	0.09090909090909091	0.0	0.0	0.0	0.0	0.0	1
Treponema_denticola	0	0	0	0	0	0	0	0	0	0	0	0	0	0	0	0	0	0	0	0	0	0	0	0	0	0	0	0	0	0	0	0	0	0	0	0	0	0	0	0	0
Treponema_denticola_ATCC_35405	0	0	0	0	0	0	0	0	0	0	0	0	0	0	0	0	0	0	0	0	0	0	0	0	0	0	0	0	0	0	0	0	0	0	0	0	0	0	0	0	0
Treponema_denticola_H1-T	0	0	0	0	0	0	0	0	0	0	0	0	0	0	0	0	0	0	0	0	0.0	0.0	0.09090909090909091	0.0	0.0	0.0	0.0	0.0	0.0	0.0	0.0	0.0	0.0	0.0	0.0	0.0	0.0	0.0	0.0	0.0	1
Treponema_pallidum	0	0	0	0	0	0	0	0	0	0	0	0	0	0	0	0	0	0	0	0	0	0	0	0	0	0	0	0	0	0	0	0	0	0	0	0	0	0	0	0	0
Treponema_pallidum_subsp._pallidum	0	0	0	0	0	0	0	0	0	0	0	0	0	0	0	0	0	0	0	0	0.0	0.0	0.0	0.0	0.0	0.0	0.0	0.0	0.0	0.0	0.0	0.0	0.0	0.09090909090909091	0.0	0.0	0.09090909090909091	0.09090909090909091	0.09090909090909091	0.0	1
Treponema_pallidum_subsp._pertenue	0	0	0	0	0	0	0	0	0	0	0	0	0	0	0	0	0	0	0	0	0	0	0	0	0	0	0	0	0	0	0	0	0	0	0	0	0	0	0	0	0
Treponema_parvum	0	0	0	0	0	0	0	0	0	0	0	0.3333333333333333	0	0	0	0.3333333333333333	0	0.3333333333333333	0	0	0.0	0.01818181818181818	0.01818181818181818	0.0	0.0	0.01818181818181818	0.0	0.0	0.0	0.0	0.0	0.03636363636363636	0.0	0.01818181818181818	0.01818181818181818	0.01818181818181818	0.01818181818181818	0.01818181818181818	0.0	0.01818181818181818	5
Treponema_pedis	0	0	0	0	0	0	0	0	0	0	0	0	0	0	0	0	0	0	0	0	0.0	0.0	0.0	0.0	0.0	0.0	0.0	0.09090909090909091	0.0	0.0	0.0	0.0	0.0	0.09090909090909091	0.0	0.0	0.0	0.0	0.0	0.0	1
Treponema_phagedenis	0	0	0	0	0	1.0	0	0	0	0	0	0	0	0	0	0	0	0	0.2857142857142857	0	0.0	0.045454545454545456	0.022727272727272728	0.0	0.0	0.022727272727272728	0.0	0.045454545454545456	0.045454545454545456	0.0	0.0	0.0	0.011363636363636364	0.011363636363636364	0.0	0.011363636363636364	0.011363636363636364	0.0	0.022727272727272728	0.0	8
Treponema_primitia_ZAS-2	0	0	0	0	0	0	0	0	0	0	0	0	0.3333333333333333	0	0	0	0	0	0	0	0.022727272727272728	0.0	0.022727272727272728	0.022727272727272728	0.0	0.022727272727272728	0.022727272727272728	0.0	0.0	0.0	0.022727272727272728	0.0	0.022727272727272728	0.0	0.0	0.0	0.0	0.0	0.0	0.0	4
Treponema_socranskii_subsp._buccale	0	0	0	0	0	0	0	0	0	0	0	0	0	0	0	0	0	0	0	1.0	0.015151515151515152	0.0	0.030303030303030304	0.0	0.0	0.04545454545454545	0.0	0.0	0.0	0.015151515151515152	0.0	0.015151515151515152	0.0	0.030303030303030304	0.0	0.015151515151515152	0.0	0.0	0.0	0.015151515151515152	6
Treponema_sp._OMZ_838	0	0	0	0	0	0	0	0	0	0	0	0	0	0	0	0	0	0	0	0	0.09090909090909091	0.0	0.0	0.0	0.0	0.0	0.09090909090909091	0.0	0.0	0.0	0.0	0.0	0.0	0.0	0.0	0.0	0.0	0.0	0.0	0.0	1
Treponema_vincentii	0	0	0	0	0	0	0	0	0	0	0	0	0	0	0	0	0	0	0	0	0.012987012987012988	0.012987012987012988	0.0	0.0	0.0	0.012987012987012988	0.0	0.0	0.012987012987012988	0.0	0.0	0.0	0.0	0.0	0.0	0.0	0.012987012987012988	0.0	0.012987012987012988	0.025974025974025976	7
Veillonella_parvula	0	0	0	0	0	0	0	0	0	0	0	0	0	0	0	0	0	0	0	0	0	0	0	0	0	0	0	0	0	0	0	0	0	0	0	0	0	0	0	0	0
Vesicular_stomatitis_Indiana_virus	0	0	0	0	0	0	0	0	0	0	0	0	0	0	0	0	0	0	0	0	0	0	0	0	0	0	0	0	0	0	0	0	0	0	0	0	0	0	0	0	0
Vibrio_anguillarum	0	0	0	0	0	0	0	0	0	0	0	0	0	0	0	0	0	0	0	0	0.0	0.0	0.0	0.06060606060606061	0.06060606060606061	0.0	0.0	0.0	0.0	0.0	0.0	0.0	0.0	0.0	0.0	0.0	0.015151515151515152	0.0	0.0	0.0	6
Vibrio_cholerae	0	0	0	0	0	0	0	0	0	0	0	0	0	0	0	0	0	0	0	0	0	0	0	0	0	0	0	0	0	0	0	0	0	0	0	0	0	0	0	0	0
Vibrio_furnissii	0	0	0	0	0	0	0	0	0	0	0	0	0	0	0	0	0	0	0	0	0.0	0.0	0.09090909090909091	0.0	0.0	0.0	0.0	0.0	0.0	0.0	0.0	0.0	0.0	0.0	0.0	0.09090909090909091	0.0	0.0	0.0	0.0	1
Vibrio_furnissii_NCTC_11218	0	0	0	0	0	0	0	0	0	0	0	0	0	0	0	0	0	0	0	0	0.0	0.0	0.09090909090909091	0.0	0.0	0.0	0.0	0.0	0.0	0.0	0.07272727272727272	0.07272727272727272	0.0	0.0	0.0	0.07272727272727272	0.0	0.0	0.0	0.07272727272727272	5
Vibrio_parahaemolyticus	0	0	0	0	0	0	0	0	0	0	0	0	0	0	0	0	0	0	0	0	0.0	0.0	0.0	0.0	0.0	0.045454545454545456	0.0	0.045454545454545456	0.045454545454545456	0.0	0.0	0.06818181818181818	0.045454545454545456	0.022727272727272728	0.0	0.0	0.045454545454545456	0.0	0.0	0.0	4
Vibrio_splendidus	0	0	0	0	0	0	0	0	0	0	0	0	0	0	0	0	0	0	0	0	0.0	0.0	0.0	0.09090909090909091	0.09090909090909091	0.0	0.0	0.0	0.0	0.0	0.0	0.0	0.0	0.0	0.0	0.0	0.0	0.0	0.0	0.0	1
Vibrio_vulnificus	0	0	0	0	0	0	0	0	0	0	0	0	0	0	0	0	0	0	0	0	0.0	0.0	0.0	0.0	0.0	0.0	0.0	0.0	0.0	0.0	0.0	0.0	0.0	0.0	0.0	0.0	0.0	0.0	0.07142857142857142	0.0	14
Vibrio_vulnificus_NBRC_15645_=_ATCC_27562	0	0	0	0	0	1.0	0	0	0	0	0	0	0	0	0	0	0	0	0	0	0.0	0.0	0.0	0.0	0.0909090909090909	0.0909090909090909	0.0	0.0	0.0	0.0	0.030303030303030304	0.0	0.0	0.0	0.0	0.0	0.0	0.0	0.030303030303030304	0.06060606060606061	3
Yersinia_aldovae	0	0	0	0	0	0	0	0	0	0	0	0	0	0	0	0	0	0	0	0	0	0	0	0	0	0	0	0	0	0	0	0	0	0	0	0	0	0	0	0	0
Yersinia_aleksiciae	0	0	0	0	0	0	0	0	0	0	0	0	0	0	0	0	0	0	0	0	0	0	0	0	0	0	0	0	0	0	0	0	0	0	0	0	0	0	0	0	0
Yersinia_enterocolitica	0	0	0	0	0	0	0	0	0	0	0	0	0	0	0	0	0	0	0	0	0	0	0	0	0	0	0	0	0	0	0	0	0	0	0	0	0	0	0	0	0
Yersinia_intermedia	0	0	0	0	0	0	0	0	0	0	0	0	0	0	0	0	0	0	0	0	0.0	0.0	0.0	0.0	0.0	0.0	0.0	0.045454545454545456	0.0	0.0	0.0	0.0	0.0	0.0	0.0	0.0	0.0	0.0	0.0	0.045454545454545456	2
Yersinia_pestis	0	0	0	0	0	0	0	0	0	0	0	0	0	0	0	0	0	0	0	0	0	0	0	0	0	0	0	0	0	0	0	0	0	0	0	0	0	0	0	0	0
Yersinia_pestis_CO92	0	0	0	0	0	0	0	0	0	0	0	0	0	0	0	0	0	0	0	0	0	0	0	0	0	0	0	0	0	0	0	0	0	0	0	0	0	0	0	0	0
Yersinia_pseudotuberculosis	0	0	0	0	0	0	0	0	0	0	0	0	0	0	0	0	0	0	0	0	0	0	0	0	0	0	0	0	0	0	0	0	0	0	0	0	0	0	0	0	0
Yersinia_pseudotuberculosis_complex	0	0	0	0	0	0	0	0	0	0	0	0	0	0	0	0	0	0	0	0	0	0	0	0	0	0	0	0	0	0	0	0	0	0	0	0	0	0	0	0	0
Yersinia_rohdei	0	0	0	0	0	0	0	0	0	0	0	0	0	0	0	0	0	0	0	1.0	0.0	0.0	0.0	0.0	0.0	0.045454545454545456	0.0	0.0	0.0	0.0	0.0	0.0	0.0	0.0	0.0	0.0	0.0	0.0	0.0	0.045454545454545456	2
Yersinia_ruckeri	0	0	0	0	0	0	0	0	0	0	0	0	0	0	0	0	0	0	0	0	0	0	0	0	0	0	0	0	0	0	0	0	0	0	0	0	0	0	0	0	0
