Node	C>T_1	C>T_2	C>T_3	C>T_4	C>T_5	C>T_6	C>T_7	C>T_8	C>T_9	C>T_10	G>A_11	G>A_12	G>A_13	G>A_14	G>A_15	G>A_16	G>A_17	G>A_18	G>A_19	G>A_20	D>V(11Substitution)_1	D>V(11Substitution)_2	D>V(11Substitution)_3	D>V(11Substitution)_4	D>V(11Substitution)_5	D>V(11Substitution)_6	D>V(11Substitution)_7	D>V(11Substitution)_8	D>V(11Substitution)_9	D>V(11Substitution)_10	H>B(11Substitution)_11	H>B(11Substitution)_12	H>B(11Substitution)_13	H>B(11Substitution)_14	H>B(11Substitution)_15	H>B(11Substitution)_16	H>B(11Substitution)_17	H>B(11Substitution)_18	H>B(11Substitution)_19	H>B(11Substitution)_20	considered_Matches
Actinobacillus_equuli	0	0	0	0	0	0	0	0	0	0	0	0	0	0	0	0	0	0	0	0	0	0	0	0	0	0	0	0	0	0	0	0	0	0	0	0	0	0	0	0	0
Actinobacillus_pleuropneumoniae	0	0	0	0	0	0	1.0	0	0	0	0	0	0	0	0	0	0	0	0	0	0.0	0.0	0.0	0.0	0.0	0.0	0.09090909090909091	0.0	0.0	0.0	0.0	0.0	0.045454545454545456	0.0	0.0	0.0	0.0	0.0	0.0	0.0	2
African_swine_fever_virus	0	0	0	0	0	0	0	0	0	0	0	0	0	0	0	0	0	0	0	0	0	0	0	0	0	0	0	0	0	0	0	0	0	0	0	0	0	0	0	0	0
Aphthovirus	0	0	0	0	0	0	0	0	0	0	0	0	0	0	0	0	0	0	0	0	0	0	0	0	0	0	0	0	0	0	0	0	0	0	0	0	0	0	0	0	0
Arcanobacterium_haemolyticum	0	0	0	0	0	0	0	0	0	0	0	0	0	0	0	0	0	0	0	0	0	0	0	0	0	0	0	0	0	0	0	0	0	0	0	0	0	0	0	0	0
Aspergillus_fumigatus	0	0	0	0	0	0	0	0	0	0	0	0	0	0	0	0	0	0	0	0	0	0	0	0	0	0	0	0	0	0	0	0	0	0	0	0	0	0	0	0	0
Bartonella_bacilliformis	0	0	0	0	0	0	0	0	0	0	0	0	0	0	0	0	0	0	0	0	0	0	0	0	0	0	0	0	0	0	0	0	0	0	0	0	0	0	0	0	0
Bartonella_henselae	0	0	0	0	0	0	0	0	0	0	0	0	0	0	0	0	0	0	0	0	0	0	0	0	0	0	0	0	0	0	0	0	0	0	0	0	0	0	0	0	0
Bartonella_quintana	0	0	0	0	0	0	0	0	0	0	0	0	0	0	0	0	0	0	0	0	0	0	0	0	0	0	0	0	0	0	0	0	0	0	0	0	0	0	0	0	0
Blastomyces_dermatitidis	0	0	0	0	0	0	0	0	0	0	0	0	0	0	0	0	0	0	0	0	0	0	0	0	0	0	0	0	0	0	0	0	0	0	0	0	0	0	0	0	0
Bordetella_bronchialis	0.058823529411764705	0.14285714285714285	0.1	0.058823529411764705	0	0	0	0	0.08333333333333333	0	0.18181818181818182	0.08333333333333333	0	0	0	0.2	0	0	0.07142857142857142	0.15789473684210525	0.012684989429175475	0.006342494714587738	0.008456659619450317	0.006342494714587738	0.016913319238900635	0.008456659619450317	0.010570824524312896	0.010570824524312896	0.008456659619450317	0.006342494714587738	0.008456659619450317	0.006342494714587738	0.012684989429175475	0.0021141649048625794	0.006342494714587738	0.012684989429175475	0.0021141649048625794	0.010570824524312896	0.008456659619450317	0.010570824524312896	43
Bordetella_bronchiseptica	0.2857142857142857	0	0	0	0	0.125	0	0.5	0	0	0	0	0	0	0	0.25	0	0.1111111111111111	0	0	0.025252525252525252	0.01515151515151515	0.005050505050505051	0.005050505050505051	0.01515151515151515	0.010101010101010102	0.01515151515151515	0.0303030303030303	0.005050505050505051	0.010101010101010102	0.005050505050505051	0.005050505050505051	0.005050505050505051	0.0	0.025252525252525252	0.005050505050505051	0.0	0.005050505050505051	0.0	0.01515151515151515	18
Bordetella_genomosp._13	0.1	0.07142857142857142	0	0	0	0.08333333333333333	0	0.08333333333333333	0.2	0	0.07692307692307693	0.1	0	0	0.0625	0	0	0.2222222222222222	0	0	0.019138755980861243	0.014354066985645932	0.011961722488038277	0.01674641148325359	0.014354066985645932	0.009569377990430622	0.007177033492822966	0.011961722488038277	0.011961722488038277	0.009569377990430622	0.01674641148325359	0.011961722488038277	0.004784688995215311	0.007177033492822966	0.004784688995215311	0.009569377990430622	0.004784688995215311	0.009569377990430622	0.007177033492822966	0.01674641148325359	38
Bordetella_pertussis	0	0	0	0	0	0	0	0	0	0	0.875	0	0	0	0	0	0	0	0	0	0.0	0.0	0.0	0.0	0.0	0.02560819462227913	0.0	0.0	0.02176696542893726	0.0	0.026888604353393086	0.010243277848911651	0.008962868117797696	0.0	0.010243277848911651	0.015364916773367477	0.03713188220230473	0.010243277848911651	0.019206145966709345	0.0	71
Bordetella_pertussis_137	0	0	0	0	0	0	0	0	0	0	0	0	0	0	0	0	0	0	0	0	0.0	0.0	0.0	0.0	0.0	0.0	0.0	0.0	0.0	0.0	0.0	0.0	0.0	0.0	0.08484848484848485	0.0	0.0	0.0	0.0	0.0	15
Bordetella_pertussis_18323	0	0	0	0	0	0	0	1.0	0	0	0	0	0	0	0	0	0	0	0	0	0.0	0.0909090909090909	0.0	0.0	0.0	0.0	0.0	0.0909090909090909	0.0	0.0	0.0	0.007575757575757576	0.0	0.0	0.0	0.0	0.0	0.08333333333333333	0.0	0.0	12
Bordetella_petrii	0	0.25	0	0.2222222222222222	0	0	0	0.2857142857142857	0.25	0	0	0.4	0	0	0.2	0	0	0.16666666666666666	0.3333333333333333	0	0.005050505050505051	0.0303030303030303	0.005050505050505051	0.010101010101010102	0.010101010101010102	0.005050505050505051	0.025252525252525252	0.025252525252525252	0.010101010101010102	0.005050505050505051	0.005050505050505051	0.010101010101010102	0.01515151515151515	0.0	0.010101010101010102	0.005050505050505051	0.01515151515151515	0.020202020202020204	0.01515151515151515	0.0	18
Bordetella_trematum	0	0	0.4	0.2222222222222222	0	0.2222222222222222	0	0	0.18181818181818182	0	0	0	0	0.3	0	0	0	0	0	0	0.0202020202020202	0.0033670033670033673	0.0202020202020202	0.02693602693602694	0.01346801346801347	0.0101010101010101	0.006734006734006735	0.0033670033670033673	0.016835016835016835	0.006734006734006735	0.006734006734006735	0.006734006734006735	0.0033670033670033673	0.016835016835016835	0.01346801346801347	0.0101010101010101	0.006734006734006735	0.006734006734006735	0.0202020202020202	0.006734006734006735	27
Borrelia_crocidurae	0	0	0	0	0	0	0	0	0	0	0	0	0	0	0	0	0	0	0	0	0	0	0	0	0	0	0	0	0	0	0	0	0	0	0	0	0	0	0	0	0
Borrelia_recurrentis	0	0	0	0	0	0	0	0	0	0	0	0	0	0	0	0	0	0	0	0	0	0	0	0	0	0	0	0	0	0	0	0	0	0	0	0	0	0	0	0	0
Borreliella_afzelii	0	0	0	0	0	0	0	0	0	0	0	0	0	0	0	0	0	0	0	0	0	0	0	0	0	0	0	0	0	0	0	0	0	0	0	0	0	0	0	0	0
Borreliella_burgdorferi	0	0	0	0	0	0	0	0	0	0	0	0	0	0	0	0	0	0	0	0	0	0	0	0	0	0	0	0	0	0	0	0	0	0	0	0	0	0	0	0	0
Borreliella_garinii	0	0	0	0	0	0	0	0	0	0	0	0	0	0	0	0	0	0	0	0	0	0	0	0	0	0	0	0	0	0	0	0	0	0	0	0	0	0	0	0	0
Bovine_rhinitis_A_virus	0	0	0	0	0	0	0	0	0	0	0	0	0	0	0	0	0	0	0	0	0	0	0	0	0	0	0	0	0	0	0	0	0	0	0	0	0	0	0	0	0
Brucella_abortus	0	0	0	0	0	0	0	0	0	0	0	0	0	0	0	0	0	0	0	0	0	0	0	0	0	0	0	0	0	0	0	0	0	0	0	0	0	0	0	0	0
Brucella_canis	0	0	0	0	0	0	0	0	0	0	0	0	0	0	0	0	0	0	0	0	0	0	0	0	0	0	0	0	0	0	0	0	0	0	0	0	0	0	0	0	0
Brucella_melitensis	0	0	0	0	0	0	0	0	0	0	0	0	0	0	0	0	0	0	0	0	0.0	0.0	0.0	0.0	0.0	0.0	0.0	0.0	0.0	0.0	0.0	0.0	0.0	0.0	0.0909090909090909	0.0	0.0	0.06060606060606061	0.0	0.0	3
Brucella_microti	0	0	0	0	0	0	0	0	0	0	0	0	0	0	0	0	0	0	0	0	0	0	0	0	0	0	0	0	0	0	0	0	0	0	0	0	0	0	0	0	0
Brucella_ovis	0	0	0	0	0	0	0	0	0	0	0	0	0	0	0	0	0	0	0	0	0	0	0	0	0	0	0	0	0	0	0	0	0	0	0	0	0	0	0	0	0
Brucella_suis	0	0	0	0	0	0	0	0	0	0	0	0	0	0	0	0	0	0	0	0	0	0	0	0	0	0	0	0	0	0	0	0	0	0	0	0	0	0	0	0	0
Burkholderia_cepacia	0.07692307692307693	0	0	0	0	0	0	0	0	0.42105263157894735	0.2857142857142857	0	0	0.07692307692307693	0	0.26666666666666666	0	0	0	0	0.010909090909090908	0.016363636363636365	0.007272727272727273	0.007272727272727273	0.010909090909090908	0.005454545454545454	0.00909090909090909	0.00909090909090909	0.012727272727272728	0.023636363636363636	0.010909090909090908	0.014545454545454545	0.010909090909090908	0.00909090909090909	0.010909090909090908	0.02909090909090909	0.012727272727272728	0.005454545454545454	0.00909090909090909	0.010909090909090908	50
Burkholderia_cepacia_ATCC_25416	0	0.14285714285714285	0	0	0	0	0	0	0	0	0	0	0	0	0	0	0	1.0	0	0	0.0	0.005681818181818182	0.03409090909090909	0.0	0.005681818181818182	0.0	0.0	0.005681818181818182	0.017045454545454544	0.0	0.0	0.0	0.0	0.0	0.0	0.0	0.017045454545454544	0.056818181818181816	0.0	0.017045454545454544	16
Burkholderia_cepacia_JBK9	0	0.3333333333333333	0.2857142857142857	0	0	0	0.2	0	0	0	0	0	0	0	0	0.14285714285714285	0	0	0	0.16666666666666666	0.006493506493506494	0.006493506493506494	0.012987012987012988	0.012987012987012988	0.01948051948051948	0.0	0.006493506493506494	0.006493506493506494	0.0	0.0	0.006493506493506494	0.0	0.0	0.012987012987012988	0.012987012987012988	0.012987012987012988	0.012987012987012988	0.01948051948051948	0.025974025974025976	0.01948051948051948	14
Burkholderia_gladioli	0	0.019230769230769232	0.08695652173913043	0.08695652173913043	0	0.07547169811320754	0.03225806451612903	0.07317073170731707	0.015384615384615385	0	0.022222222222222223	0.09090909090909091	0	0.125	0	0.02631578947368421	0	0	0	0.17307692307692307	0.013303769401330375	0.014412416851441243	0.012749445676274944	0.006651884700665188	0.004434589800443459	0.0072062084257206215	0.001662971175166297	0.012749445676274944	0.003325942350332594	0.001662971175166297	0.006651884700665188	0.010532150776053215	0.010532150776053215	0.008869179600886918	0.009977827050997784	0.008314855875831485	0.008314855875831485	0.010532150776053215	0.006097560975609756	0.018292682926829267	164
Burkholderia_gladioli_BSR3	1.0	0.6666666666666666	0.125	0.2222222222222222	0	0.4444444444444444	0.2	0	0	0	0	0	0.2	0	0	0	0	0	0.14285714285714285	0	0.025974025974025972	0.030303030303030304	0.017316017316017316	0.012987012987012986	0.017316017316017316	0.021645021645021644	0.025974025974025972	0.017316017316017316	0.008658008658008658	0.017316017316017316	0.008658008658008658	0.008658008658008658	0.012987012987012986	0.004329004329004329	0.004329004329004329	0.004329004329004329	0.012987012987012986	0.008658008658008658	0.008658008658008658	0.004329004329004329	21
Burkholderia_gladioli_pv._gladioli	0.22727272727272727	0.13513513513513514	0	0	0	0.12903225806451613	0.10606060606060606	0.043478260869565216	0	0.029850746268656716	0	0	0.109375	0	0.057692307692307696	0.0975609756097561	0.15789473684210525	0.02857142857142857	0.24489795918367346	0.05660377358490566	0.0172311348781937	0.0101010101010101	0.006535947712418301	0.0041592394533571005	0.0071301247771836	0.0101010101010101	0.012477718360071301	0.0112893642305407	0.0101010101010101	0.0112893642305407	0.0059417706476530005	0.0059417706476530005	0.020796197266785502	0.0023767082590612004	0.013071895424836602	0.011883541295306001	0.011883541295306001	0.010695187165775402	0.011883541295306001	0.021984551396316103	153
Burkholderia_mallei	0	0	0	0	0	0	0	0	0	0	0	0	0	0	0	0	0	0	0	0	0.00909090909090909	0.0	0.00909090909090909	0.0	0.0	0.00909090909090909	0.0	0.0	0.0	0.00909090909090909	0.0	0.0	0.0	0.07272727272727272	0.0	0.0	0.00909090909090909	0.00909090909090909	0.0	0.00909090909090909	10
Burkholderia_multivorans	0	0	0.045454545454545456	0	0	0	0.03125	0.047619047619047616	0.046511627906976744	0	0	0	0	0	0	0	0	0.024390243902439025	0.08	0	0.018867924528301886	0.010291595197255574	0.012864493996569467	0.012006861063464836	0.008576329331046312	0.012864493996569467	0.006003430531732418	0.0137221269296741	0.006003430531732418	0.012006861063464836	0.012006861063464836	0.010291595197255574	0.008576329331046312	0.0017152658662092624	0.006003430531732418	0.005145797598627787	0.012006861063464836	0.005145797598627787	0.016295025728987993	0.015437392795883362	106
Burkholderia_multivorans_ATCC_17616	0	0	0	0	0	0.3333333333333333	0	0	0	0	0	0.1	0	0	0.1111111111111111	0.043478260869565216	0	0	0	0	0.0	0.0015151515151515152	0.01515151515151515	0.010606060606060607	0.022727272727272724	0.01515151515151515	0.010606060606060607	0.012121212121212121	0.00909090909090909	0.0	0.004545454545454545	0.013636363636363637	0.0303030303030303	0.006060606060606061	0.0030303030303030303	0.01515151515151515	0.0030303030303030303	0.010606060606060607	0.022727272727272724	0.004545454545454545	60
Burkholderia_multivorans_ATCC_BAA-247	0.5	0.1	0	0.4666666666666667	0	0	0	0	0	0	0	0	0	0	0	0	0.2	0	0	0	0.02556818181818182	0.011363636363636364	0.005681818181818182	0.036931818181818184	0.014204545454545454	0.022727272727272728	0.008522727272727272	0.005681818181818182	0.002840909090909091	0.02556818181818182	0.002840909090909091	0.019886363636363636	0.022727272727272728	0.03409090909090909	0.014204545454545454	0.036931818181818184	0.011363636363636364	0.014204545454545454	0.0	0.0	32
Burkholderia_pseudomallei	0	0	0.36	0	0	0	0.04	0.5084745762711864	0	0	0	0	0.043478260869565216	0	0.06060606060606061	0	0	0.01818181818181818	0	0	0.006134969325153374	0.0128276631344116	0.022308979364194088	0.005577244841048522	0.0	0.0	0.01003904071388734	0.020635805911879534	0.0	0.013385387618516452	0.031232571109871723	0.004461795872838818	5.577244841048522E-4	0.01003904071388734	0.004461795872838818	0.006692693809258226	0.011154489682097044	0.003346346904629113	0.00501952035694367	0.0128276631344116	163
Burkholderia_pseudomallei_1710b	0	0	0	0	0	0	0	0	0	0	0	0	0	0	0	0	0	0	0	0	0.0	0.0	0.0	0.0	0.0	0.0	0.0	0.09090909090909091	0.0	0.0	0.01818181818181818	0.0	0.0	0.07272727272727272	0.0	0.0	0.0	0.0	0.0	0.0	5
Burkholderia_pseudomallei_B03	0	0	0	0	0	0	0	0	0	0	0	0	0	0	0	0	0	0	0	0	0.0	0.0	0.0	0.0	0.0	0.0	0.0	0.0	0.0	0.0	0.0	0.0	0.0	0.0	0.0	0.0	0.0	0.0	0.0	0.0	1
Burkholderia_pseudomallei_MSHR346	0	0	0	0	0	0	0	0	0	0	0	0	0	0	0	0	0	0	0	0	0.0	0.0	0.0	0.0	0.0	0.0	0.09090909090909091	0.0	0.0	0.09090909090909091	0.0	0.0	0.045454545454545456	0.0	0.045454545454545456	0.0	0.0	0.0	0.0	0.0	2
Burkholderia_pseudomallei_NCTC_13179	0	0	0	0	0	0	0	0	0	0	0	0	0	0.5	0	0	0	0	0	0	0.022727272727272728	0.0	0.0	0.0	0.0	0.045454545454545456	0.0	0.0	0.0	0.0	0.0	0.0	0.0	0.022727272727272728	0.0	0.0	0.0	0.045454545454545456	0.0	0.0	4
Campylobacter_coli	0	0	0	0	0	0	0	0	0	0	0	0	0	0	0	0	0	0	0	0	0	0	0	0	0	0	0	0	0	0	0	0	0	0	0	0	0	0	0	0	0
Campylobacter_fetus	0	0	0	0	0	0	0	0	0	0	0	0	0	0	0	0	0	0	0	0	0	0	0	0	0	0	0	0	0	0	0	0	0	0	0	0	0	0	0	0	0
Campylobacter_gracilis	0	0	0	0	0	0	0	0	0	0	0	0	0	0	0	0	0	0	0	0	0	0	0	0	0	0	0	0	0	0	0	0	0	0	0	0	0	0	0	0	0
Campylobacter_showae	0	0	0	0	0	0	0	0	0	0	0	0	0	0	0	0	0	0	0	0	0.0	0.0	0.0	0.0	0.0	0.0	0.0	0.0	0.0	0.0	0.0	0.0	0.0	0.0	0.0	0.045454545454545456	0.0	0.0	0.0	0.0	2
Canine_morbillivirus	0	0	0	0	0	0	0	0	0	0	0	0	0	0	0	0	0	0	0	0	0	0	0	0	0	0	0	0	0	0	0	0	0	0	0	0	0	0	0	0	0
Chlamydia_abortus	0	0	0	0	0	0	0	0	0	0	0	0	0	0	0	0	0	0	0	0	0	0	0	0	0	0	0	0	0	0	0	0	0	0	0	0	0	0	0	0	0
Chlamydia_caviae	0	0	0	0	0	0	0	0	0	0	0	0	0	0	0	0	0	0	0	0	0	0	0	0	0	0	0	0	0	0	0	0	0	0	0	0	0	0	0	0	0
Chlamydia_felis	0	0	0	0	0	0	0	0	0	0	0	0	0	0	0	0	0	0	0	0	0	0	0	0	0	0	0	0	0	0	0	0	0	0	0	0	0	0	0	0	0
Chlamydia_muridarum	0	0	0	0	0	0	0	0	0	0	0	0	0	0	0	0	0	0	0	0	0	0	0	0	0	0	0	0	0	0	0	0	0	0	0	0	0	0	0	0	0
Chlamydia_pecorum	0	0	0	0	0	0	0	0	0	0	0	0	0	0	0	0	0	0	0	0	0	0	0	0	0	0	0	0	0	0	0	0	0	0	0	0	0	0	0	0	0
Chlamydia_pecorum_P787	0	0	0	0	0	0	0	0	0	0	0	0	0	0	0	0	0	0	0	0	0.0	0.0	0.0	0.0	0.0	0.09090909090909091	0.0	0.0	0.0	0.0	0.0	0.0	0.0	0.0	0.0	0.0	0.0	0.0	0.0	0.0	1
Chlamydia_pneumoniae	0	0	0	0	0	0	0	0	0	0	0	0	0	0	0	0	0	0	0	0	0	0	0	0	0	0	0	0	0	0	0	0	0	0	0	0	0	0	0	0	0
Chlamydia_psittaci	0	0	0	0	0	0	0	0	0	0	0	0	0	0	0	0	0	0	0	0	0	0	0	0	0	0	0	0	0	0	0	0	0	0	0	0	0	0	0	0	0
Chlamydia_suis	0	0	0	0	0	0	0	0	0	0	0	0	0	0	0	0	0	0	0	0	0	0	0	0	0	0	0	0	0	0	0	0	0	0	0	0	0	0	0	0	0
Chlamydia_trachomatis	0	0	0	0	0	0	0	0	0	0	0	0	0	0	0	0	0	0	0	0	0	0	0	0	0	0	0	0	0	0	0	0	0	0	0	0	0	0	0	0	0
Corynebacterium_ammoniagenes	0	0	0	0	0	0	0	0	0	0	0	0	0	0	0	0	0	0	0	0	0	0	0	0	0	0	0	0	0	0	0	0	0	0	0	0	0	0	0	0	0
Corynebacterium_amycolatum	0	0	0	0	0	0	0	0	0	0	0	0	0	0	0	0	0	0	0	0	0	0	0	0	0	0	0	0	0	0	0	0	0	0	0	0	0	0	0	0	0
Corynebacterium_bovis	0	0	0	0	0	0	0	0	0	0.3333333333333333	0	0	1.0	0	0	0	0	0	0	0	0.04545454545454545	0.0	0.015151515151515152	0.015151515151515152	0.0	0.0	0.0	0.0	0.0	0.030303030303030304	0.015151515151515152	0.04545454545454545	0.04545454545454545	0.0	0.015151515151515152	0.015151515151515152	0.0	0.0	0.06060606060606061	0.015151515151515152	6
Corynebacterium_crudilactis	0	0	0	0	0	0	0	0	0	0	0	0	0	0	0	0	0	0	0	0	0	0	0	0	0	0	0	0	0	0	0	0	0	0	0	0	0	0	0	0	0
Corynebacterium_diphtheriae	0	0	0	0	0	0	0	0	0	0	0	0	0	0	0	0	0	0	0	0	0.0	0.0	0.0	0.09090909090909091	0.0	0.0	0.0	0.0	0.0	0.0	0.0	0.0	0.0	0.045454545454545456	0.0	0.0	0.0	0.0	0.045454545454545456	0.0	2
Corynebacterium_diphtheriae_HC04	0	0	0	0	0	0	0	0	0	0	1.0	0	0	0	0	0	0	0	0	0.5	0.0	0.0	0.0	0.0	0.0	0.0	0.0	0.0	0.0	0.0	0.045454545454545456	0.0	0.0	0.0	0.0	0.0	0.0	0.045454545454545456	0.0	0.045454545454545456	2
Corynebacterium_jeikeium	0	0	0	0	0	0	0	0	0	0	0	0	0	0	0	0	0	0	0	0	0.0	0.0	0.0	0.0	0.0	0.0	0.0	0.0	0.0	0.0	0.0	0.0	0.0	0.0	0.0	0.0	0.0	0.0	0.0	0.0	1
Corynebacterium_kroppenstedtii	0	0	0	0	0	0	0	0	0	0	0	0	0	0	0	0	0	0	0	0	0.09090909090909091	0.0	0.0	0.09090909090909091	0.0	0.0	0.09090909090909091	0.0	0.0	0.0	0.0	0.0	0.09090909090909091	0.0	0.09090909090909091	0.0	0.0	0.0	0.0	0.0	1
Corynebacterium_maris	0	0	0	0	0	0	0	0	0	0	0	0	0	0	0	0	0	0	0	0	0	0	0	0	0	0	0	0	0	0	0	0	0	0	0	0	0	0	0	0	0
Corynebacterium_maris_DSM_45190	0	0	0	1.0	0	0	0.5	0	0	0	0	0	0	0	0	0	0	0	0	0	0.045454545454545456	0.0	0.045454545454545456	0.09090909090909091	0.0	0.0	0.045454545454545456	0.0	0.0	0.045454545454545456	0.0	0.0	0.0	0.0	0.0	0.0	0.0	0.0	0.045454545454545456	0.045454545454545456	2
Corynebacterium_matruchotii	0	0	0	0	0	0	0	0	0	0	0	0	0	0	0	0	0	0	0	0	0.0	0.0	0.0	0.045454545454545456	0.0	0.0	0.0	0.0	0.0	0.0	0.0	0.0	0.0	0.0	0.0	0.0	0.0	0.0	0.0	0.0	2
Corynebacterium_minutissimum	0	0	0	0	0	0	0	1.0	0	0	0	0	0	0	0	0	1.0	0	0	0	0.0	0.0	0.0	0.0	0.0	0.0	0.0	0.09090909090909091	0.09090909090909091	0.09090909090909091	0.0	0.0	0.0	0.0	0.0	0.0	0.09090909090909091	0.0	0.0	0.0	1
Corynebacterium_pseudotuberculosis	0	0	0	0	0	0	0	0	0	0	0	0	0	0	0	0	0	0	0	0	0	0	0	0	0	0	0	0	0	0	0	0	0	0	0	0	0	0	0	0	0
Corynebacterium_renale	0	0	0	0	0	0	0	0	0	0	0	0	0	0	0	0	0	0	0	0	0.0	0.0	0.0	0.0	0.0	0.0	0.0	0.0	0.0	0.0	0.0	0.0	0.0	0.0	0.0	0.09090909090909091	0.0	0.0	0.0	0.0	1
Corynebacterium_segmentosum	1.0	0	0	0	0	0	0	0	0	0	0	0	0	0	0	0	0	0	0	0	0.09090909090909091	0.0	0.0	0.0	0.0	0.0	0.0	0.0	0.0	0.0	0.0	0.0	0.09090909090909091	0.0	0.0	0.0	0.0	0.0	0.0	0.0	1
Corynebacterium_sphenisci	0	0	0	0	0	0	0	0	0	0	0	0	0	0	0	0	0	0	0	0	0	0	0	0	0	0	0	0	0	0	0	0	0	0	0	0	0	0	0	0	0
Corynebacterium_sphenisci_DSM_44792	0	0	0	0	0	0	0	0	0	0	0	0	0	0	0	0	0	0	0	0	0.0	0.0	0.0	0.0	0.0	0.0	0.022727272727272728	0.0	0.0	0.0	0.0	0.0	0.0	0.022727272727272728	0.0	0.0	0.022727272727272728	0.022727272727272728	0.022727272727272728	0.0	4
Corynebacterium_stationis	0	0	0	0	0	0	0	0	0	0	0	0	0	0	0	0	0	0	0	0	0	0	0	0	0	0	0	0	0	0	0	0	0	0	0	0	0	0	0	0	0
Corynebacterium_striatum	0	0	0	0	0	0	0	0	0	0	0	0	0	0	0	0	0	0	0	0	0	0	0	0	0	0	0	0	0	0	0	0	0	0	0	0	0	0	0	0	0
Corynebacterium_urealyticum	0	0	0	0	0	0	1.0	0	0	0	0	0	0	0	0	0	0	0	0	0	0.0	0.0	0.0	0.0	0.0	0.045454545454545456	0.045454545454545456	0.0	0.0	0.0	0.0	0.0	0.0	0.0	0.0	0.0	0.0	0.0	0.0	0.0	2
Corynebacterium_ureicelerivorans	0	0	0	0	0	0	0	0	0	0	0	0	0	0	0	0	0	0	0	0	0.030303030303030304	0.0	0.015151515151515152	0.015151515151515152	0.015151515151515152	0.0	0.015151515151515152	0.015151515151515152	0.015151515151515152	0.030303030303030304	0.0	0.015151515151515152	0.015151515151515152	0.0	0.015151515151515152	0.015151515151515152	0.0	0.0	0.0	0.015151515151515152	6
Corynebacterium_xerosis	0	0	0	0.3333333333333333	0	0	0	0	0	0	0	0	0	0	0	0	0	0	0	0	0.0	0.0	0.045454545454545456	0.045454545454545456	0.0	0.0	0.045454545454545456	0.022727272727272728	0.022727272727272728	0.0	0.022727272727272728	0.022727272727272728	0.022727272727272728	0.0	0.0	0.0	0.022727272727272728	0.022727272727272728	0.022727272727272728	0.022727272727272728	4
Cowpox_virus	0	0	0	0	0	0	0	0	0	0	0	0	0	0	0	0	0	0	0	0	0	0	0	0	0	0	0	0	0	0	0	0	0	0	0	0	0	0	0	0	0
Coxiella_burnetii	0	0	0	0	0	0	0	0	0	0	0	0	0	0	0	0	0	0	1.0	0	0.0	0.0	0.0	0.0	0.0	0.0	0.0	0.0	0.0	0.0	0.0	0.020202020202020204	0.020202020202020204	0.010101010101010102	0.0	0.0	0.0	0.0	0.08080808080808081	0.0	9
Cryptosporidium	0	0	0	0	0	0	0	0	0	0	0	0	0	0	0	0	0	0	0	0	0	0	0	0	0	0	0	0	0	0	0	0	0	0	0	0	0	0	0	0	0
Cryptosporidium_parvum	0	0	0	0	0	0	0	0	0	0	0	0	0	0	0	0	0	0	0	0	0	0	0	0	0	0	0	0	0	0	0	0	0	0	0	0	0	0	0	0	0
Deltaretrovirus	0	0	0	0	0	0	0	0	0	0	0	0	0	0	0	0	0	0	0	0	0	0	0	0	0	0	0	0	0	0	0	0	0	0	0	0	0	0	0	0	0
Ehrlichia_canis	0	0	0	0	0	0	0	0	0	0	0	0	0	0	0	0	0	0	0	0	0	0	0	0	0	0	0	0	0	0	0	0	0	0	0	0	0	0	0	0	0
Enterococcus_avium	0	0	0	0	0	0	0	0	0	0	0	0	0	0	0	0	0	0	0	0	0.0	0.0	0.0	0.0	0.0	0.09090909090909091	0.09090909090909091	0.0	0.0	0.0	0.0	0.0	0.0	0.045454545454545456	0.0	0.0	0.0	0.045454545454545456	0.09090909090909091	0.0	2
Enterococcus_casseliflavus	0	0	0	0	0	0	0	0	0	0	0	0	0	0	0	0	0	0	0	0	0	0	0	0	0	0	0	0	0	0	0	0	0	0	0	0	0	0	0	0	0
Enterococcus_cecorum	0	0	0	0	0	0	0	0	0	0	0	0	0	0	0	0	0	0	0	0	0	0	0	0	0	0	0	0	0	0	0	0	0	0	0	0	0	0	0	0	0
Enterococcus_durans	0	0	0	0	0	0	0	0	0	0	0	0	0	0	0	0	0	0	0	0	0	0	0	0	0	0	0	0	0	0	0	0	0	0	0	0	0	0	0	0	0
Enterococcus_faecalis	0	0	0	0	0	0	0	0	0	0	0	0	0	0	0	0	0	0	0	0	0	0	0	0	0	0	0	0	0	0	0	0	0	0	0	0	0	0	0	0	0
Enterococcus_faecium	0	0	0	0	0	0	0	0	0	0	0	0	0	0	0	0	0	0	0	0	0	0	0	0	0	0	0	0	0	0	0	0	0	0	0	0	0	0	0	0	0
Enterococcus_hirae	0	0	0	0	0	0	0	0	0	0	0	0	0	0	0	0	0	0	0	0	0	0	0	0	0	0	0	0	0	0	0	0	0	0	0	0	0	0	0	0	0
Enterococcus_mundtii	0	0	0	0	0	0	0	0	0	0	0	0	0	0	0	0	0	0	0	0	0.0	0.0	0.09090909090909091	0.0	0.0	0.0	0.0	0.0	0.0	0.0	0.0	0.09090909090909091	0.0	0.0	0.0	0.0	0.0	0.0	0.0	0.0	1
Enterovirus_B	0	0	0	0	0	0	0	0	0	0	0	0	0	0	0	0	0	0	0	0	0	0	0	0	0	0	0	0	0	0	0	0	0	0	0	0	0	0	0	0	0
Epizootic_hemorrhagic_disease_virus_(serotype_1_/_strain_New_Jersey)	0	0	0	0	0	0	0	0	0	0	0	0	0	0	0	0	0	0	0	0	0	0	0	0	0	0	0	0	0	0	0	0	0	0	0	0	0	0	0	0	0
Equine_rhinitis_A_virus	0	0	0	0	0	0	0	0	0	0	0	0	0	0	0	0	0	0	0	0	0	0	0	0	0	0	0	0	0	0	0	0	0	0	0	0	0	0	0	0	0
Erysipelothrix_rhusiopathiae	0	0	0	0	0	0	0	0	0	0	0	0	0	0	0	0	0	0	0	0	0	0	0	0	0	0	0	0	0	0	0	0	0	0	0	0	0	0	0	0	0
Erythroparvovirus	0	0	0	0	0	0	0	0	0	0	0	0	0	0	0	0	0	0	0	0	0	0	0	0	0	0	0	0	0	0	0	0	0	0	0	0	0	0	0	0	0
Escherichia_coli	0	0	0	0	0	0	0	0	0	0	0	0	0	0	0	0	0	0	1.0	0	0.06493506493506493	0.0	0.0	0.0	0.0	0.0	0.0	0.06493506493506493	0.012987012987012988	0.0	0.0	0.05194805194805195	0.0	0.012987012987012988	0.012987012987012988	0.012987012987012988	0.0	0.0	0.025974025974025976	0.0	7
Escherichia_coli_O111	0	0	0	0	0	0	0	0	0	0	0	0	0	0	0	0	0	0	0	0	0	0	0	0	0	0	0	0	0	0	0	0	0	0	0	0	0	0	0	0	0
Escherichia_coli_O157	0	0	0	0	0	0	0	0	0	0	0	0	0	0	0	0	0	0	0	0	0.0	0.0	0.0	0.0	0.0	0.0	0.0	0.0	0.0	0.09090909090909091	0.0	0.0	0.0	0.0	0.0	0.0	0.0	0.0	0.0	0.06818181818181818	4
Escherichia_coli_O157:H7	0	0	0	0	0	0	0	0	0	0	0	0	0	0	0	0	0	0	0	0	0	0	0	0	0	0	0	0	0	0	0	0	0	0	0	0	0	0	0	0	0
Escherichia_coli_O26	0	0	0	0	0	0	0	0	0	0	0	0	0	0	0	0	0	0	0	0	0	0	0	0	0	0	0	0	0	0	0	0	0	0	0	0	0	0	0	0	0
Escherichia_coli_O6:H16	0	0	0	0	0	0	0	0	0	0	0	0	0	0	0	0	0	0	0	0	0.0	0.0	0.0	0.0	0.0	0.0	0.0	0.0	0.0	0.0	0.0	0.0	0.0	0.0	0.0	0.08080808080808081	0.0	0.0	0.08080808080808081	0.0	9
Francisella_tularensis	0	0	0	0	0	0	0	0	0	0	0	0	0	0	0	0	0	0	0	0	0	0	0	0	0	0	0	0	0	0	0	0	0	0	0	0	0	0	0	0	0
Fusobacterium	0	0	0	0	0	0	0	0	0	0	0	0	0	0	0	0	0	0	0	0	0	0	0	0	0	0	0	0	0	0	0	0	0	0	0	0	0	0	0	0	0
Fusobacterium_nucleatum	0	0	0	0	0	0	0	0	0	0	0	0	0	0	0	0	0	0	0	0	0	0	0	0	0	0	0	0	0	0	0	0	0	0	0	0	0	0	0	0	0
Goatpox_virus	0	0	0	0	0	0	0	0	0	0	0	0	0	0	0	0	0	0	0	0	0	0	0	0	0	0	0	0	0	0	0	0	0	0	0	0	0	0	0	0	0
Haemophilus_influenzae	0	0	0	0	0	0	0	0	0	0	0	0	0	0	0	0	0	0	0	0	0	0	0	0	0	0	0	0	0	0	0	0	0	0	0	0	0	0	0	0	0
Haemophilus_influenzae_F3047	0	0	0	0	0	0	0	0	0	0	0	0	0	0	0	0	0	0	0	0	0.0	0.0	0.0	0.0	0.0	0.0	0.0	0.0	0.0	0.0	0.0	0.0	0.0	0.0	0.0	0.0	0.0	0.045454545454545456	0.0	0.045454545454545456	2
Helicobacter_cinaedi	0	0	0	0	0	0	0	0	0	0	0	0	0	0	0	0	0	0	0	0	0	0	0	0	0	0	0	0	0	0	0	0	0	0	0	0	0	0	0	0	0
Helicobacter_pylori	0	0	0	0	0	0	0	0	0	0	0	0	0	0	0	0	0	0	0	0	0.0	0.0	0.0	0.0	0.0	0.0	0.0	0.0	0.0	0.0	9.090909090909091E-4	0.0	0.0	0.0	0.0	0.0	0.0	0.0	0.0	0.0	100
Helicobacter_pylori_Shi112	0	0	0	0	0	0	0	0	0	0	0	0	0	0	0	0	0	0	0	0	0.0	0.0	0.0	0.0	0.0	0.0	0.0	0.0	0.0	0.0	0.0	0.0	0.0	0.0	0.0	0.0	0.0	0.0	0.0	0.0	100
Hepatitis_B_virus	0	0	0	0	0	0	0	0	0	0	0	0	0	0	0	0	0	0	0	0	0	0	0	0	0	0	0	0	0	0	0	0	0	0	0	0	0	0	0	0	0
Hepatitis_E_virus	0	0	0	0	0	0	0	0	0	0	0	0	0	0	0	0	0	0	0	0	0	0	0	0	0	0	0	0	0	0	0	0	0	0	0	0	0	0	0	0	0
Hepatitis_delta_virus	0	0	0	0	0	0	0	0	0	0	0	0	0	0	0	0	0	0	0	0	0	0	0	0	0	0	0	0	0	0	0	0	0	0	0	0	0	0	0	0	0
Human_adenovirus_1	0	0	0	0	0	0	0	0	0	0	0	0	0	0	0	0	0	0	0	0	0	0	0	0	0	0	0	0	0	0	0	0	0	0	0	0	0	0	0	0	0
Human_adenovirus_2	0	0	0	0	0	0	0	0	0	0	0	0	0	0	0	0	0	0	0	0	0	0	0	0	0	0	0	0	0	0	0	0	0	0	0	0	0	0	0	0	0
Human_adenovirus_35	0	0	0	0	0	0	0	0	0	0	0	0	0	0	0	0	0	0	0	0	0	0	0	0	0	0	0	0	0	0	0	0	0	0	0	0	0	0	0	0	0
Human_adenovirus_5	0	0	0	0	0	0	0	0	0	0	0	0	0	0	0	0	0	0	0	0	0	0	0	0	0	0	0	0	0	0	0	0	0	0	0	0	0	0	0	0	0
Human_adenovirus_54	0	0	0	0	0	0	0	0	0	0	0	0	0	0	0	0	0	0	0	0	0	0	0	0	0	0	0	0	0	0	0	0	0	0	0	0	0	0	0	0	0
Human_adenovirus_7	0	0	0	0	0	0	0	0	0	0	0	0	0	0	0	0	0	0	0	0	0	0	0	0	0	0	0	0	0	0	0	0	0	0	0	0	0	0	0	0	0
Human_alphaherpesvirus_1	0	0	0	0	0	0	0	0	0	0	0	0	0	0	0	0	0	0	0	0	0	0	0	0	0	0	0	0	0	0	0	0	0	0	0	0	0	0	0	0	0
Human_alphaherpesvirus_2	0	0	0	0	0	0	0	0	0	0	0	0	0	0	0	0	0	0	0	0	0	0	0	0	0	0	0	0	0	0	0	0	0	0	0	0	0	0	0	0	0
Human_alphaherpesvirus_3	0	0	0	0	0	0	0	0	0	0	0	0	0	0	0	0	0	0	0	0	0	0	0	0	0	0	0	0	0	0	0	0	0	0	0	0	0	0	0	0	0
Human_gammaherpesvirus_4	0	0	0	0	0	0	0	0	0	0	0	0	0	0	0	0	0	0	0	0	0	0	0	0	0	0	0	0	0	0	0	0	0	0	0	0	0	0	0	0	0
Human_herpesvirus_4_type_2	0	0	0	0	0	0	0	0	0	0	0	0	0	0	0	0	0	0	0	0	0	0	0	0	0	0	0	0	0	0	0	0	0	0	0	0	0	0	0	0	0
Human_mastadenovirus_C	0	0	0	0	0	0	0	0	0	0	0	0	0	0	0	0	0	0	0	0	0	0	0	0	0	0	0	0	0	0	0	0	0	0	0	0	0	0	0	0	0
JC_polyomavirus	0	0	0	0	0	0	0	0	0	0	0	0	0	0	0	0	0	0	0	0	0	0	0	0	0	0	0	0	0	0	0	0	0	0	0	0	0	0	0	0	0
Klebsiella_aerogenes	0	0	0	0	0	0	0	0	0	0	0	0	0	0	0	0	0	0	0	0	0.0	0.0	0.06818181818181818	0.06818181818181818	0.06818181818181818	0.0	0.022727272727272728	0.0	0.0	0.0	0.0	0.0	0.0	0.0	0.0	0.0	0.0	0.0	0.06818181818181818	0.0	4
Klebsiella_aerogenes_EA1509E	0	0	0	0	0	0	0	0	0	0	0	0	0	0	0	0	0	0	0	1.0	0.0	0.0	0.0	0.0	0.0	0.0	0.0	0.0	0.0	0.0	0.0	0.0	0.07792207792207792	0.0	0.0	0.0	0.0	0.0	0.0	0.07792207792207792	7
Klebsiella_michiganensis	0	0	0	0	0	1.0	0	0	0	0	0	0	0	0	0	0	0	0	0	0	0.0	0.0	0.0	0.09090909090909091	0.0	0.09090909090909091	0.0	0.09090909090909091	0.0	0.0	0.0	0.0	0.0	0.0	0.0	0.0	0.0	0.0	0.0	0.0	1
Klebsiella_michiganensis_HKOPL1	0	0	0	0	0	0	0	0	0	0	0	0	0	0	0	0	0	0	0	0	0.0	0.0909090909090909	0.0	0.0	0.0	0.0	0.0	0.0909090909090909	0.0	0.0	0.0	0.0	0.030303030303030304	0.0	0.0	0.0	0.0	0.0	0.030303030303030304	0.06060606060606061	3
Klebsiella_oxytoca	0	0	0	0	0	0	0	0	0	0	0	0	0	0	0	0	0	0	0	0	0.0	0.06818181818181818	0.0	0.011363636363636364	0.0	0.0	0.0	0.0	0.0	0.0	0.0	0.022727272727272728	0.0	0.056818181818181816	0.0	0.011363636363636364	0.0	0.0	0.011363636363636364	0.0	8
Klebsiella_pneumoniae	0	0	0	0	0	0	0	0	0	0	0	0	0	0	0	0	0.014084507042253521	0.015384615384615385	0	1.0	0.047777040477770406	0.0	6.635700066357001E-4	0.046449900464499004	0.0	0.0	0.0	6.635700066357001E-4	0.0418049104180491	6.635700066357001E-4	6.635700066357001E-4	0.0013271400132714001	0.0	0.0	0.047113470471134705	0.0	6.635700066357001E-4	6.635700066357001E-4	6.635700066357001E-4	0.0019907100199071	137
Klebsiella_pneumoniae_subsp._pneumoniae	0	0	0	0	0	0	0	0	0	0	0	0	0.5	0	0	1.0	0	0	0	0	0.0	0.045454545454545456	0.0	0.0	0.045454545454545456	0.0	0.0	0.0	0.0	0.0	0.022727272727272728	0.0	0.022727272727272728	0.045454545454545456	0.0	0.022727272727272728	0.0	0.045454545454545456	0.0	0.0	4
Klebsiella_pneumoniae_subsp._rhinoscleromatis	0	0	0	0	0	0	0	0	0	0	0	0	0	0	0	0	0	0	0	0	0	0	0	0	0	0	0	0	0	0	0	0	0	0	0	0	0	0	0	0	0
Legionella_anisa	0	0	0	0	0	0	0	0	0	0	0	0	0	0	0	0	0	0	0	0	0	0	0	0	0	0	0	0	0	0	0	0	0	0	0	0	0	0	0	0	0
Legionella_lansingensis	0	0	0	0	0	0	0	0	0	0	0	0	0	0	0	0	0	0	0	0	0	0	0	0	0	0	0	0	0	0	0	0	0	0	0	0	0	0	0	0	0
Legionella_pneumophila	0	0	0	0	0	0	0	0	0	0	0	0	0	0	0	0	0	0	0	0	0.09090909090909091	0.0	0.0	0.0	0.0	0.0	0.0	0.0	0.0	0.09090909090909091	0.0	0.0	0.0	0.0	0.0	0.0	0.0	0.0	0.0	0.0	1
Leptospira_alexanderi	0	0	0	0	0	0	0	0	0	0	0	0	0	0	0	0	0	0	0	0	0	0	0	0	0	0	0	0	0	0	0	0	0	0	0	0	0	0	0	0	0
Leptospira_alstonii	0	0	0	0	0	0	0	0	0	0	0	0	0	0	0	0	0	0	0	0	0	0	0	0	0	0	0	0	0	0	0	0	0	0	0	0	0	0	0	0	0
Leptospira_biflexa	0	0	0	0	0	0	0	0	0	0	0	0	0	0	0	0	0	0	0	0	0	0	0	0	0	0	0	0	0	0	0	0	0	0	0	0	0	0	0	0	0
Leptospira_borgpetersenii	0	0	0	0	0	0	0	0	0	0	0	0	0	0	0	0	0	0	0	0	0	0	0	0	0	0	0	0	0	0	0	0	0	0	0	0	0	0	0	0	0
Leptospira_borgpetersenii_serovar_Ceylonica	0	0	0	0	0	0	0	0	0	0	0	0	0	0	0	0	0	0	0	0	0.0	0.0	0.0	0.0	0.0	0.0	0.0	0.0	0.0	0.09090909090909091	0.0	0.045454545454545456	0.045454545454545456	0.0	0.045454545454545456	0.045454545454545456	0.0	0.0	0.045454545454545456	0.0	2
Leptospira_broomii	0	0	0	0	0	0	0	0	0	0	0	0	0	0	0	0	0	0	0	0	0	0	0	0	0	0	0	0	0	0	0	0	0	0	0	0	0	0	0	0	0
Leptospira_fainei	0	0	0	0	0	0	0	0	0	0	0	0	0	0	0	0	0	0	0	0	0	0	0	0	0	0	0	0	0	0	0	0	0	0	0	0	0	0	0	0	0
Leptospira_inadai	0	0	0	0	0	0	0	0	0	0	0	0	0	0	0	0	0	0	0	0	0	0	0	0	0	0	0	0	0	0	0	0	0	0	0	0	0	0	0	0	0
Leptospira_interrogans	0	0	0	0	0	0	0	0	1.0	0	0	0	0	0	0	1.0	1.0	0	0	0	0.0	0.0	0.0	0.0	0.0	0.0	0.0	0.0	0.09090909090909091	0.0	0.0	0.006493506493506494	0.0	0.0	0.08441558441558442	0.08441558441558442	0.08441558441558442	0.0	0.0	0.0	14
Leptospira_kirschneri	0	0	0	0	0	0	0	0	0	0	0	0	0	0	0	0	0	0	0	0	0	0	0	0	0	0	0	0	0	0	0	0	0	0	0	0	0	0	0	0	0
Leptospira_kmetyi	0	0	0	0	0	0	0	0	0	0	0	0	0	0	0	0	0	0	0	0	0	0	0	0	0	0	0	0	0	0	0	0	0	0	0	0	0	0	0	0	0
Leptospira_licerasiae	0	0	0	0	0	0	0	0	0	0	0	0	0	0	0	0	0	0	0	0	0	0	0	0	0	0	0	0	0	0	0	0	0	0	0	0	0	0	0	0	0
Leptospira_noguchii	0	0	0	0	0	0	0	0	0	0	0	0	0	0	0	0	0	0	0	0	0	0	0	0	0	0	0	0	0	0	0	0	0	0	0	0	0	0	0	0	0
Leptospira_santarosai	0	0	0	0	0	0	0	0	0	0	0	0	0	0	0	0	0	0	0	0	0	0	0	0	0	0	0	0	0	0	0	0	0	0	0	0	0	0	0	0	0
Leptospira_weilii	0	0	0	0	0	0	0	0	0	0	0	0	0	0	0	0	0	0	0	0	0	0	0	0	0	0	0	0	0	0	0	0	0	0	0	0	0	0	0	0	0
Leptospira_wolffii	0	0	0	0	0	0	0	0	0	0	0	0	0	0	0	0	0	0	0	0	0	0	0	0	0	0	0	0	0	0	0	0	0	0	0	0	0	0	0	0	0
Listeria_monocytogenes	0	0	0	0	0	0	0	0	0	0	0	0	0	0	0	0	0	0	0	0	0	0	0	0	0	0	0	0	0	0	0	0	0	0	0	0	0	0	0	0	0
Lumpy_skin_disease_virus	0	0	0	0	0	0	0	0	0	0	0	0	0	0	0	0	0	0	0	0	0	0	0	0	0	0	0	0	0	0	0	0	0	0	0	0	0	0	0	0	0
Lymphocryptovirus	0	0	0	0	0	0	0	0	0	0	0	0	0	0	0	0	0	0	0	0	0	0	0	0	0	0	0	0	0	0	0	0	0	0	0	0	0	0	0	0	0
Mannheimia_haemolytica	0	0	0	0	0	0	0	0	0	0	0	0	0	0	0	0	0	0	0	0	0	0	0	0	0	0	0	0	0	0	0	0	0	0	0	0	0	0	0	0	0
Measles_morbillivirus	0	0	0	0	0	0	0	0	0	0	0	0	0	0	0	0	0	0	0	0	0	0	0	0	0	0	0	0	0	0	0	0	0	0	0	0	0	0	0	0	0
Methanobrevibacter_oralis	0	0	0	0	0	0	0	0	0	0	0	0	0	0	0	0	0	0	0	0	0	0	0	0	0	0	0	0	0	0	0	0	0	0	0	0	0	0	0	0	0
Moraxella_catarrhalis	0	0	0	0	0	0	0	0	0	0	0	0	0	0	0	0	0	0	0	0	0	0	0	0	0	0	0	0	0	0	0	0	0	0	0	0	0	0	0	0	0
Morbillivirus	0	0	0	0	0	0	0	0	0	0	0	0	0	0	0	0	0	0	0	0	0	0	0	0	0	0	0	0	0	0	0	0	0	0	0	0	0	0	0	0	0
Mycobacterium_avium	0	0	0	0	0	0	0	0	0	0	0	0	0	0	0	0	0	0	0	0	0.019762845849802372	0.0	0.019762845849802372	0.039525691699604744	0.0	0.0	0.0	0.007905138339920948	0.0	0.0	0.0	0.0	0.003952569169960474	0.0	0.0	0.0	0.023715415019762844	0.0	0.023715415019762844	0.019762845849802372	23
Mycobacterium_avium_subsp._hominissuis	0	0	0	0	0	0	0	0	0	0	0	0	0	0	0	0	0	0.2	0	0	0.0	0.0	0.03636363636363636	0.0	0.0	0.0	0.0	0.0	0.01818181818181818	0.01818181818181818	0.01818181818181818	0.0	0.0	0.0	0.01818181818181818	0.01818181818181818	0.0	0.01818181818181818	0.01818181818181818	0.01818181818181818	5
Mycobacterium_avium_subsp._paratuberculosis	0	0	0	0	0	0	0	0	0	1.0	0	0	0	0	0	0	0	0	0	0	0.0	0.0	0.030303030303030304	0.0	0.030303030303030304	0.0	0.0	0.0	0.0	0.030303030303030304	0.0	0.0	0.0909090909090909	0.0	0.0	0.0	0.0	0.0	0.0	0.0	3
Mycobacterium_canettii	0	0	0	0	0	0	0	0	0	0	0	0	0	0	0	0	0	0	0	0	0	0	0	0	0	0	0	0	0	0	0	0	0	0	0	0	0	0	0	0	0
Mycobacterium_colombiense	0	0	0	0	0	0	0	0	0	0	0	0	0	0	0	0	0	0	0	0	0	0	0	0	0	0	0	0	0	0	0	0	0	0	0	0	0	0	0	0	0
Mycobacterium_colombiense_CECT_3035	0	0	0	0	0	0	0	0	0	0	0	0	0	0	0	0	0	0	0	0	0.0	0.0	0.0	0.0	0.0	0.0	0.0	0.0	0.09090909090909091	0.09090909090909091	0.0	0.0	0.0	0.0	0.0	0.0	0.0	0.0	0.0	0.0	1
Mycobacterium_intracellulare	0	0	0	0	0	0	0	0	0	0	0	0	0	0	0.3333333333333333	0	0	0	0	0	0.05454545454545454	0.0	0.0	0.0	0.01818181818181818	0.01818181818181818	0.0	0.0	0.01818181818181818	0.0	0.01818181818181818	0.0	0.0	0.0	0.01818181818181818	0.0	0.0	0.0	0.01818181818181818	0.0	5
Mycobacterium_intracellulare_subsp._yongonense	0	0	0	0	0	0	0	0	0	0	0	0	0	0.42857142857142855	0	0	0	0	0	0	0.0	0.012987012987012988	0.006493506493506494	0.025974025974025976	0.0	0.0	0.0	0.0	0.025974025974025976	0.0	0.0	0.0	0.012987012987012988	0.01948051948051948	0.025974025974025976	0.0	0.01948051948051948	0.006493506493506494	0.01948051948051948	0.0	14
Mycobacterium_kansasii	0	0	0	0	0	0	0	0	0	0	0.25	0	0	0	0.5	0	0	0	0	0	0.01652892561983471	0.024793388429752063	0.0	0.024793388429752063	0.01652892561983471	0.0	0.024793388429752063	0.0	0.008264462809917356	0.01652892561983471	0.01652892561983471	0.008264462809917356	0.0	0.0	0.008264462809917356	0.024793388429752063	0.008264462809917356	0.0	0.0	0.01652892561983471	11
Mycobacterium_leprae	0	0	0	0	0	0	0	0	0	0	0	0	0	0	0	0	0	0	0	0	0	0	0	0	0	0	0	0	0	0	0	0	0	0	0	0	0	0	0	0	0
Mycobacterium_marseillense	0	0	0	0	0	0	0	0	0	0	0	0	0.5	0	0	0	0	0	0.3333333333333333	0	0.0	0.0	0.0909090909090909	0.0	0.030303030303030304	0.0	0.0	0.0	0.0	0.0	0.030303030303030304	0.030303030303030304	0.030303030303030304	0.030303030303030304	0.0	0.0	0.0	0.0	0.030303030303030304	0.030303030303030304	3
Mycobacterium_sp._JS623	0	0	0	0	0	0	0	0	0	0	0	0	0	0	0	0	0	0	0	0	0.011363636363636364	0.0	0.0	0.011363636363636364	0.0	0.011363636363636364	0.0	0.0	0.0	0.0	0.011363636363636364	0.0	0.011363636363636364	0.022727272727272728	0.0	0.045454545454545456	0.011363636363636364	0.0	0.022727272727272728	0.011363636363636364	8
Mycobacterium_sp._YC-RL4	0	0	0	0	0	0	0	0	0	0	0	0	0	0	0	0	0	1.0	0.6666666666666666	0	0.0	0.022727272727272728	0.045454545454545456	0.022727272727272728	0.0	0.0	0.0	0.0	0.0	0.0	0.0	0.0	0.0	0.022727272727272728	0.0	0.045454545454545456	0.022727272727272728	0.045454545454545456	0.045454545454545456	0.0	4
Mycobacterium_tuberculosis	0	1.0	0	0	0	0	0	0	0	0	0	0	0	0	0	0	0	0	0	0	0.0	0.09090909090909091	0.0	0.0	0.03896103896103896	0.0	0.0	0.0	0.0	0.0	0.05194805194805195	0.0	0.0	0.0	0.0	0.05194805194805195	0.0	0.05194805194805195	0.0	0.0	7
Mycobacterium_tuberculosis_KZN_1435	0	0	1.0	0	0	0	0	0	0	0	0	1.0	0	0	0	0	0	0	0	0	0.0	0.0	0.0909090909090909	0.0	0.0	0.0	0.0	0.0	0.0	0.0	0.0	0.07575757575757576	0.0	0.0	0.0	0.0	0.07575757575757576	0.0	0.0	0.0	6
Mycobacterium_tuberculosis_complex	0	0	0	0	0	0	0	0	0	0	0	0.07692307692307693	0	0	0	0	0	0	0	0	0.055944055944055944	0.09090909090909091	0.0	0.0	0.03496503496503496	0.0	0.0	0.0	0.0	0.0	0.0	0.006993006993006993	0.0	0.04895104895104895	0.0	0.03496503496503496	0.0	0.0	0.0	0.0	13
Mycobacterium_tuberculosis_variant_africanum	0	0	0	0	0	0	0	0	0	0	0	0	0	0	0	0	0	0	0	0	0	0	0	0	0	0	0	0	0	0	0	0	0	0	0	0	0	0	0	0	0
Mycobacterium_tuberculosis_variant_bovis	0	0	0	0	0	0	0	0	0	0	0	0	0	0	0	0	0	0	0	0	0	0	0	0	0	0	0	0	0	0	0	0	0	0	0	0	0	0	0	0	0
Mycobacteroides_abscessus	0	0	0	0	0	0	0	0	0.75	0	0	0	0	0	0	0	0	0	0	0	0.0	0.0	0.0	0.0	0.06818181818181818	0.06818181818181818	0.0	0.06818181818181818	0.06818181818181818	0.0	0.0	0.0	0.022727272727272728	0.0	0.0	0.0	0.0	0.0	0.0	0.0	8
Mycobacteroides_abscessus_subsp._abscessus	0	0	0	0	0	0	0	0	0	0	0	0	0	0	0	0	0	0	0	0	0.06060606060606061	0.0	0.0	0.0	0.0	0.0	0.0	0.0	0.0	0.0	0.015151515151515152	0.0	0.015151515151515152	0.0	0.0	0.0	0.04545454545454545	0.04545454545454545	0.0	0.04545454545454545	6
Mycobacteroides_abscessus_subsp._massiliense	0	0	0	0	0	0	0	0	0	0	0	0	0	0	0	0	0	0	0	0	0.0	0.0	0.0	0.0	0.0	0.0	0.0	0.0	0.0	0.015151515151515152	0.0	0.0	0.0	0.0	0.015151515151515152	0.0	0.0	0.0	0.0	0.0	6
Mycoplasma_haemocanis	0	0	0	0	0	0	0	0	0	0	0	0	0	0	0	0	0	0	0	0	0	0	0	0	0	0	0	0	0	0	0	0	0	0	0	0	0	0	0	0	0
Mycoplasma_haemofelis	0	0	0	0	0	0	0	0	0	0	0	0	0	0	0	0	0	0	0	0	0	0	0	0	0	0	0	0	0	0	0	0	0	0	0	0	0	0	0	0	0
Mycoplasma_mycoides	0	0	0	0	0	0	0	0	0	0	0	0	0	0	0	0	0	0	0	0	0	0	0	0	0	0	0	0	0	0	0	0	0	0	0	0	0	0	0	0	0
Mycoplasma_ovipneumoniae	0	0	0	0	0	0	0	0	0	0	0	0	0	0	0	0	0	0	0	0	0	0	0	0	0	0	0	0	0	0	0	0	0	0	0	0	0	0	0	0	0
Mycoplasma_pneumoniae	0	0	0	0	0	0	0	0	0	0	0	0	0	0	0	0	0	0	0	0	0	0	0	0	0	0	0	0	0	0	0	0	0	0	0	0	0	0	0	0	0
Neisseria_elongata	0	0	0	0	0	0	0	0	0	0	0	0	0	0	0	0	0	0	0	0	0	0	0	0	0	0	0	0	0	0	0	0	0	0	0	0	0	0	0	0	0
Neisseria_elongata_subsp._glycolytica	0	0	0	0	0	0	0	0	0	0	0	0	0	0	0	0	0	0	0	0	0.0	0.0	0.09090909090909091	0.0	0.0	0.0	0.0	0.0	0.0	0.0	0.0	0.0	0.0	0.09090909090909091	0.0	0.0	0.0	0.0	0.0	0.0	1
Neisseria_gonorrhoeae	0	0	0	0	0	0	0	0	0	0	0	0	0	0	0	0	0	0	0	0	0	0	0	0	0	0	0	0	0	0	0	0	0	0	0	0	0	0	0	0	0
Neisseria_gonorrhoeae_NG-k51.05	0	0	0	0	0	0	0	0	0	0	0	0	0	0	0	0	0	0	0	0	0.0	0.0	0.0	0.0	0.0	0.0	0.0	0.0	0.0	0.0	0.0	0.0	0.0	0.0	0.022727272727272728	0.06818181818181818	0.0	0.0	0.06818181818181818	0.022727272727272728	4
Neisseria_meningitidis	0	0	0	0	0	0	0	0	0	0	0	0	0	0	0	0	0	0	0	0	0	0	0	0	0	0	0	0	0	0	0	0	0	0	0	0	0	0	0	0	0
Neisseria_meningitidis_LNP21362	0	0	0	0	0	0	0	0	0	0	0	0	0	0	0	0	0	0	0	0	0.0	0.0	0.0	0.0	0.0	0.0	0.0	0.0	0.09090909090909091	0.0	0.0	0.0	0.0	0.0	0.0	0.0	0.0	0.0	0.0	0.0	1
Neisseria_mucosa	0	0	0	0	0	0	0	0	0	0	0	0	0	0	0	0	0	0	0	0	0	0	0	0	0	0	0	0	0	0	0	0	0	0	0	0	0	0	0	0	0
Neisseria_sicca	0	0	0	0	0	0	0	0	0	0	0	0	0	0	0	0	0	0	0	0	0	0	0	0	0	0	0	0	0	0	0	0	0	0	0	0	0	0	0	0	0
Neisseria_subflava	0	0	0	0	0	0	0	0	0	0	0	0	0	0	0	0	0	0	0	0	0.0	0.0	0.0	0.0	0.0	0.0	0.0	0.0	0.0	0.0	0.0	0.09090909090909091	0.0	0.0	0.0	0.0	0.0	0.0	0.0	0.0	1
Neisseria_weaveri	0	0	0	0	0	0	0	0	0	0	0	0	0	0	0	0	0	0	0	0	0	0	0	0	0	0	0	0	0	0	0	0	0	0	0	0	0	0	0	0	0
Orthohepadnavirus	0	0	0	0	0	0	0	0	0	0	0	0	0	0	0	0	0	0	0	0	0	0	0	0	0	0	0	0	0	0	0	0	0	0	0	0	0	0	0	0	0
Orthopoxvirus	0	0	0	0	0	0	0	0	0	0	0	0	0	0	0	0	0	0	0	0	0	0	0	0	0	0	0	0	0	0	0	0	0	0	0	0	0	0	0	0	0
Paraavulavirus	0	0	0	0	0	0	0	0	0	0	0	0	0	0	0	0	0	0	0	0	0	0	0	0	0	0	0	0	0	0	0	0	0	0	0	0	0	0	0	0	0
Parvimonas_micra	0	0	0	0	0	0	0	0	0	0	0	0	0	0	0	0	0	0	0	0	0	0	0	0	0	0	0	0	0	0	0	0	0	0	0	0	0	0	0	0	0
Pasteurella_multocida	0	0	0	0	0	0	0	0	0	0	0	0	0	0	0	0	0	0	0	0	0	0	0	0	0	0	0	0	0	0	0	0	0	0	0	0	0	0	0	0	0
Pasteurella_multocida_subsp._multocida	0	0	1.0	0	0	0	0	0	0	0	0	0	0	0	0	0	0	0	0	0	0.030303030303030304	0.0	0.06060606060606061	0.0	0.0	0.0	0.030303030303030304	0.0	0.0	0.0	0.0	0.0	0.0	0.0	0.0	0.0	0.0	0.0	0.0	0.0	3
Peptostreptococcus_anaerobius	0	0	0	0	0	0	0	0	0	0	0	0	0	0	0	0	0	0	0	0	0	0	0	0	0	0	0	0	0	0	0	0	0	0	0	0	0	0	0	0	0
Polyomaviridae	0	0	0	0	0	0	0	0	0	0	0	0	0	0	0	0	0	0	0	0	0	0	0	0	0	0	0	0	0	0	0	0	0	0	0	0	0	0	0	0	0
Porphyromonas_gingivalis	0	0	0	0	0	0	0	0	0	0	0	0	0	0	0	0	0	0	0	0	0.0	0.0	0.05454545454545455	0.03636363636363636	0.0	0.03636363636363636	0.0	0.0	0.03636363636363636	0.0	0.006060606060606061	0.0	0.0	0.006060606060606061	0.0	0.0	0.006060606060606061	0.03636363636363636	0.006060606060606061	0.0	15
Porphyromonas_gingivalis_W83	0	0	0	0	0	0	0	0	0	0	0	0	0	0	0	0	0	0	0	0	0	0	0	0	0	0	0	0	0	0	0	0	0	0	0	0	0	0	0	0	0
Rickettsia_africae	0	0	0	0	0	0	0	0	0	0	0	0	0	0	0	0	0	0	0	0	0	0	0	0	0	0	0	0	0	0	0	0	0	0	0	0	0	0	0	0	0
Rickettsia_akari	0	0	0	0	0	0	0	0	0	0	0	0	0	0	0	0	0	0	0	0	0	0	0	0	0	0	0	0	0	0	0	0	0	0	0	0	0	0	0	0	0
Rickettsia_conorii	0	0	0	0	0	0	0	0	0	0	0	0	0	0	0	0	0	0	0	0	0	0	0	0	0	0	0	0	0	0	0	0	0	0	0	0	0	0	0	0	0
Rickettsia_felis	0	0	0	0	0	0	0	0	0	0	0	0	0	0	0	0	0	0	0	0	0	0	0	0	0	0	0	0	0	0	0	0	0	0	0	0	0	0	0	0	0
Rickettsia_japonica	0	0	0	0	0	0	0	0	0	0	0	0	0	0	0	0	0	0	0	0	0	0	0	0	0	0	0	0	0	0	0	0	0	0	0	0	0	0	0	0	0
Rickettsia_prowazekii	0	0	0	0	0	0	0	0	0	0	0	0	0	0	0	0	0	0	0	0	0	0	0	0	0	0	0	0	0	0	0	0	0	0	0	0	0	0	0	0	0
Rickettsia_rickettsii	0	0	0	0	0	0	0	0	0	0	0	0	0	0	0	0	0	0	0	0	0	0	0	0	0	0	0	0	0	0	0	0	0	0	0	0	0	0	0	0	0
Rickettsia_sibirica	0	0	0	0	0	0	0	0	0	0	0	0	0	0	0	0	0	0	0	0	0	0	0	0	0	0	0	0	0	0	0	0	0	0	0	0	0	0	0	0	0
Rickettsia_typhi	0	0	0	0	0	0	0	0	0	0	0	0	0	0	0	0	0	0	0	0	0	0	0	0	0	0	0	0	0	0	0	0	0	0	0	0	0	0	0	0	0
Salmonella_enterica	0	0	1.0	0	0	0	0	0	0	0	0	0	0	0	0	0	0	0	0	0	4.228329809725159E-4	0.04228329809725159	0.04439746300211416	0.0	8.456659619450318E-4	0.0	4.228329809725159E-4	0.003805496828752643	0.003805496828752643	0.0	0.0	0.04228329809725159	0.0	0.0	0.04439746300211416	0.0	0.0	0.0021141649048625794	0.003805496828752643	0.002536997885835095	215
Salmonella_enterica_subsp._enterica	0	0	0	0	0	0	0	0	0	0	0	0	0	0	0	0	0.9	0	0	0	0.08116883116883118	0.007305194805194806	0.0	0.08116883116883118	0.007305194805194806	0.0	0.0	0.0	0.0	0.0	8.116883116883117E-4	0.0	0.0	0.007305194805194806	0.0016233766233766235	0.0	0.008928571428571428	0.0	0.0	0.0016233766233766235	112
Salmonella_enterica_subsp._enterica_serovar_Agona_str._460004_2-1	0	0	0	0	0	0	0	0	1.0	0	0	0	0	0	0	0	0	0	0	0	0.0909090909090909	0.0	0.0909090909090909	0.0	0.0	0.0909090909090909	0.0	0.0	0.0909090909090909	0.0	0.0	0.0	0.0	0.0	0.0	0.0	0.0	0.0	0.030303030303030304	0.0	3
Salmonella_enterica_subsp._enterica_serovar_Enteritidis	0	0	0	0	0	0	0	0	0	0	0	0	0	0	0	0	0	0	0	0	0.0	0.0	0.0	0.0	0.0	0.0	0.0	0.0	0.0	0.0	0.0	0.0	0.0	0.0	0.045454545454545456	0.0	0.0	0.045454545454545456	0.0	0.045454545454545456	2
Salmonella_enterica_subsp._enterica_serovar_Johannesburg_str._ST203	0	0	0	0	0	0	0	0	0	0	0	0	0	0	0	0	0	0	0	0	0.09090909090909091	0.09090909090909091	0.0	0.0	0.0	0.0	0.0	0.0	0.09090909090909091	0.0	0.0	0.0	0.0	0.0	0.0	0.0	0.0	0.0	0.0	0.0	1
Salmonella_enterica_subsp._enterica_serovar_Typhimurium	0	0	0	0	0	0	0	0	0	0	0	0	0	0	0	0	0	0	0	0	0	0	0	0	0	0	0	0	0	0	0	0	0	0	0	0	0	0	0	0	0
Salmonella_enterica_subsp._houtenae_str._ATCC_BAA-1581	1.0	0	0	0	0	0	0	0	0	0	0	0	0	0	0	0	0	0	0	0	0.09090909090909091	0.0	0.0	0.0	0.0	0.0	0.0	0.0	0.0	0.0	0.0	0.0	0.0	0.0	0.09090909090909091	0.0	0.0	0.0	0.0	0.0	1
Salmonella_enterica_subsp._salamae	0	0	0	0	0	0	0	0	0	0	0	0	0	0	0	0	0	0	0	0	0.0	0.0	0.0	0.0	0.0	0.0	0.0	0.0	0.0	0.0	0.0	0.0	0.0	0.0	0.0	0.0	0.0	0.0	0.0	0.0	1
Sheeppox_virus	0	0	0	0	0	0	0	0	0	0	0	0	0	0	0	0	0	0	0	0	0	0	0	0	0	0	0	0	0	0	0	0	0	0	0	0	0	0	0	0	0
Shigella_boydii	0	0	0	0	0	0	0	0	0	0	0	0	0	0	0	0	0	0	0	0	0.09090909090909091	0.0	0.0	0.0	0.0	0.0	0.0	0.0	0.0	0.09090909090909091	0.0	0.0	0.09090909090909091	0.0	0.0	0.0	0.0	0.0	0.0	0.0	1
Shigella_dysenteriae	0	0	0	0	0	0	0	0	0	0	0	0	0	0	0	0	0	0	0	0	0	0	0	0	0	0	0	0	0	0	0	0	0	0	0	0	0	0	0	0	0
Shigella_flexneri	0	0	0	0	0	0	0	0	0	0	0	0	0	0	0	0	0	0	0	0	0.0	0.0	0.0	0.0	0.0	0.0	0.0	0.0	0.0	0.0	0.0	0.0	0.0	0.09090909090909091	0.0	0.0	0.0	0.0	0.0	0.0	1
Shigella_sonnei	0	0	0	0	0	0	0	0	0	0	0	0	0	0	0	0	0	0	0	0	0	0	0	0	0	0	0	0	0	0	0	0	0	0	0	0	0	0	0	0	0
Simian_virus_12	0	0	0	0	0	0	0	0	0	0	0	0	0	0	0	0	0	0	0	0	0	0	0	0	0	0	0	0	0	0	0	0	0	0	0	0	0	0	0	0	0
Staphylococcus_aureus	0	0	0	0	0	0	0	0	0	0	0	0	0	0	0	0	0	0	0	0	0	0	0	0	0	0	0	0	0	0	0	0	0	0	0	0	0	0	0	0	0
Staphylococcus_cohnii	0	0	0	0	0	0	0	0	0	0	0	0	0	0	0	0	0	0	0	0	0	0	0	0	0	0	0	0	0	0	0	0	0	0	0	0	0	0	0	0	0
Staphylococcus_epidermidis	0	0	0	0	0	0	0	0	0	0	0	0	0	0	0	0	0	0	0	0	0.0	0.0	0.0	0.0	0.0	0.0	0.0	0.0	0.0	0.0	0.0	0.0	0.0	0.0	0.0	0.0	0.0	0.0	0.0	0.0	15
Staphylococcus_equorum	0	0	0	0	0	0	0	0	0	0	0	0	0	0	0	0	0	0	0	0	0	0	0	0	0	0	0	0	0	0	0	0	0	0	0	0	0	0	0	0	0
Staphylococcus_hominis	0	0	0	0	0	0	0	0	0	0	0	0	0	0	0	0	0	0	0	0	0	0	0	0	0	0	0	0	0	0	0	0	0	0	0	0	0	0	0	0	0
Staphylococcus_nepalensis	0	0	0	0	0	0	0	0	0	0	0	0	0	0	0	0	0	0	0	0	0	0	0	0	0	0	0	0	0	0	0	0	0	0	0	0	0	0	0	0	0
Staphylococcus_saprophyticus	0	0	0	0	0	0	0	0	0	0	0	0	0	0	0	0	0	0	0	0	0	0	0	0	0	0	0	0	0	0	0	0	0	0	0	0	0	0	0	0	0
Staphylococcus_simulans	0	0	0	0	0	0	0	0	0	0	0	0	0	0	0	0	0	0	0	0	0	0	0	0	0	0	0	0	0	0	0	0	0	0	0	0	0	0	0	0	0
Staphylococcus_succinus	0	0	0	0	0	0	0	0	0	0	0	0	0	0	0	0	0	0	0	0	0	0	0	0	0	0	0	0	0	0	0	0	0	0	0	0	0	0	0	0	0
Streptococcus_agalactiae	0	0	0	0	0	0	0	0	0	0	0	0	0	0	0	0	0	0	0	0	0	0	0	0	0	0	0	0	0	0	0	0	0	0	0	0	0	0	0	0	0
Streptococcus_anginosus	0	0	0	0	0	0	0	0	0	0	0	0	0	0	0	0	0	0	0	0	0	0	0	0	0	0	0	0	0	0	0	0	0	0	0	0	0	0	0	0	0
Streptococcus_canis	0	0	0	0	0	0	0	0	0	0	0	0	0	0	0	0	0	0	0	0	0	0	0	0	0	0	0	0	0	0	0	0	0	0	0	0	0	0	0	0	0
Streptococcus_cristatus	0	0	0	0	0	0	0	0	0	0	0	0	0	0	0	0	0	0	0	0	0	0	0	0	0	0	0	0	0	0	0	0	0	0	0	0	0	0	0	0	0
Streptococcus_dysgalactiae	0	0	0	0	0	0	0	0	0	0	0	0	0	0	0	0	0	0	0	0	0	0	0	0	0	0	0	0	0	0	0	0	0	0	0	0	0	0	0	0	0
Streptococcus_equi	0	0	0	0	0	0	0	0	0	0	0	0	0	0	0	0	0	0	0	0	0	0	0	0	0	0	0	0	0	0	0	0	0	0	0	0	0	0	0	0	0
Streptococcus_equi_subsp._equi	0	0	0	0	0	0	0	0	0	0	0	0	0	0	0	0	0	0	0	0	0.0	0.0	0.0	0.0	0.0	0.09090909090909091	0.0	0.0	0.0	0.0	0.0	0.0	0.0	0.0	0.0	0.0	0.0	0.0	0.0	0.0	1
Streptococcus_gallolyticus	0	0	0	0	0	0	0	0	0	0	0	0	0	0	0	0	0	0	0	0	0	0	0	0	0	0	0	0	0	0	0	0	0	0	0	0	0	0	0	0	0
Streptococcus_gordonii	0	0	0	0	0	0	0	0	0	0	0	0	0	0	0	0	0	0	0	0	0	0	0	0	0	0	0	0	0	0	0	0	0	0	0	0	0	0	0	0	0
Streptococcus_gordonii_str._Challis_substr._CH1	0	0	0	0	0	0	0	0	0	0	0	0	0	0	0	0	0	0	0	0	0	0	0	0	0	0	0	0	0	0	0	0	0	0	0	0	0	0	0	0	0
Streptococcus_intermedius	0	0	0	0	0	0	0	0	0	0	0	0	0	0	0	0	0	0	0	0	0	0	0	0	0	0	0	0	0	0	0	0	0	0	0	0	0	0	0	0	0
Streptococcus_lutetiensis	0	0	0	0	0	0	0	0	0	0	0	0	0	0	0	0	0	0	0	0	0	0	0	0	0	0	0	0	0	0	0	0	0	0	0	0	0	0	0	0	0
Streptococcus_milleri	0	0	0	0	0	0	0	0	0	0	0	0	0	0	0	0	0	0	0	0	0	0	0	0	0	0	0	0	0	0	0	0	0	0	0	0	0	0	0	0	0
Streptococcus_mitis	0	0	0	0	0	0	0	0	0	0	0	0	0	0	0	0	0	0	0	0	0	0	0	0	0	0	0	0	0	0	0	0	0	0	0	0	0	0	0	0	0
Streptococcus_mutans	0	0	0	0	0	0	0	0	0	0	0	0	0	0	0	0	0	0	0	0	0	0	0	0	0	0	0	0	0	0	0	0	0	0	0	0	0	0	0	0	0
Streptococcus_oralis	0	0	0	0	0	0	0	0	0	0	0	0	0	0	0	0	0	0	0	0	0	0	0	0	0	0	0	0	0	0	0	0	0	0	0	0	0	0	0	0	0
Streptococcus_oralis_Uo5	0	0	0	0	0	0	0	0	0	0	0	0	0	0	0	0	0	0	0	0	0.09090909090909091	0.0	0.045454545454545456	0.0	0.0	0.045454545454545456	0.0	0.0	0.045454545454545456	0.0	0.045454545454545456	0.045454545454545456	0.0	0.0	0.0	0.0	0.0	0.0	0.0	0.0	2
Streptococcus_parauberis	0	0	0	0	0	0	0	0	0	0	0	0	0	0	0	0	0	0	0	0	0	0	0	0	0	0	0	0	0	0	0	0	0	0	0	0	0	0	0	0	0
Streptococcus_pneumoniae	0	0	0	0	0	0	0	0	0	0	0	0	0	0	0	0	0	0	0	0	0	0	0	0	0	0	0	0	0	0	0	0	0	0	0	0	0	0	0	0	0
Streptococcus_pyogenes	0	0	0	0	0	0	0	0	0	0	0	0	0	0	0	0	0	0	0	0	0	0	0	0	0	0	0	0	0	0	0	0	0	0	0	0	0	0	0	0	0
Streptococcus_salivarius	0	0	0	0	0	0	0	0	0	0	0	0	0	0	0	0	0	0	0	0	0	0	0	0	0	0	0	0	0	0	0	0	0	0	0	0	0	0	0	0	0
Streptococcus_sanguinis	0	0	0	0	0	0	0	0	0	0	0	0	0	0	0	0	0	0	0	0	0	0	0	0	0	0	0	0	0	0	0	0	0	0	0	0	0	0	0	0	0
Streptococcus_sp._HSISM1	0	0	0	0	0	0	0	0	0	0	0	0	0	0	0	0	0	0	0	0	0	0	0	0	0	0	0	0	0	0	0	0	0	0	0	0	0	0	0	0	0
Streptococcus_suis	0	0	0	0	0	0	0	0	0	0	0	0	0	0	0	0	0	0	0	0	0	0	0	0	0	0	0	0	0	0	0	0	0	0	0	0	0	0	0	0	0
Streptococcus_thermophilus	0	0	0	0	0	0	0	0	0	0	0	0	0	0	0	0	0	0	0	0	0	0	0	0	0	0	0	0	0	0	0	0	0	0	0	0	0	0	0	0	0
Tannerella_forsythia	0	0	0	0	0	0	0	0	0	0	0	0	0	0	0	0	0	0	0	0	0.0	0.0	0.0	0.0	0.0	0.0	0.0	0.0	0.0	0.0	0.0	0.0	0.0	0.0	0.045454545454545456	0.0	0.0	0.045454545454545456	0.0	0.0	2
Tannerella_forsythia_92A2	0	0	0	0	0	0	0	0	0	0	0	0	0	0	0	0	0	0	0	0	0	0	0	0	0	0	0	0	0	0	0	0	0	0	0	0	0	0	0	0	0
Treponema	0	0	0	0	0	0	0	0	0	0	0	0	0	0	0	0	0	0	0	0	0	0	0	0	0	0	0	0	0	0	0	0	0	0	0	0	0	0	0	0	0
Treponema_caldarium_DSM_7334	0	0	0	0	0	0	0	0	0	0	0	0	0	0	0	0	0	0	0	0	0.0	0.0	0.0	0.0	0.0	0.0	0.0	0.0	0.0	0.0	0.0	0.0	0.0	0.0	0.0	0.0	0.0	0.09090909090909091	0.0	0.0	1
Treponema_denticola	0	0	0	0	0	0	0	0	0	0	0	0	0	0	0	0	0	0	0	0	0	0	0	0	0	0	0	0	0	0	0	0	0	0	0	0	0	0	0	0	0
Treponema_denticola_ATCC_35405	0	0	0	0	0	0	0	0	0	0	0	0	0	0	0	0	0	0	0	0	0	0	0	0	0	0	0	0	0	0	0	0	0	0	0	0	0	0	0	0	0
Treponema_pallidum	0	0	0	0	0	0	0	0	0	0	0	0	0	0	0	0	0	0	0	0	0	0	0	0	0	0	0	0	0	0	0	0	0	0	0	0	0	0	0	0	0
Treponema_pallidum_subsp._pallidum	0	0	0	0	0	0	0	0	0	0	0	0	0	0	0	0	0	0	0	0	0	0	0	0	0	0	0	0	0	0	0	0	0	0	0	0	0	0	0	0	0
Treponema_pallidum_subsp._pertenue	0	0	0	0	0	0	0	0	0	0	0	0	0	0	0	0	0	0	0	0	0	0	0	0	0	0	0	0	0	0	0	0	0	0	0	0	0	0	0	0	0
Treponema_primitia_ZAS-2	0	0	0	0	0	0	0	0	0	0	0	0	0	0	0	0	0	0	0	0	0.0	0.0	0.0	0.0	0.0	0.0	0.0	0.0	0.0	0.0	0.0	0.0	0.0	0.0	0.0	0.0	0.0	0.0	0.0	0.030303030303030304	3
Veillonella_parvula	0	0	0	0	0	0	0	0	0	0	0	0	0	0	0	0	0	0	0	0	0	0	0	0	0	0	0	0	0	0	0	0	0	0	0	0	0	0	0	0	0
Veillonella_parvula_HSIVP1	0	0	0	0	0	0	0	0	0	0	0	0	0	0	0	0	0	0	0	0	0.0	0.0	0.0	0.0	0.0	0.0	0.09090909090909091	0.0	0.09090909090909091	0.0	0.0	0.0	0.0	0.0	0.0	0.0	0.07792207792207792	0.07792207792207792	0.0	0.012987012987012988	7
Vesicular_stomatitis_Indiana_virus	0	0	0	0	0	0	0	0	0	0	0	0	0	0	0	0	0	0	0	0	0	0	0	0	0	0	0	0	0	0	0	0	0	0	0	0	0	0	0	0	0
Vibrio_anguillarum	0	0	0	0	0	0	0	0	0	0	0	0	0	0	0	0	0	0	0	0	0	0	0	0	0	0	0	0	0	0	0	0	0	0	0	0	0	0	0	0	0
Vibrio_cholerae	1.0	0	0	0	0	0	0	0	0	0	0	0	0	0	0	0	0	0	0	0	0.01818181818181818	0.0	0.0	0.0	0.0	0.0	0.01818181818181818	0.0	0.01818181818181818	0.0	0.0	0.0	0.0	0.0	0.0	0.0	0.01818181818181818	0.06363636363636363	0.06363636363636363	0.0	10
Vibrio_furnissii	0	0	0	0	0	0	0	0	0	0	0	0	0.6666666666666666	0	0	0	0	0	0	0	0.05194805194805195	0.0	0.0	0.0	0.0	0.012987012987012988	0.0	0.0	0.0	0.0	0.0	0.0	0.06493506493506493	0.0	0.0	0.0	0.0	0.0	0.025974025974025976	0.0	7
Vibrio_furnissii_NCTC_11218	0	0	0	0	0	0	0	0	0	0	0	0	0	0	0	0	0	0	0	0	0.0	0.0	0.0	0.0	0.0	0.0	0.0	0.0	0.0	0.0	0.0	0.0	0.0	0.0	0.0	0.0	0.0	0.0	0.0	0.0	5
Vibrio_parahaemolyticus	0	0	0	0	0	0	0	0	0	0	0	0	0	0	0	0	0	0	0	0	0.0	0.0	0.0	0.0	0.0	0.0	0.0	0.0	0.0	0.0	0.0	0.0	0.0	0.0	0.0	0.0	0.0	0.0	0.0	0.0	1
Vibrio_parahaemolyticus_UCM-V493	0	0	0	0	0	0	0	0	0	0	0	0	0	0	0	0	0	0	0	0	0.0	0.0	0.0	0.0	0.0	0.09090909090909091	0.0	0.0	0.09090909090909091	0.0	0.06818181818181818	0.0	0.0	0.0	0.0	0.0	0.0	0.0	0.0	0.0	4
Vibrio_splendidus	0	0	0	0	0	0	0	0	0	0	0	0	0	0	0	0	0	0	0	0	0	0	0	0	0	0	0	0	0	0	0	0	0	0	0	0	0	0	0	0	0
Vibrio_vulnificus	0	0	0	0	0	0	0	0	0	1.0	0	0	0	0	0	0	0	0	0	0	0.0	0.0	0.0	0.0	0.0	0.0	0.0	0.0	0.0	0.0909090909090909	0.0	0.0	0.030303030303030304	0.0	0.0	0.06060606060606061	0.0	0.0	0.0	0.0	3
Yersinia_aldovae	0	0	0	0	0	0	0	0	0	0	0	0	0	0	0	0	0	0	0	0	0	0	0	0	0	0	0	0	0	0	0	0	0	0	0	0	0	0	0	0	0
Yersinia_aleksiciae	0	0	0	0	0	0	0	0	0	0	0	0	0	0	0	0	0	0	0	0	0	0	0	0	0	0	0	0	0	0	0	0	0	0	0	0	0	0	0	0	0
Yersinia_enterocolitica	0	0	0	0	0	0	0	0	0	0	0	0	0	0	0	0	0	0	0	0	0.0	0.06060606060606061	0.0	0.0	0.030303030303030304	0.0	0.0	0.0	0.030303030303030304	0.0	0.0	0.0	0.030303030303030304	0.0	0.0	0.0	0.0	0.0	0.030303030303030304	0.0	3
Yersinia_intermedia	0	0	0	0	0	0	0	0	0	0	0	0	0	0	0	0	0	0	0	0	0.0	0.0	0.0	0.0	0.0	0.0	0.0	0.0	0.0	0.0	0.0	0.0	0.0	0.0	0.0	0.0	0.0	0.0	0.0	0.0	3
Yersinia_pestis	0	0	0	0	0	0	0	0	0	0	0	0	0	0	0	0	0	0	0	0	0.0	0.0	0.0	0.0	0.0	0.0	0.0	0.0	0.0	0.0	0.0	0.06060606060606061	0.0	0.0	0.0	0.06060606060606061	0.0	0.06060606060606061	0.0	0.0	3
Yersinia_pestis_CO92	0	0	0	0	0	0	0	0	0	0	0	0	0	0	0	0	0	0	0	0	0	0	0	0	0	0	0	0	0	0	0	0	0	0	0	0	0	0	0	0	0
Yersinia_pseudotuberculosis	0	0	0	0	0	0	0	0	0	0	0	0	0	0	0	0	0	0	0	0	0	0	0	0	0	0	0	0	0	0	0	0	0	0	0	0	0	0	0	0	0
Yersinia_pseudotuberculosis_complex	0	0	0	0	0	0	0	0	0	0	0	0	0	0	0	0	0	0	0	0	0	0	0	0	0	0	0	0	0	0	0	0	0	0	0	0	0	0	0	0	0
Yersinia_rohdei	0	0	0	0	0	0	0	0	0	0	0	0	0	0	0	0	0	0	0	0	0.045454545454545456	0.0	0.045454545454545456	0.0	0.0	0.0	0.0	0.0	0.0	0.0	0.0	0.0	0.045454545454545456	0.0	0.0	0.0	0.0	0.0	0.0	0.0	2
Yersinia_ruckeri	0	0	0	0	0	0	0	0	0	0	0	0	0	0	0	0	0	0	0	0	0	0	0	0	0	0	0	0	0	0	0	0	0	0	0	0	0	0	0	0	0
