Node	C>T_1	C>T_2	C>T_3	C>T_4	C>T_5	C>T_6	C>T_7	C>T_8	C>T_9	C>T_10	G>A_11	G>A_12	G>A_13	G>A_14	G>A_15	G>A_16	G>A_17	G>A_18	G>A_19	G>A_20	D>V(11Substitution)_1	D>V(11Substitution)_2	D>V(11Substitution)_3	D>V(11Substitution)_4	D>V(11Substitution)_5	D>V(11Substitution)_6	D>V(11Substitution)_7	D>V(11Substitution)_8	D>V(11Substitution)_9	D>V(11Substitution)_10	H>B(11Substitution)_11	H>B(11Substitution)_12	H>B(11Substitution)_13	H>B(11Substitution)_14	H>B(11Substitution)_15	H>B(11Substitution)_16	H>B(11Substitution)_17	H>B(11Substitution)_18	H>B(11Substitution)_19	H>B(11Substitution)_20	considered_Matches
Actinobacillus_equuli	0.5454545454545454	0.38461538461538464	0.625	0.3125	0.4666666666666667	0.25	0.14285714285714285	0.17647058823529413	0.05	0.15384615384615385	0.07142857142857142	0.06666666666666667	0.3	0.3076923076923077	0	0.3076923076923077	0.4117647058823529	0.3333333333333333	0.45	0.6086956521739131	0.018995929443690638	0.013568521031207597	0.016282225237449117	0.012211668928086838	0.012211668928086838	0.006784260515603799	0.01085481682496608	0.01085481682496608	0.00542740841248304	0.012211668928086838	0.004070556309362279	0.00542740841248304	0.012211668928086838	0.013568521031207597	0.00542740841248304	0.009497964721845319	0.014925373134328358	0.014925373134328358	0.018995929443690638	0.027137042062415195	67
Actinobacillus_pleuropneumoniae	0.4609375	0.31092436974789917	0.416	0.46564885496183206	0.3006993006993007	0.034482758620689655	0.06722689075630252	0.02586206896551724	0.043478260869565216	0.043478260869565216	0.2204724409448819	0.09523809523809523	0.046153846153846156	0.2857142857142857	0.16326530612244897	0.4620253164556962	0.4166666666666667	0.3942307692307692	0.6397058823529411	0.6512820512820513	0.012621524816646768	0.01569162544772301	0.01432713627835579	0.019102848371141054	0.013133208255159476	0.008698618454716017	0.005628517823639775	0.007845812723861504	0.008016373870032406	0.008869179600886918	0.00835749616237421	0.003922906361930752	0.011427596793450451	0.01603274774006481	0.006993006993006993	0.027630905679686166	0.01671499232474842	0.013474330547501278	0.029677639433736996	0.024560805048609927	533
Actinobacillus_pleuropneumoniae_serovar_4_str._M62	0.3076923076923077	0.6111111111111112	0.45	0.6666666666666666	0.3333333333333333	0	0	0.14285714285714285	0	0.5	0	0.5	0	0.1111111111111111	0	0.2857142857142857	0.22727272727272727	0.75	0	0.5714285714285714	0.0074211502782931356	0.022263450834879406	0.02040816326530612	0.02040816326530612	0.01855287569573284	0.0074211502782931356	0.0	0.0018552875695732839	0.0	0.014842300556586271	0.0055658627087198514	0.0055658627087198514	0.012987012987012986	0.014842300556586271	0.011131725417439703	0.02411873840445269	0.02040816326530612	0.012987012987012986	0.025974025974025972	0.02411873840445269	49
Actinobacillus_pleuropneumoniae_serovar_6_str._Femo	0.5918367346938775	0.32142857142857145	0.3333333333333333	0.25	0.3333333333333333	0.09090909090909091	0.13636363636363635	0	0	0.05	0.2222222222222222	0.2222222222222222	0.4	0	0.06666666666666667	0	0.058823529411764705	0.7	0.8484848484848485	0.6538461538461539	0.03305785123966942	0.024793388429752063	0.008264462809917356	0.008264462809917356	0.02169421487603306	0.01549586776859504	0.01652892561983471	0.013429752066115703	0.003099173553719008	0.008264462809917356	0.007231404958677686	0.006198347107438016	0.011363636363636364	0.007231404958677686	0.014462809917355372	0.008264462809917356	0.003099173553719008	0.023760330578512397	0.04132231404958678	0.01859504132231405	88
Actinobacillus_pleuropneumoniae_serovar_9_str._CVJ13261	0.8387096774193549	0.25806451612903225	0.55	0.5185185185185185	0	0.2857142857142857	0	0.125	0	0.25	0.24	0	0.06666666666666667	0.125	0.1111111111111111	0.21739130434782608	0.3684210526315789	0.5833333333333334	0.5357142857142857	0.5555555555555556	0.0306553911205074	0.011627906976744186	0.019027484143763214	0.014799154334038054	0.010570824524312896	0.02431289640591966	0.011627906976744186	0.003171247357293869	0.010570824524312896	0.009513742071881607	0.010570824524312896	0.011627906976744186	0.006342494714587738	0.004228329809725159	0.021141649048625793	0.006342494714587738	0.02854122621564482	0.02431289640591966	0.02959830866807611	0.023255813953488372	86
African_swine_fever_virus	0	0	0	0	0	0	0	0	0	0	0	0	0	0	0	0	0	0	0	0	0	0	0	0	0	0	0	0	0	0	0	0	0	0	0	0	0	0	0	0	0
Aphthovirus	0	0	0	0	0	0	0	0	0	0	0	0	0	0	0	0	0	0	0	0	0	0	0	0	0	0	0	0	0	0	0	0	0	0	0	0	0	0	0	0	0
Arcanobacterium_haemolyticum	0	0.3333333333333333	0	0.5	1.0	0	0	0	0	0	0.3333333333333333	1.0	0	0	0	0	0	0.2	0	0.8	0.0	0.03409090909090909	0.0	0.022727272727272728	0.011363636363636364	0.0	0.022727272727272728	0.0	0.0	0.0	0.011363636363636364	0.03409090909090909	0.0	0.0	0.0	0.0	0.0	0.011363636363636364	0.0	0.045454545454545456	8
Aspergillus_fumigatus	0	0	0	0	0	0	0	0	0	0	0	0	0	0	0	0	0	0	0	0	0	0	0	0	0	0	0	0	0	0	0	0	0	0	0	0	0	0	0	0	0
Bartonella_bacilliformis	0	0	0	0	0	0	0	0	0	0	0	0	0	0	0	0	0	0	0	0	0	0	0	0	0	0	0	0	0	0	0	0	0	0	0	0	0	0	0	0	0
Bartonella_henselae	0	0	0	0	0	0	0	0	0	0	0	0	0	0	0	0	0	0	0	0	0	0	0	0	0	0	0	0	0	0	0	0	0	0	0	0	0	0	0	0	0
Bartonella_quintana	0	0	0	0	0	0	0	0	0	0	0	0	0	0	0	0	0	0	0	0	0	0	0	0	0	0	0	0	0	0	0	0	0	0	0	0	0	0	0	0	0
Bartonella_quintana_RM-11	1.0	0	0	0	0	0	0	0	0	0	0	0	0	0	0	0	0	0	0	0	0.09090909090909091	0.0	0.09090909090909091	0.0	0.0	0.0	0.09090909090909091	0.09090909090909091	0.0	0.0	0.0	0.022727272727272728	0.0	0.0	0.0	0.0	0.0	0.0	0.0	0.0	4
Blastomyces_dermatitidis	0	0	0	0	0	0	0	0	0	0	0	0	0	0	0	0	0	0	0	0	0	0	0	0	0	0	0	0	0	0	0	0	0	0	0	0	0	0	0	0	0
Bordetella_bronchialis	0	0	0	0	0	0	0	0	0	0	0	0.5	0	0	0	0	0	0	1.0	0	0.0	0.045454545454545456	0.09090909090909091	0.0	0.0	0.0	0.0	0.0	0.045454545454545456	0.0	0.0	0.045454545454545456	0.0	0.0	0.045454545454545456	0.0	0.0	0.0	0.045454545454545456	0.0	2
Bordetella_bronchiseptica	0.75	0	0	0	1.0	1.0	0	0	0	0	0	0	0	0	0	0	0	0	0	0.5	0.05454545454545454	0.0	0.0	0.0	0.01818181818181818	0.01818181818181818	0.0	0.0	0.0	0.0	0.0	0.0	0.05454545454545454	0.0	0.0	0.01818181818181818	0.0	0.01818181818181818	0.0	0.01818181818181818	5
Bordetella_genomosp._13	0	1.0	1.0	0	0	0	0	0	0	0	0	0	0	0	0	0	0	0	0	1.0	0.015151515151515152	0.06060606060606061	0.015151515151515152	0.0	0.0	0.015151515151515152	0.0	0.04545454545454545	0.0	0.0	0.0	0.0	0.0	0.0	0.0	0.0	0.015151515151515152	0.0	0.0	0.06060606060606061	6
Bordetella_pertussis	0	0	0	0	0	0	0	0	0	0	0	0	0	0	0	1.0	0	0	0	0	0.0	0.0	0.0	0.0	0.0	0.0	0.0	0.0	0.0	0.0	0.0	0.0	0.0	0.0	0.0	0.08080808080808081	0.0	0.0	0.0	0.0	9
Bordetella_pertussis_18323	0	0	0	0	0	0	0	0	0	0	0	0	0	0	1.0	1.0	0	0.8	0	0	0.09090909090909091	0.0	0.0	0.0	0.0	0.0	0.0	0.0	0.0	0.0	0.0	0.0	0.0	0.0	0.01818181818181818	0.07272727272727272	0.0	0.07272727272727272	0.07272727272727272	0.0	5
Bordetella_petrii	0	0	0	0	0	0	0	0	0	0	0	0	0	0	0	0	0	0	0	0	0	0	0	0	0	0	0	0	0	0	0	0	0	0	0	0	0	0	0	0	0
Bordetella_trematum	0	0	0	0	1.0	0	0	0	0	0	0	0	0	0	0	0	0	0	0	0	0.0	0.0	0.0	0.0	0.09090909090909091	0.0	0.0	0.0	0.0	0.0	0.0	0.0	0.0	0.0	0.0	0.0	0.0	0.0	0.0	0.0	2
Borrelia_crocidurae	0	0	0	0	0	0	0	0	0	0	0	0	0	0	0	0	0	0	0	0	0	0	0	0	0	0	0	0	0	0	0	0	0	0	0	0	0	0	0	0	0
Borrelia_recurrentis	0	0	0	0	0	0	0	0	0	0	0	0	0	0	0	0	0	0	0	0	0	0	0	0	0	0	0	0	0	0	0	0	0	0	0	0	0	0	0	0	0
Borreliella_afzelii	0	0	0	0	0	0	0	0	0	0	0	0	0	0	0	0	0	0	0	0	0	0	0	0	0	0	0	0	0	0	0	0	0	0	0	0	0	0	0	0	0
Borreliella_burgdorferi	0	0	0	0	0	0	0	0	0	0	0	0	0	0	0	0	0	0	0	0	0	0	0	0	0	0	0	0	0	0	0	0	0	0	0	0	0	0	0	0	0
Borreliella_garinii	0	0	0	0	0	0	0	0	0	0	0	0	0	0	0	0	0	0	0	0	0	0	0	0	0	0	0	0	0	0	0	0	0	0	0	0	0	0	0	0	0
Bovine_rhinitis_A_virus	0	0	0	0	0	0	0	0	0	0	0	0	0	0	0	0	0	0	0	0	0	0	0	0	0	0	0	0	0	0	0	0	0	0	0	0	0	0	0	0	0
Brucella_abortus	0	0	0	0	0	0	0	0	0	0	0	0	0	0	0	0	0	0	0	0	0	0	0	0	0	0	0	0	0	0	0	0	0	0	0	0	0	0	0	0	0
Brucella_canis	0	0	0	0	0	0	0	0	0	0	0	0	0	0	0	0	0	0	0	0	0	0	0	0	0	0	0	0	0	0	0	0	0	0	0	0	0	0	0	0	0
Brucella_melitensis	0	0	0	0	0	0	0	0	0	0	0	0	0	0	0	0	0	0	0	0	0	0	0	0	0	0	0	0	0	0	0	0	0	0	0	0	0	0	0	0	0
Brucella_melitensis_bv._2_str._63/9	1.0	0	0	0	0	0	0	1.0	0	0	0	0	0	0	0	0	0	0	0	0	0.09090909090909091	0.0	0.0	0.0	0.0	0.0	0.0	0.09090909090909091	0.0	0.0	0.045454545454545456	0.0	0.0	0.0	0.045454545454545456	0.0	0.0	0.0	0.0	0.045454545454545456	2
Brucella_microti	0	0	0	0	0	0	0	0	0	0	0	0	0	0	0	0	0	0	0	0	0	0	0	0	0	0	0	0	0	0	0	0	0	0	0	0	0	0	0	0	0
Brucella_ovis	0	0	0	0	0	0	0	0	0	0	0	0	0	0	0	0	0	0	0	0	0	0	0	0	0	0	0	0	0	0	0	0	0	0	0	0	0	0	0	0	0
Brucella_suis	0	0	0	0	0	0	0	0	0	0	0	0	0	0	0	0	0	0	0	0	0	0	0	0	0	0	0	0	0	0	0	0	0	0	0	0	0	0	0	0	0
Burkholderia_cepacia	0.6	0	0	0	0	0	0	0	0	0	0	0	0	0	0	0	0	1.0	1.0	0.75	0.06060606060606061	0.015151515151515152	0.0	0.0	0.030303030303030304	0.0	0.0	0.0	0.0	0.030303030303030304	0.030303030303030304	0.0	0.0	0.0	0.015151515151515152	0.0	0.0	0.030303030303030304	0.04545454545454545	0.04545454545454545	6
Burkholderia_cepacia_ATCC_25416	1.0	0	0	0	0	0	0	0	0	0	0	0	0	0	0	0	0	0	0	0	0.09090909090909091	0.0	0.0	0.0	0.09090909090909091	0.0	0.0	0.0	0.0	0.0	0.0	0.0	0.0	0.0	0.045454545454545456	0.0	0.045454545454545456	0.0	0.0	0.0	2
Burkholderia_cepacia_JBK9	0.5	0	0	0	0	0	0	0	0	0	0	0	0	0	0	0	0.5	0	0	0	0.030303030303030304	0.0	0.0	0.0	0.0	0.0	0.0	0.030303030303030304	0.0	0.0	0.030303030303030304	0.030303030303030304	0.0	0.0	0.0	0.0	0.030303030303030304	0.030303030303030304	0.030303030303030304	0.0	3
Burkholderia_gladioli	0.5	0.25	1.0	0.3333333333333333	0	0	0	0	0	0	0	0	0	0	0	0.5	0	0.5	0.2	0	0.006993006993006993	0.013986013986013986	0.03496503496503496	0.027972027972027972	0.0	0.006993006993006993	0.0	0.0	0.0	0.0	0.0	0.006993006993006993	0.006993006993006993	0.0	0.006993006993006993	0.006993006993006993	0.013986013986013986	0.013986013986013986	0.03496503496503496	0.0	13
Burkholderia_gladioli_BSR3	0	0	0	0	0	0	0	0	0	0	0	0	0	0	0	0	0	0	0	0	0	0	0	0	0	0	0	0	0	0	0	0	0	0	0	0	0	0	0	0	0
Burkholderia_gladioli_pv._gladioli	0	0	0.2857142857142857	0.25	0.875	0	0	0	0	0	0	1.0	0	0	0	0	0	0	0	0.375	0.01652892561983471	0.04132231404958678	0.01652892561983471	0.008264462809917356	0.05785123966942149	0.0	0.0	0.008264462809917356	0.0	0.0	0.0	0.01652892561983471	0.0	0.0	0.04132231404958678	0.0	0.0	0.0	0.0	0.024793388429752063	11
Burkholderia_mallei	0	0	0	0	0	0	0	0	0	0	0	0	0	0	0	0	0	0	0	0	0	0	0	0	0	0	0	0	0	0	0	0	0	0	0	0	0	0	0	0	0
Burkholderia_multivorans	0	0	0	0	0	0	0	0	0	0	0	0	0	0	0	0.2	1.0	0	0	0	0.06060606060606061	0.030303030303030304	0.06060606060606061	0.0	0.0	0.0	0.0	0.0	0.0	0.0	0.0	0.0	0.0	0.0	0.0	0.015151515151515152	0.06060606060606061	0.015151515151515152	0.06060606060606061	0.0	6
Burkholderia_multivorans_ATCC_17616	0	0	0	0	0	0	0	0	0	0	0	0	0	0	0	0	0	0	0	0	0	0	0	0	0	0	0	0	0	0	0	0	0	0	0	0	0	0	0	0	0
Burkholderia_multivorans_ATCC_BAA-247	0	0	0	0	0	0	0	0	0	0	0	0	0	0	0	0	1.0	0	0	0	0.0	0.045454545454545456	0.0	0.0	0.0	0.09090909090909091	0.045454545454545456	0.0	0.045454545454545456	0.0	0.045454545454545456	0.0	0.0	0.0	0.045454545454545456	0.045454545454545456	0.045454545454545456	0.0	0.0	0.045454545454545456	2
Burkholderia_pseudomallei	0	0	0	1.0	0	0	0	0	0	0	0	0	0	0	0	0	0	0	0	0	0.0	0.0	0.0	0.09090909090909091	0.0	0.0	0.0	0.0	0.0	0.0	0.0	0.0	0.0	0.0	0.0	0.0	0.0	0.0	0.0	0.0	1
Burkholderia_pseudomallei_1710a	0	0	0	0	0	0	0	0	0	0	0	0	0	0	0	0	0	0	0	0	0	0	0	0	0	0	0	0	0	0	0	0	0	0	0	0	0	0	0	0	0
Burkholderia_pseudomallei_MSHR435	0	0	0	0	0	0	0	0	0	0	0	0	0	0	0	0	0	0	0	0	0	0	0	0	0	0	0	0	0	0	0	0	0	0	0	0	0	0	0	0	0
Burkholderia_pseudomallei_NCTC_13179	0	0	0	0	0	0	0	0	0	0	0	0	0	0	0	0	0	0	0	0	0	0	0	0	0	0	0	0	0	0	0	0	0	0	0	0	0	0	0	0	0
Campylobacter_coli	0	0	0	0	0	0	0	0	0	0	0	0	0	0	0	0	0	0	0	0	0	0	0	0	0	0	0	0	0	0	0	0	0	0	0	0	0	0	0	0	0
Campylobacter_coli_RM4661	0	0	0	0	0	0	0	0	0	0	0	0	0	0	0	0	0	0	0	0	0	0	0	0	0	0	0	0	0	0	0	0	0	0	0	0	0	0	0	0	0
Campylobacter_fetus	0	0	0	0	0	0	0	0	0	0	0	0	0	0	0	0	0	0	0	0	0	0	0	0	0	0	0	0	0	0	0	0	0	0	0	0	0	0	0	0	0
Campylobacter_gracilis	0	0	0	0	0	0	0	0	0	0	0	0	0	0	0	0	0	0	0	1.0	0.0	0.0	0.0	0.0	0.0	0.0	0.0	0.0	0.09090909090909091	0.0	0.0	0.0	0.0	0.0	0.0	0.0	0.0	0.045454545454545456	0.0	0.045454545454545456	2
Campylobacter_showae	0	0	1.0	0	1.0	0	0	0	0	0	0	0	1.0	0	0	1.0	0	1.0	1.0	0	0.0	0.0	0.03636363636363636	0.01818181818181818	0.01818181818181818	0.03636363636363636	0.0	0.01818181818181818	0.0	0.0	0.0	0.01818181818181818	0.01818181818181818	0.01818181818181818	0.01818181818181818	0.01818181818181818	0.0	0.01818181818181818	0.03636363636363636	0.0	5
Canine_morbillivirus	0	0	0	0	0	0	0	0	0	0	0	0	0	0	0	0	0	0	0	0	0	0	0	0	0	0	0	0	0	0	0	0	0	0	0	0	0	0	0	0	0
Chlamydia_abortus	0	0	0	0	0	0	0	0	0	0	0	0	0	0	0	0	0	0	0	0	0	0	0	0	0	0	0	0	0	0	0	0	0	0	0	0	0	0	0	0	0
Chlamydia_caviae	0	0	0	0	0	0	0	0	0	0	0	0	0	0	0	0	0	0	0	0	0	0	0	0	0	0	0	0	0	0	0	0	0	0	0	0	0	0	0	0	0
Chlamydia_felis	0	0	0	0	0	0	0	0	0	0	0	0	0	0	0	0	0	0	0	0	0	0	0	0	0	0	0	0	0	0	0	0	0	0	0	0	0	0	0	0	0
Chlamydia_muridarum	0	0	0	0	0	0	0	0	0	0	0	0	0	0	0	0	0	0	0	0	0	0	0	0	0	0	0	0	0	0	0	0	0	0	0	0	0	0	0	0	0
Chlamydia_pecorum	0	0	0	0	0	0	0	0	0	0	0	0	0	0	0	0	0	0	0	0	0	0	0	0	0	0	0	0	0	0	0	0	0	0	0	0	0	0	0	0	0
Chlamydia_pneumoniae	0	0	0	0	0	0	0	0	0	0	0	0	0	0	0	0	0	0	0	0	0	0	0	0	0	0	0	0	0	0	0	0	0	0	0	0	0	0	0	0	0
Chlamydia_psittaci	0	0	0	0	0	0	0	0	0	0	0	0	0	0	0	0	0	0	0	0	0	0	0	0	0	0	0	0	0	0	0	0	0	0	0	0	0	0	0	0	0
Chlamydia_suis	0	0	0	0	0	0	0	0	0	0	0	0	0	0	0	0	0	0	0	0	0	0	0	0	0	0	0	0	0	0	0	0	0	0	0	0	0	0	0	0	0
Chlamydia_trachomatis	0	0	0	0	0	0	0	0	0	0	0	0	0	0	0	0	0	0	0	0	0	0	0	0	0	0	0	0	0	0	0	0	0	0	0	0	0	0	0	0	0
Corynebacterium_ammoniagenes	0	0	0	0	0	0	0	0	0	0	0	0	0	0	0	0	0	0	0	0	0	0	0	0	0	0	0	0	0	0	0	0	0	0	0	0	0	0	0	0	0
Corynebacterium_amycolatum	0	0	0	0	0	0	0	0	0	0	0	0	0	0	0	0	0	0	0	0	0.0	0.0	0.0	0.0	0.0	0.0	0.0	0.0	0.0	0.0	0.0	0.0	0.0	0.0	0.0	0.09090909090909091	0.0	0.0	0.0	0.0	1
Corynebacterium_bovis	0	0	0	0.3333333333333333	0	0	0	0	0	0	0	0	0	0	0	0	1.0	0	0	1.0	0.0	0.0	0.030303030303030304	0.030303030303030304	0.0	0.0	0.0	0.030303030303030304	0.0	0.0	0.030303030303030304	0.0	0.0	0.0	0.030303030303030304	0.030303030303030304	0.030303030303030304	0.0	0.0	0.06060606060606061	3
Corynebacterium_crudilactis	0	0	0	0	0	0	0	0	0	0	0	0	0	0	0	0	0	0	0	0	0	0	0	0	0	0	0	0	0	0	0	0	0	0	0	0	0	0	0	0	0
Corynebacterium_diphtheriae	0	0	0	0	0	0	0	0	0	0	0	0	0	0	0	0	0	0	0	0	0	0	0	0	0	0	0	0	0	0	0	0	0	0	0	0	0	0	0	0	0
Corynebacterium_diphtheriae_HC03	0.7272727272727273	0	0	0.6666666666666666	0	0	0	0	0	0	0	0	0	0.75	0	0	0	1.0	0	0.5	0.048484848484848485	0.0	0.0	0.048484848484848485	0.0	0.024242424242424242	0.0	0.0	0.0	0.0	0.0	0.01818181818181818	0.0	0.0303030303030303	0.0	0.0	0.0	0.03636363636363636	0.0	0.024242424242424242	15
Corynebacterium_diphtheriae_HC04	0	0	0	0	0	0	0	0	0	0	0	0	0	0	0	0	0	0	0	0	0	0	0	0	0	0	0	0	0	0	0	0	0	0	0	0	0	0	0	0	0
Corynebacterium_jeikeium	0	0	0	0	0	0	0	0	0	0	0	0	0	0	0	0	0	0	0	0	0.0	0.0	0.0	0.0	0.0	0.0	0.09090909090909091	0.0	0.0	0.0	0.0	0.0	0.0	0.0	0.0	0.0	0.0	0.09090909090909091	0.0	0.0	1
Corynebacterium_jeikeium_K411	0	0	0	0	0	0	0	0	0	0	0	0	0	0	0	0	0	0	0	0	0	0	0	0	0	0	0	0	0	0	0	0	0	0	0	0	0	0	0	0	0
Corynebacterium_kroppenstedtii	0	0	0	0	0	0	0	0	0	0	0	0	0	0	0	0	0	0	0	0	0.0	0.09090909090909091	0.0	0.0	0.0	0.0	0.0	0.0	0.0	0.0	0.0	0.09090909090909091	0.09090909090909091	0.0	0.0	0.0	0.0	0.0	0.0	0.0	1
Corynebacterium_kroppenstedtii_DSM_44385	0	0	0	0	0	0	0	0	0	0	0	0	0	0	0	0	0	0	0	0	0	0	0	0	0	0	0	0	0	0	0	0	0	0	0	0	0	0	0	0	0
Corynebacterium_maris	0	0	0	0	0	0	0	0	0	0	0	0	0	0	0	0	0	0	0	0	0	0	0	0	0	0	0	0	0	0	0	0	0	0	0	0	0	0	0	0	0
Corynebacterium_maris_DSM_45190	0	1.0	0	0	0	0	0	0	0	0	0	0	0	0	0	0	0	0	0	0	0.0	0.09090909090909091	0.07272727272727272	0.0	0.0	0.0	0.0	0.0	0.0	0.0	0.0	0.0	0.0	0.0	0.0	0.0	0.0	0.0	0.0	0.0	5
Corynebacterium_matruchotii	0	1.0	0	0	0	0	0	0	0	0	0	0	0	0	0	0	0	0	0	0	0.0	0.09090909090909091	0.0	0.0	0.0	0.0	0.0	0.0	0.0	0.0	0.0	0.0	0.0	0.0	0.0	0.0	0.0	0.0	0.0	0.0	1
Corynebacterium_minutissimum	1.0	0	0	1.0	0	0	0	0	0	0	0	0	0	0	0	0	0	0	0	0	0.06060606060606061	0.0	0.0	0.030303030303030304	0.030303030303030304	0.0	0.06060606060606061	0.0	0.0	0.030303030303030304	0.0	0.0	0.0	0.0	0.0	0.0	0.0	0.0	0.0	0.0	3
Corynebacterium_pseudotuberculosis	1.0	0	0	0	0	0	0	0	0	0	0	0	0	0	0	0	0	0	0	0	0.09090909090909091	0.0	0.0	0.0	0.0	0.0	0.0	0.0	0.0	0.0	0.0	0.0	0.0	0.0	0.0	0.0	0.0	0.0	0.0	0.0	1
Corynebacterium_pseudotuberculosis_Cp162	0	0	0	0	0	0	0	0	0	0	0	0	0	0	0	0	0	0	0	0	0	0	0	0	0	0	0	0	0	0	0	0	0	0	0	0	0	0	0	0	0
Corynebacterium_renale	1.0	0	0	0	0	0	0	0	0	0	1.0	0	0	0	0	0	0	0	0	0	0.09090909090909091	0.0	0.0	0.0	0.0	0.0	0.0	0.0	0.0	0.0	0.09090909090909091	0.0	0.0	0.0	0.0	0.0	0.0	0.0	0.0	0.09090909090909091	1
Corynebacterium_segmentosum	0	0	0	0	0	0	0	0	0	0	0	0	0	0	0	0	0	0	0	0	0	0	0	0	0	0	0	0	0	0	0	0	0	0	0	0	0	0	0	0	0
Corynebacterium_sphenisci	0	0	0	0	0	0	0	0	0	0	0	0	0	0	0	0	0	0	0	0	0	0	0	0	0	0	0	0	0	0	0	0	0	0	0	0	0	0	0	0	0
Corynebacterium_sphenisci_DSM_44792	0	1.0	0	0	0	0	0	0	0	0	0	0	0	0	0	0	0	0	0	0	0.09090909090909091	0.09090909090909091	0.0	0.0	0.0	0.0	0.0	0.0	0.0	0.0	0.0	0.0	0.0	0.0	0.0	0.0	0.0	0.0	0.0	0.0	1
Corynebacterium_stationis	0	0	0	0	0	0	0	0	0	0	0	0	0	0	0	0	0	0	0	0	0	0	0	0	0	0	0	0	0	0	0	0	0	0	0	0	0	0	0	0	0
Corynebacterium_striatum	0	0	1.0	0	0	0	0	0	0	0	1.0	0	0	0	0	0	1.0	0	0	0	0.0	0.0	0.045454545454545456	0.0	0.0	0.0	0.0	0.0	0.0	0.0	0.06818181818181818	0.0	0.0	0.0	0.0	0.06818181818181818	0.06818181818181818	0.022727272727272728	0.0	0.0	4
Corynebacterium_urealyticum	1.0	1.0	1.0	0	0	0	0	0	0	0	0	0	0	0	0	0	0	0	0	0	0.09090909090909091	0.09090909090909091	0.09090909090909091	0.09090909090909091	0.0	0.0	0.09090909090909091	0.0	0.0	0.0	0.0	0.0	0.0	0.0	0.0	0.0	0.0	0.0	0.0	0.0	1
Corynebacterium_ureicelerivorans	0	0	0	0	0	0	0	0	0	0	0	0	0	0	0	0	0	0	0	0	0.0	0.0	0.0	0.0	0.0	0.0	0.0	0.0	0.0	0.0	0.0	0.0	0.0	0.0	0.0	0.0	0.0	0.0	0.0	0.0	1
Corynebacterium_xerosis	0	0	1.0	0	0	0	0	0	0	0	0	0	0	0	0	0	0	0	0	0	0.0	0.0	0.09090909090909091	0.0	0.0	0.0	0.0	0.0	0.0	0.0	0.0	0.0	0.0	0.0	0.0	0.0	0.0	0.0	0.0	0.0	1
Cowpox_virus	0	0	0	0	0	0	0	0	0	0	0	0	0	0	0	0	0	0	0	0	0	0	0	0	0	0	0	0	0	0	0	0	0	0	0	0	0	0	0	0	0
Coxiella_burnetii	0	0	0	0	0	0	0	0	0	0	0	0	0	0	0	0	0	0	0	1.0	0.0	0.0	0.0	0.0	0.0	0.09090909090909091	0.0	0.0	0.09090909090909091	0.0	0.0	0.0	0.045454545454545456	0.0	0.045454545454545456	0.0	0.0	0.0	0.0	0.045454545454545456	2
Coxiella_burnetii_Dugway_5J108-111	1.0	0	0	0	0	0	0	0	0	0	0	0	0	0	0	0	0	0	0	0	0.09090909090909091	0.0	0.0	0.0	0.0	0.0	0.0	0.0	0.0	0.0	0.0	0.0	0.0	0.045454545454545456	0.045454545454545456	0.0	0.0	0.0	0.0	0.045454545454545456	2
Coxiella_burnetii_str._Schperling	0	0	0	0	0	0	0	0	0	0	0	0	0	0	0	0	0	0	0	0	0	0	0	0	0	0	0	0	0	0	0	0	0	0	0	0	0	0	0	0	0
Cryptosporidium	0	0	0	0	0	0	0	0	0	0	0	0	0	0	0	0	0	0	0	0	0	0	0	0	0	0	0	0	0	0	0	0	0	0	0	0	0	0	0	0	0
Cryptosporidium_parvum	0	0	0	0	0	0	0	0	0	0	0	0	0	0	0	0	0	0	0	0	0	0	0	0	0	0	0	0	0	0	0	0	0	0	0	0	0	0	0	0	0
Deltaretrovirus	0	0	0	0	0	0	0	0	0	0	0	0	0	0	0	0	0	0	0	0	0	0	0	0	0	0	0	0	0	0	0	0	0	0	0	0	0	0	0	0	0
Ehrlichia_canis	0	0	0	0	0	0	0	0	0	0	0	0	0	0	0	0	0	0	0	0	0	0	0	0	0	0	0	0	0	0	0	0	0	0	0	0	0	0	0	0	0
Enterococcus_avium	0.2	0	0	0	0	0	0	0	0	0	1.0	0	0	0	0	0	0	0	0	1.0	0.01818181818181818	0.0	0.07272727272727272	0.0	0.0	0.07272727272727272	0.0	0.0	0.0	0.0	0.01818181818181818	0.0	0.0	0.0	0.0	0.0	0.0	0.0	0.0	0.07272727272727272	5
Enterococcus_casseliflavus	0	0	0	0	0	0	0	0	0	0	0	0	0	0	0	0	0	0	0	0	0	0	0	0	0	0	0	0	0	0	0	0	0	0	0	0	0	0	0	0	0
Enterococcus_casseliflavus_EC20	0	0	0	0	0	0	0	0	0	0	0	0	0	0	0	0	0	0	0	0	0	0	0	0	0	0	0	0	0	0	0	0	0	0	0	0	0	0	0	0	0
Enterococcus_cecorum	0	0	0	0	0	0	0	0	0	0	0	0	0	0	0	0	0	0	0	0	0	0	0	0	0	0	0	0	0	0	0	0	0	0	0	0	0	0	0	0	0
Enterococcus_durans	0	0	0	0	0	0	0	0	0	0	0	0	0	0	0	0	0	0	0	0	0	0	0	0	0	0	0	0	0	0	0	0	0	0	0	0	0	0	0	0	0
Enterococcus_faecalis	1.0	0	0	0	0	0	0	0	0	0	0	0	0	0	0	0	0	0	0	0	0.09090909090909091	0.0	0.0	0.0	0.0	0.0	0.0	0.0	0.0	0.0	0.0	0.0	0.0	0.0	0.0	0.0	0.0	0.0	0.08181818181818182	0.0	10
Enterococcus_faecium	0	0	0	1.0	0	0	0	0	0	0	0	0	0	0	0	0	0.8	0	0	0.2	0.0	0.0	0.0	0.045454545454545456	0.045454545454545456	0.045454545454545456	0.0	0.0	0.0	0.0	0.0	0.0	0.0	0.0	0.056818181818181816	0.011363636363636364	0.045454545454545456	0.0	0.011363636363636364	0.011363636363636364	8
Enterococcus_faecium_ATCC_8459_=_NRRL_B-2354	0	0	0	0	0	0	0	0	0	0	0	0	0	0	0	0	0	0	0	0	0	0	0	0	0	0	0	0	0	0	0	0	0	0	0	0	0	0	0	0	0
Enterococcus_hirae	0	0	0	0	0	0	0	0	0	0	0	0	0	0	0	0	0	0	0	0	0	0	0	0	0	0	0	0	0	0	0	0	0	0	0	0	0	0	0	0	0
Enterococcus_hirae_ATCC_9790	0	0	0	0	0	0	0	0	0	0	0	0	0	0	0	0	0	0	0	0	0	0	0	0	0	0	0	0	0	0	0	0	0	0	0	0	0	0	0	0	0
Enterococcus_mundtii	0	0	0	1.0	0	0	0	0	0	0	0	0	0	0	0	0	0	0	0	0	0.0	0.09090909090909091	0.0	0.09090909090909091	0.0	0.0	0.0	0.0	0.0	0.0	0.0	0.0	0.0	0.0	0.0	0.0	0.0	0.0	0.0	0.0	1
Enterovirus_B	0	0	0	0	0	0	0	0	0	0	0	0	0	0	0	0	0	0	0	0	0	0	0	0	0	0	0	0	0	0	0	0	0	0	0	0	0	0	0	0	0
Epizootic_hemorrhagic_disease_virus_(serotype_1_/_strain_New_Jersey)	0	0	0	0	0	0	0	0	0	0	0	0	0	0	0	0	0	0	0	0	0	0	0	0	0	0	0	0	0	0	0	0	0	0	0	0	0	0	0	0	0
Equine_rhinitis_A_virus	0	0	0	0	0	0	0	0	0	0	0	0	0	0	0	0	0	0	0	0	0	0	0	0	0	0	0	0	0	0	0	0	0	0	0	0	0	0	0	0	0
Erysipelothrix_rhusiopathiae	0	0	0	0	0	0	1.0	0	0	0	0	0	0	0	0	1.0	0	1.0	0	1.0	0.0	0.0	0.0	0.0	0.0	0.0	0.09090909090909091	0.0	0.0	0.0	0.0	0.0	0.0	0.0	0.0	0.045454545454545456	0.045454545454545456	0.045454545454545456	0.0	0.045454545454545456	2
Erysipelothrix_rhusiopathiae_str._Fujisawa	0	0	0	0	0	0	0	0	0	0	0	0	0	0	0	0	0	0	0	0	0	0	0	0	0	0	0	0	0	0	0	0	0	0	0	0	0	0	0	0	0
Erythroparvovirus	0	0	0	0	0	0	0	0	0	0	0	0	0	0	0	0	0	0	0	0	0	0	0	0	0	0	0	0	0	0	0	0	0	0	0	0	0	0	0	0	0
Escherichia_coli	0.25	0.3333333333333333	0.125	0.5	0	0	0	0	0	1.0	0.16666666666666666	0	1.0	0.16666666666666666	0	0.5	0.5	0.3333333333333333	0	0.75	0.05844155844155845	0.006493506493506494	0.006493506493506494	0.05844155844155845	0.0	0.0	0.006493506493506494	0.0	0.0	0.025974025974025976	0.006493506493506494	0.0	0.012987012987012988	0.006493506493506494	0.0	0.006493506493506494	0.006493506493506494	0.012987012987012988	0.0	0.05194805194805195	14
Escherichia_coli_BL21(DE3)	0	0	0	0	0	0	0	0	0	0	0	0	0	0	0	0	0	0	0	0	0	0	0	0	0	0	0	0	0	0	0	0	0	0	0	0	0	0	0	0	0
Escherichia_coli_DH1	0	0	0	0	0	0	0	0	0	0	0	0	0	0	0	0	0	0	1.0	0	0.0	0.0	0.0	0.0	0.0	0.0	0.0	0.0	0.0	0.0	0.0	0.0	0.0	0.0	0.0	0.0	0.0	0.0	0.045454545454545456	0.0	2
Escherichia_coli_FAP1	0	0	0	0	0	0	0	0	0	0	0	0	0	0	0	0	0	1.0	0	0	0.0	0.0	0.0	0.0	0.0	0.0	0.0	0.0	0.0	0.0	0.0	0.0	0.08080808080808081	0.0	0.0	0.0	0.0	0.08080808080808081	0.010101010101010102	0.0	9
Escherichia_coli_K-12	0	0	0	0	0	0	0	0	0	0	0	0	0	0	0	0	0	0	0	0	0	0	0	0	0	0	0	0	0	0	0	0	0	0	0	0	0	0	0	0	0
Escherichia_coli_O111	0	0	0	0	0	0	0	0	0	0	0	0	0	0	0	0	0	0	0	0	0	0	0	0	0	0	0	0	0	0	0	0	0	0	0	0	0	0	0	0	0
Escherichia_coli_O157:H7	0	0	0	0	0	0	0	0	0	0	0	0	0	0	0	0	0	0	0	0	0	0	0	0	0	0	0	0	0	0	0	0	0	0	0	0	0	0	0	0	0
Escherichia_coli_O26	0	0	0	0	0	0	0	0	0	0	0	0	0	0	0	0	0	0	0	0	0	0	0	0	0	0	0	0	0	0	0	0	0	0	0	0	0	0	0	0	0
Escherichia_coli_str._Sanji	0	0	0	0	0	0	0	0	0	0	0	0	0	0	0	0	0	0	0	0	0	0	0	0	0	0	0	0	0	0	0	0	0	0	0	0	0	0	0	0	0
Francisella_tularensis	0	0	0	0	0	0	0	0	0	0	0	0	0	0	0	0	0	0	0	0	0	0	0	0	0	0	0	0	0	0	0	0	0	0	0	0	0	0	0	0	0
Francisella_tularensis_subsp._holarctica	0	0	0	0	0	0	0	0	0	0	0	0	0	0	0	0	0	0	0	0	0	0	0	0	0	0	0	0	0	0	0	0	0	0	0	0	0	0	0	0	0
Fusobacterium	0	0.4166666666666667	0.35714285714285715	0.5833333333333334	0.5319148936170213	0	0	0	0	0	0	0	0.0625	0	1.0	0.2608695652173913	0.18181818181818182	0.5454545454545454	1.0	1.0	0.010743801652892562	0.011570247933884297	0.009917355371900825	0.021487603305785124	0.02066115702479339	0.013223140495867768	0.010743801652892562	0.0	0.004958677685950413	0.004132231404958678	0.0	0.001652892561983471	0.005785123966942148	0.0	0.006611570247933884	0.011570247933884297	0.003305785123966942	0.019008264462809916	0.021487603305785124	0.011570247933884297	110
Fusobacterium_canifelinum	1.0	0	0	0	0	0	0	0	0	0	0	0	0	0	0	0	0	1.0	0	0	0.045454545454545456	0.0	0.0	0.0	0.0	0.0	0.0	0.0	0.0	0.045454545454545456	0.0	0.0	0.0	0.0	0.0	0.0	0.0	0.045454545454545456	0.0	0.0	2
Fusobacterium_gastrosuis	0	0	0	0	0	0	0	0	0	0	0	0	0	0	0	0	0	0	0	0	0	0	0	0	0	0	0	0	0	0	0	0	0	0	0	0	0	0	0	0	0
Fusobacterium_gonidiaformans_ATCC_25563	0	0	0	0	0	0	0	0	0	0	0	0	0	0	0	0	0	0	0	0	0	0	0	0	0	0	0	0	0	0	0	0	0	0	0	0	0	0	0	0	0
Fusobacterium_hwasookii	0	0	1.0	1.0	0	0	0	0	0	0	0	0	0	0	0	0	0.8	0	0	1.0	0.0	0.06060606060606061	0.06060606060606061	0.015151515151515152	0.0	0.0	0.0	0.06060606060606061	0.0	0.015151515151515152	0.0	0.0	0.07575757575757576	0.0	0.0	0.06060606060606061	0.06060606060606061	0.0	0.0	0.015151515151515152	6
Fusobacterium_hwasookii_ChDC_F174	0	1.0	0	0	0	0	0	0	0	0	0	0	0	0	0	0	0	0	0	0	0.0	0.09090909090909091	0.0	0.0	0.0	0.0	0.0	0.0	0.0	0.0	0.0	0.0	0.0	0.0	0.045454545454545456	0.0	0.0	0.0	0.0	0.0	2
Fusobacterium_hwasookii_ChDC_F206	0	0	0	0	1.0	0	0	0	0	0	0	0	0	0	0	0	0	0	0	0	0.0	0.0	0.0	0.0	0.09090909090909091	0.0	0.0	0.0	0.0	0.0	0.0	0.0	0.0	0.0	0.0	0.0	0.0	0.09090909090909091	0.0	0.0	1
Fusobacterium_mortiferum_ATCC_9817	0	0	0	0	0	0	0	0	0	0	0	0	0	0	0	0	0	0	0	0	0.0	0.0	0.09090909090909091	0.0	0.0	0.0	0.0	0.0	0.0	0.0	0.0	0.0	0.0	0.0	0.0	0.0	0.0	0.09090909090909091	0.0	0.0	1
Fusobacterium_necrophorum	0.6666666666666666	0.47368421052631576	0.4339622641509434	0.5573770491803278	0.5151515151515151	0.16666666666666666	0.08163265306122448	0.1282051282051282	0.03125	0	0.0851063829787234	0	0.19047619047619047	0	0	0.3950617283950617	0.5072463768115942	0.54	0.38	0.8055555555555556	0.01875254790052996	0.007337953526294334	0.0110069302894415	0.015491235222176927	0.006930289441500204	0.003261312678353037	0.0016306563391765185	0.003668976763147167	8.153281695882593E-4	0.0	0.0016306563391765185	0.0	0.0016306563391765185	4.0766408479412964E-4	0.0	0.013045250713412148	0.014268242967794536	0.0110069302894415	0.0077456176110884635	0.023644516918059518	223
Fusobacterium_necrophorum_subsp._funduliforme	0.5483870967741935	0.6666666666666666	0.4	0.5	0.15789473684210525	0.3888888888888889	0	0.05	0.125	0	0.11764705882352941	0.3181818181818182	0	0.08695652173913043	0.19230769230769232	0.2692307692307692	0.5238095238095238	0.46875	0.5384615384615384	0.6071428571428571	0.018386108273748723	0.010214504596527068	0.009193054136874362	0.008171603677221655	0.0030643513789581204	0.008171603677221655	0.0040858018386108275	0.0010214504596527069	0.0040858018386108275	0.0010214504596527069	0.006128702757916241	0.0071501532175689475	0.0030643513789581204	0.006128702757916241	0.005107252298263534	0.0071501532175689475	0.012257405515832482	0.015321756894790602	0.01634320735444331	0.017364657814096015	89
Fusobacterium_necrophorum_subsp._necrophorum	0.6666666666666666	0.3333333333333333	0	0.3333333333333333	0	0	0	0.4	1.0	0	0.75	0.4	0	0	0	1.0	0.5	0.6666666666666666	0.5	1.0	0.017316017316017316	0.008658008658008658	0.008658008658008658	0.008658008658008658	0.0	0.0	0.0	0.008658008658008658	0.008658008658008658	0.0	0.030303030303030304	0.008658008658008658	0.0	0.004329004329004329	0.0	0.012987012987012986	0.017316017316017316	0.03463203463203463	0.012987012987012986	0.025974025974025972	21
Fusobacterium_nucleatum	0	0	0	0	1.0	0	0	0	0	0	0	0	0	0	0	0	0	0	0	1.0	0.039525691699604744	0.039525691699604744	0.0	0.015810276679841896	0.06719367588932806	0.019762845849802372	0.0	0.0	0.0	0.0	0.0	0.039525691699604744	0.0	0.0	0.0	0.0	0.0	0.0	0.0	0.04743083003952569	23
Fusobacterium_nucleatum_subsp._animalis	1.0	0	0	0	0	0	0	0	0	0	0	0	0	0	0	0.6666666666666666	0	0	0	0	0.030303030303030304	0.0	0.0	0.0	0.0	0.0	0.0	0.0	0.0	0.0	0.0	0.0	0.0	0.0	0.0	0.06060606060606061	0.0	0.0	0.0	0.0	3
Fusobacterium_nucleatum_subsp._animalis_21_1A	0	0	0	0	0	0	0	0	0	0	0	0	0	0	0	0	0	0	0	0	0	0	0	0	0	0	0	0	0	0	0	0	0	0	0	0	0	0	0	0	0
Fusobacterium_nucleatum_subsp._animalis_4_8	0	0	0	0	0	0	0	0	0	0	0	0	0	0	0	0	0	0	0	1.0	0.0	0.0	0.0	0.0	0.0	0.0	0.0	0.0	0.0	0.0	0.0	0.0	0.0	0.0	0.0	0.0	0.0	0.0	0.0	0.06060606060606061	3
Fusobacterium_nucleatum_subsp._animalis_7_1	0	1.0	0	0	0	0	0	0	0	0	0	0	0	0	0	0	0	0	0	0	0.0	0.09090909090909091	0.0	0.0	0.0	0.0	0.0	0.0	0.0	0.0	0.0	0.0	0.0	0.09090909090909091	0.0	0.0	0.0	0.0	0.0	0.0	1
Fusobacterium_nucleatum_subsp._nucleatum	0	0	0	0	0	0	0	0	0	0	0	0	0	0	0	0	0	0	0	0	0	0	0	0	0	0	0	0	0	0	0	0	0	0	0	0	0	0	0	0	0
Fusobacterium_nucleatum_subsp._nucleatum_ATCC_23726	0	0	0	1.0	0	0	0	0	0	0	0	0	0	0	0	0	0	0	0	1.0	0.0	0.0	0.0	0.030303030303030304	0.0	0.0	0.0	0.0	0.0	0.0	0.0	0.06060606060606061	0.030303030303030304	0.030303030303030304	0.0	0.0	0.0	0.0	0.0	0.030303030303030304	3
Fusobacterium_nucleatum_subsp._nucleatum_ChDC_F316	1.0	0	1.0	0	0	0	0	0	0	0	0	0	0	0	0	0	0	0	0	0	0.09090909090909091	0.09090909090909091	0.09090909090909091	0.0	0.0	0.0	0.0	0.0	0.0	0.0	0.0	0.0	0.0	0.0	0.0	0.0	0.0	0.0	0.0	0.0	1
Fusobacterium_nucleatum_subsp._polymorphum	0	0	0	1.0	0	0	0	0	0	0	0	0	0	0	0	0	0	0	0	0	0.0	0.0	0.0	0.045454545454545456	0.0	0.0	0.0	0.0	0.0	0.045454545454545456	0.0	0.0	0.0	0.0	0.0	0.0	0.0	0.0	0.0	0.0	2
Fusobacterium_nucleatum_subsp._polymorphum_ATCC_10953	0	0	0	0	0	0	0	0	0	0	0	0	0	0	0	0	0	0	0	0	0	0	0	0	0	0	0	0	0	0	0	0	0	0	0	0	0	0	0	0	0
Fusobacterium_nucleatum_subsp._vincentii	0	0	0	0	0	0	0	0	0	0	0	0	0	0	0	0	0	0	0	0	0	0	0	0	0	0	0	0	0	0	0	0	0	0	0	0	0	0	0	0	0
Fusobacterium_nucleatum_subsp._vincentii_3_1_27	0	0	0	0	0	0	0	0	0	0	0	0	0	0	0	0	0	0	0	0	0	0	0	0	0	0	0	0	0	0	0	0	0	0	0	0	0	0	0	0	0
Fusobacterium_nucleatum_subsp._vincentii_ChDC_F8	0	0	1.0	0	0	0	0	0	0	0	0	0	0	0	0	0	0	0	0	0	0.0	0.0	0.0909090909090909	0.0	0.0	0.0	0.0	0.0	0.0	0.0	0.0	0.0	0.0	0.0	0.0	0.0	0.0	0.0	0.0	0.0	3
Fusobacterium_periodonticum	1.0	0	0	1.0	0	0	0	0	0	0	0	0	0	0	0	0	0	0	0	0	0.09090909090909091	0.0	0.0	0.045454545454545456	0.0	0.0	0.0	0.0	0.0	0.0	0.0	0.0	0.0	0.0	0.0	0.0	0.0	0.0	0.0	0.0	2
Fusobacterium_pseudoperiodonticum	1.0	0	0	0	0	1.0	0	0	0	0	0	0	0	0	0	0	0	0	0	0	0.09090909090909091	0.0	0.0	0.0	0.0	0.09090909090909091	0.0	0.0	0.0	0.0	0.0	0.0	0.09090909090909091	0.0	0.0	0.0	0.0	0.0	0.0	0.0	1
Fusobacterium_sp._oral_taxon_203	0	0	0	0	0	0	0	0	0	0	0	0	0	0	0	0	0	0	0	0	0	0	0	0	0	0	0	0	0	0	0	0	0	0	0	0	0	0	0	0	0
Fusobacterium_ulcerans	0	0	0	0	0	0	0	0	0	0	0	0	0	0	0	0	0	0	0	0	0	0	0	0	0	0	0	0	0	0	0	0	0	0	0	0	0	0	0	0	0
Fusobacterium_ulcerans_ATCC_49185	0	1.0	0	0	0	0	0	0	0	0	0	0	0	0	0	0	0	0	0	0	0.0	0.09090909090909091	0.0	0.0	0.0	0.0	0.0	0.0	0.0	0.0	0.0	0.0	0.0	0.0	0.0	0.0	0.0	0.0	0.0	0.0	1
Fusobacterium_varium_ATCC_27725	0	0	0	0	0	0	0	0	0	0	0	0	0	0	0	0	0	0	0	0	0	0	0	0	0	0	0	0	0	0	0	0	0	0	0	0	0	0	0	0	0
Goatpox_virus	0	0	0	0	0	0	0	0	0	0	0	0	0	0	0	0	0	0	0	0	0	0	0	0	0	0	0	0	0	0	0	0	0	0	0	0	0	0	0	0	0
Haemophilus_influenzae	0.9782608695652174	0.625	0.6666666666666666	0.20588235294117646	0.2727272727272727	0.2608695652173913	0	0	0	0	0	0.125	0.07142857142857142	0.037037037037037035	0	0.5	0.4444444444444444	0.7333333333333333	0.3684210526315789	0.6935483870967742	0.03526645768025078	0.013322884012539185	0.013322884012539185	0.0054858934169279	0.007836990595611285	0.022727272727272728	0.013322884012539185	0.008620689655172414	0.003918495297805642	0.0	0.014106583072100314	0.006269592476489028	0.027429467084639496	0.007836990595611285	0.0023510971786833853	0.02821316614420063	0.0109717868338558	0.010188087774294672	0.025078369905956112	0.03683385579937304	116
Haemophilus_influenzae_2019	0	0	0	0	0	0	0	0	0	0	0	0	0	0	0	0	0	0	0	0	0	0	0	0	0	0	0	0	0	0	0	0	0	0	0	0	0	0	0	0	0
Haemophilus_influenzae_CGSHiCZ412602	1.0	0	0	0	0	1.0	0	0	0	0	0	0	0	0	0	0	0	0	0	0	0.09090909090909091	0.0	0.0	0.0	0.0	0.09090909090909091	0.09090909090909091	0.0	0.0	0.09090909090909091	0.0	0.0	0.0	0.0	0.0	0.0	0.0	0.0	0.0	0.0	2
Haemophilus_influenzae_F3031	0	0	0	0	1.0	0	0	0	0	0	0	0	0	0	0	0	0	0	0	0	0.0	0.0	0.09090909090909091	0.0	0.09090909090909091	0.09090909090909091	0.0	0.0	0.0	0.0	0.0	0.0	0.0	0.045454545454545456	0.0	0.0	0.045454545454545456	0.045454545454545456	0.0	0.0	2
Haemophilus_influenzae_F3047	1.0	0.75	0	0	1.0	0	0	0	0	0	0	0	0	0	0	1.0	0	0	0	0	0.045454545454545456	0.06818181818181818	0.022727272727272728	0.0	0.06818181818181818	0.022727272727272728	0.0	0.0	0.0	0.0	0.0	0.0	0.0	0.0	0.0	0.022727272727272728	0.0	0.0	0.0	0.0	4
Haemophilus_influenzae_KR494	1.0	1.0	1.0	0	0	1.0	0	0	0	0	0	0	0	0	0	0	1.0	0	0	1.0	0.056818181818181816	0.03409090909090909	0.03409090909090909	0.056818181818181816	0.0	0.03409090909090909	0.0	0.0	0.0	0.0	0.0	0.045454545454545456	0.0	0.0	0.0	0.0	0.045454545454545456	0.0	0.0	0.045454545454545456	8
Haemophilus_influenzae_R2846	0	0	1.0	0	1.0	0	0	0	0	0	0	0	0	0	0	0	0	0	0	0	0.0	0.0	0.045454545454545456	0.0	0.09090909090909091	0.045454545454545456	0.0	0.0	0.0	0.0	0.0	0.0	0.0	0.0	0.0	0.006493506493506494	0.0	0.0	0.09090909090909091	0.0	14
Haemophilus_influenzae_R2866	0	0	0	0	0	0	0	0	0	0	0	0	0	0	0	0	0	0	0	0	0	0	0	0	0	0	0	0	0	0	0	0	0	0	0	0	0	0	0	0	0
Haemophilus_influenzae_biotype_aegyptius	1.0	0	0	0	1.0	0	0	0	0	0	0	0	0	0	0	0	0	0	0	0	0.09090909090909091	0.0	0.0	0.0	0.09090909090909091	0.0	0.09090909090909091	0.0	0.0	0.0	0.0	0.0	0.0	0.0	0.0	0.0	0.0	0.0	0.0	0.0	7
Helicobacter_cinaedi	0	0	0	0	0	0	0	0	0	0	0	0	0	0	0	0	0	0	0	0	0	0	0	0	0	0	0	0	0	0	0	0	0	0	0	0	0	0	0	0	0
Helicobacter_pylori	0	0	0	0	0	0	0	0	0	0	0	0	0	0	0	0	0	1.0	0	0	0.0	0.0	0.0	0.0	0.0	0.0	0.0	0.0	0.0	0.0	0.0	0.0	0.0	0.0	0.0	0.0	0.0	0.06818181818181818	0.0	0.0	4
Helicobacter_pylori_PeCan18	0	0	0	0	0	0	0	1.0	0	0	0	0	0	0	0	0	0	1.0	0	0	0.0	0.0	0.0909090909090909	0.0	0.0	0.0	0.0	0.0909090909090909	0.0909090909090909	0.0	0.0	0.0	0.0	0.0	0.030303030303030304	0.0	0.0	0.06060606060606061	0.0	0.0	3
Hepatitis_B_virus	0	0	0	0	0	0	0	0	0	0	0	0	0	0	0	0	0	0	0	0	0	0	0	0	0	0	0	0	0	0	0	0	0	0	0	0	0	0	0	0	0
Hepatitis_E_virus	0	0	0	0	0	0	0	0	0	0	0	0	0	0	0	0	0	0	0	0	0	0	0	0	0	0	0	0	0	0	0	0	0	0	0	0	0	0	0	0	0
Hepatitis_delta_virus	0	0	0	0	0	0	0	0	0	0	0	0	0	0	0	0	0	0	0	0	0	0	0	0	0	0	0	0	0	0	0	0	0	0	0	0	0	0	0	0	0
Human_adenovirus_1	0	0	0	0	0	0	0	0	0	0	0	0	0	0	0	0	0	0	0	0	0	0	0	0	0	0	0	0	0	0	0	0	0	0	0	0	0	0	0	0	0
Human_adenovirus_2	0	0	0	0	0	0	0	0	0	0	0	0	0	0	0	0	0	0	0	0	0	0	0	0	0	0	0	0	0	0	0	0	0	0	0	0	0	0	0	0	0
Human_adenovirus_35	0	0	0	0	0	0	0	0	0	0	0	0	0	0	0	0	0	0	0	0	0	0	0	0	0	0	0	0	0	0	0	0	0	0	0	0	0	0	0	0	0
Human_adenovirus_5	0	0	0	0	0	0	0	0	0	0	0	0	0	0	0	0	0	0	0	0	0	0	0	0	0	0	0	0	0	0	0	0	0	0	0	0	0	0	0	0	0
Human_adenovirus_54	0	0	0	0	0	0	0	0	0	0	0	0	0	0	0	0	0	0	0	0	0	0	0	0	0	0	0	0	0	0	0	0	0	0	0	0	0	0	0	0	0
Human_adenovirus_7	0	0	0	0	0	0	0	0	0	0	0	0	0	0	0	0	0	0	0	0	0	0	0	0	0	0	0	0	0	0	0	0	0	0	0	0	0	0	0	0	0
Human_alphaherpesvirus_1	0	0	0	0	0	0	0	0	0	0	0	0	0	0	0	0	0	0	0	0	0	0	0	0	0	0	0	0	0	0	0	0	0	0	0	0	0	0	0	0	0
Human_alphaherpesvirus_2	0	0	0	0	0	0	0	0	0	0	0	0	0	0	0	0	0	0	0	0	0	0	0	0	0	0	0	0	0	0	0	0	0	0	0	0	0	0	0	0	0
Human_alphaherpesvirus_3	0	0	0	0	0	0	0	0	0	0	0	0	0	0	0	0	0	0	0	0	0	0	0	0	0	0	0	0	0	0	0	0	0	0	0	0	0	0	0	0	0
Human_gammaherpesvirus_4	0	0	0	0	0	0	0	0	0	0	0	0	0	0	0	0	0	0	0	0	0	0	0	0	0	0	0	0	0	0	0	0	0	0	0	0	0	0	0	0	0
Human_herpesvirus_4_type_2	0	0	0	0	0	0	0	0	0	0	0	0	0	0	0	0	0	0	0	0	0	0	0	0	0	0	0	0	0	0	0	0	0	0	0	0	0	0	0	0	0
Human_mastadenovirus_C	0	0	0	0	0	0	0	0	0	0	0	0	0	0	0	0	0	0	0	0	0	0	0	0	0	0	0	0	0	0	0	0	0	0	0	0	0	0	0	0	0
JC_polyomavirus	0	0	0	0	0	0	0	0	0	0	0	0	0	0	0	0	0	0	0	0	0	0	0	0	0	0	0	0	0	0	0	0	0	0	0	0	0	0	0	0	0
Klebsiella_aerogenes	1.0	0	0	0	0	0	0	0	0	0	0	0	0	0	0	0	0	0	0.4166666666666667	0	0.05303030303030303	0.0	0.0	0.0	0.0	0.0	0.0	0.04545454545454545	0.0	0.0	0.0	0.03787878787878788	0.0	0.0	0.0	0.007575757575757576	0.0	0.0	0.03787878787878788	0.0	12
Klebsiella_aerogenes_EA1509E	0	0	0	0	0	0	0	0	0	0	0	0	0	0	0	0	0	0	0	0	0	0	0	0	0	0	0	0	0	0	0	0	0	0	0	0	0	0	0	0	0
Klebsiella_michiganensis	0	0	0.5	1.0	0	0	0	0	0.5	0	0	0	0	0	0	0	0	0	0.8	0	0.0	0.0	0.012987012987012988	0.012987012987012988	0.0	0.0	0.0	0.0	0.012987012987012988	0.0	0.0	0.0	0.05194805194805195	0.0	0.0	0.0	0.0	0.0	0.05194805194805195	0.012987012987012988	7
Klebsiella_michiganensis_HKOPL1	0	0	0	0	0	0	0	0	0	0	0	0	0	0	0	0	0	0	0	0	0	0	0	0	0	0	0	0	0	0	0	0	0	0	0	0	0	0	0	0	0
Klebsiella_oxytoca	0	0	0	0	1.0	1.0	0	0	0	0	0	0	0	0	0	0	1.0	0	1.0	0	0.0	0.0	0.0	0.0	0.09090909090909091	0.09090909090909091	0.0	0.0	0.0	0.0	0.0	0.0	0.0	0.0	0.0	0.0	0.045454545454545456	0.0	0.045454545454545456	0.045454545454545456	2
Klebsiella_pneumoniae	1.0	1.0	0.25	0	0	0	0	0	0	0	0.5	0	0	1.0	0	0	0.2	0	0.8888888888888888	0	0.06293706293706294	0.006993006993006993	0.020979020979020976	0.006993006993006993	0.0	0.0	0.006993006993006993	0.0	0.0	0.0	0.006993006993006993	0.006993006993006993	0.055944055944055944	0.06293706293706294	0.0	0.0	0.013986013986013986	0.055944055944055944	0.06293706293706294	0.013986013986013986	13
Klebsiella_pneumoniae_subsp._pneumoniae	0	0	0	0	0	0	0	0	0	0	0	0	0	0	0	0	0	0	0	0	0	0	0	0	0	0	0	0	0	0	0	0	0	0	0	0	0	0	0	0	0
Klebsiella_pneumoniae_subsp._rhinoscleromatis	0	0	0	0	0	0	0	0	0	0	0	0	0	0	0	0	0	0	0	0	0	0	0	0	0	0	0	0	0	0	0	0	0	0	0	0	0	0	0	0	0
Legionella_anisa	0	0	0	0	0	0	0	0	0	0	0	0	0	0	0	0	0	0	0	0	0	0	0	0	0	0	0	0	0	0	0	0	0	0	0	0	0	0	0	0	0
Legionella_lansingensis	0	0	0	0	0	0	0	0	0	0	0	0	0	0	0	0	0	0	0	0	0	0	0	0	0	0	0	0	0	0	0	0	0	0	0	0	0	0	0	0	0
Legionella_pneumophila	0	1.0	0	0	0	0	0	0	0	0	0	0	0	0	0	0	0	0	0	0	0.0	0.09090909090909091	0.0	0.0	0.0	0.0	0.0	0.0	0.0	0.0	0.0	0.09090909090909091	0.0	0.0	0.0	0.0	0.0	0.0	0.0	0.0	1
Legionella_pneumophila_subsp._pascullei	0	0	0	0	0	0	0	0	0	0	0	0	0	0	0	0	0	0	0	0	0	0	0	0	0	0	0	0	0	0	0	0	0	0	0	0	0	0	0	0	0
Legionella_pneumophila_subsp._pneumophila	0	0	1.0	0	0	0	0	0	0	0	0	0	0	0	0	0	0	0	0	0	0.0	0.0	0.09090909090909091	0.0	0.0	0.0	0.0	0.0	0.0	0.0	0.0	0.0	0.0	0.0	0.0	0.0	0.0	0.0	0.0	0.0	1
Leptospira_alexanderi	0	0	0	0	0	0	0	0	0	0	0	0	0	0	0	0	0	0	0	0	0	0	0	0	0	0	0	0	0	0	0	0	0	0	0	0	0	0	0	0	0
Leptospira_alstonii	0	0	0	0	0	0	0	0	0	0	0	0	0	0	0	0	0	0	0	0	0	0	0	0	0	0	0	0	0	0	0	0	0	0	0	0	0	0	0	0	0
Leptospira_biflexa	0	0	0	0	0	0	0	0	0	0	0	0	0	0	0	0	0	0	0	0	0	0	0	0	0	0	0	0	0	0	0	0	0	0	0	0	0	0	0	0	0
Leptospira_borgpetersenii	0	0	0	0	0	0	0	0	0	0	0	0	0	0	0	0	0	0	0	0	0	0	0	0	0	0	0	0	0	0	0	0	0	0	0	0	0	0	0	0	0
Leptospira_broomii	0	0	0	0	0	0	0	0	0	0	0	0	0	0	0	0	0	0	0	0	0	0	0	0	0	0	0	0	0	0	0	0	0	0	0	0	0	0	0	0	0
Leptospira_fainei	0	0	0	0	0	0	0	0	0	0	0	0	0	0	0	0	0	0	0	0	0	0	0	0	0	0	0	0	0	0	0	0	0	0	0	0	0	0	0	0	0
Leptospira_inadai	0	0	0	0	0	0	0	0	0	0	0	0	0	0	0	0	0	0	0	0	0	0	0	0	0	0	0	0	0	0	0	0	0	0	0	0	0	0	0	0	0
Leptospira_interrogans	0	0	0	0	0	0	0	0	0	0	0	0	0	0	0	0	0	0	0	0	0	0	0	0	0	0	0	0	0	0	0	0	0	0	0	0	0	0	0	0	0
Leptospira_kirschneri	0	0	0	0	0	0	0	0	0	0	0	0	0	0	0	0	0	0	0	0	0	0	0	0	0	0	0	0	0	0	0	0	0	0	0	0	0	0	0	0	0
Leptospira_kmetyi	0	0	0	0	0	0	0	0	0	0	0	0	0	0	0	0	0	0	0	0	0	0	0	0	0	0	0	0	0	0	0	0	0	0	0	0	0	0	0	0	0
Leptospira_licerasiae	0	0	0	0	0	0	0	0	0	0	0	0	0	0	0	0	0	0	0	0	0	0	0	0	0	0	0	0	0	0	0	0	0	0	0	0	0	0	0	0	0
Leptospira_noguchii	0	0	0	0	0	0	0	0	0	0	0	0	0	0	0	0	0	0	0	0	0	0	0	0	0	0	0	0	0	0	0	0	0	0	0	0	0	0	0	0	0
Leptospira_santarosai	0	0	0	0	0	0	0	0	0	0	0	0	0	0	0	0	0	0	0	0	0	0	0	0	0	0	0	0	0	0	0	0	0	0	0	0	0	0	0	0	0
Leptospira_santarosai_serovar_Shermani_str._LT_821	1.0	0	0	0	0	0	0	0	0	0	0	0	0	0	0	0	0	0	0	0	0.09090909090909091	0.0	0.0	0.0	0.0	0.0	0.0	0.0	0.0	0.0	0.0	0.0	0.0	0.0	0.0	0.0	0.0	0.0	0.0	0.0	1
Leptospira_weilii	0	0	0	0	0	0	0	0	0	0	0	0	0	0	0	0	0	0	0	0	0	0	0	0	0	0	0	0	0	0	0	0	0	0	0	0	0	0	0	0	0
Leptospira_wolffii	0	0	0	0	0	0	0	0	0	0	0	0	0	0	0	0	0	0	0	0	0	0	0	0	0	0	0	0	0	0	0	0	0	0	0	0	0	0	0	0	0
Listeria_monocytogenes	0	0	0	0	0	0	0	0	0	0	0	0	0	0	0	0	0	0	0	0	0	0	0	0	0	0	0	0	0	0	0	0	0	0	0	0	0	0	0	0	0
Listeria_monocytogenes_6179	0	0	0	0	0	0	0	0	0	0	0	0	0	0	0	0	0	0	0	0	0	0	0	0	0	0	0	0	0	0	0	0	0	0	0	0	0	0	0	0	0
Lumpy_skin_disease_virus	0	0	0	0	0	0	0	0	0	0	0	0	0	0	0	0	0	0	0	0	0	0	0	0	0	0	0	0	0	0	0	0	0	0	0	0	0	0	0	0	0
Lymphocryptovirus	0	0	0	0	0	0	0	0	0	0	0	0	0	0	0	0	0	0	0	0	0	0	0	0	0	0	0	0	0	0	0	0	0	0	0	0	0	0	0	0	0
Mannheimia_haemolytica	0.5202156334231806	0.4484848484848485	0.4158730158730159	0.4144486692015209	0.4896755162241888	0.35106382978723405	0.058823529411764705	0.11864406779661017	0.041353383458646614	0.19642857142857142	0.15021459227467812	0.1400560224089636	0.2	0.1575091575091575	0.22727272727272727	0.5192878338278932	0.5134228187919463	0.5133531157270029	0.5633333333333334	0.546916890080429	0.01894576012223071	0.014438502673796793	0.017952635599694424	0.014209320091673033	0.017494270435446903	0.016577540106951873	0.008174178762414056	0.006569900687547746	0.0027501909854851033	0.007563025210084034	0.010007639419404125	0.008861726508785332	0.00825057295645531	0.01115355233002292	0.007639419404125287	0.019098548510313215	0.019862490450725745	0.017876241405653172	0.02230710466004584	0.021466768525592057	1190
Mannheimia_haemolytica_D153	0	0	0	1.0	0	0	0	0.46153846153846156	0.46153846153846156	0	0	0	0	0	0	0	1.0	1.0	0	0	0.0	0.0	0.03535353535353535	0.03535353535353535	0.0	0.0	0.0	0.0303030303030303	0.0303030303030303	0.0	0.0	0.025252525252525252	0.0	0.0	0.0303030303030303	0.005050505050505051	0.0303030303030303	0.025252525252525252	0.0	0.0	18
Mannheimia_haemolytica_D174	1.0	1.0	0	0	0	0	0	0	0	0	0	1.0	0	0	0	0.2857142857142857	0	1.0	0	1.0	0.05865102639296187	0.029325513196480937	0.0	0.0	0.0	0.00879765395894428	0.0	0.0	0.0	0.01759530791788856	0.0	0.005865102639296188	0.0	0.00879765395894428	0.014662756598240468	0.03519061583577712	0.0	0.014662756598240468	0.002932551319648094	0.03812316715542522	31
Mannheimia_haemolytica_M42548	1.0	1.0	0.3333333333333333	1.0	0	0	0	0	0	0	0	0	0	0.1111111111111111	0.4642857142857143	0.4117647058823529	0	0.38461538461538464	0.3333333333333333	0	0.008264462809917356	0.03305785123966942	0.021487603305785124	0.03471074380165289	0.0	0.006611570247933884	0.0	0.0	0.0	0.01652892561983471	0.004958677685950413	0.0	0.0	0.004958677685950413	0.021487603305785124	0.011570247933884297	0.0	0.01652892561983471	0.023140495867768594	0.01652892561983471	55
Mannheimia_haemolytica_USDA-ARS-USMARC-183	0.125	1.0	0	0.5714285714285714	1.0	0	1.0	0	0	0	0	1.0	0	0	0	0	0	1.0	1.0	0	0.006269592476489028	0.025078369905956112	0.0	0.012539184952978056	0.018808777429467082	0.0	0.025078369905956112	0.006269592476489028	0.009404388714733541	0.009404388714733541	0.0	0.012539184952978056	0.009404388714733541	0.0	0.0	0.0	0.0	0.025078369905956112	0.025078369905956112	0.0	29
Mannheimia_haemolytica_USMARC_2286	0.627906976744186	0	0	0.574468085106383	0	0	0	0	0	0	0	0	0	0	0	0.4	0.53125	0.4375	0.5263157894736842	1.0	0.02583732057416268	0.008612440191387561	0.009569377990430622	0.02583732057416268	0.019138755980861243	0.0066985645933014355	0.0	0.016267942583732056	0.008612440191387561	0.0	0.0	0.007655502392344498	0.0	0.0	0.008612440191387561	0.009569377990430622	0.016267942583732056	0.0066985645933014355	0.016267942583732056	0.03827751196172249	95
Measles_morbillivirus	0	0	0	0	0	0	0	0	0	0	0	0	0	0	0	0	0	0	0	0	0	0	0	0	0	0	0	0	0	0	0	0	0	0	0	0	0	0	0	0	0
Methanobrevibacter_oralis	0	0	0	0	0	0	0	0	0	0	0	0	0	0	0	0	0	0	0	0	0	0	0	0	0	0	0	0	0	0	0	0	0	0	0	0	0	0	0	0	0
Moraxella_catarrhalis	0	0	0	0	0	0	0	0	0	0	0	0	0	0	0	0	0	0	0	0	0	0	0	0	0	0	0	0	0	0	0	0	0	0	0	0	0	0	0	0	0
Moraxella_catarrhalis_BBH18	1.0	0	0	0	0	0	0	0	0	0	0	1.0	0	0	0	0	0	0	0	1.0	0.045454545454545456	0.045454545454545456	0.0	0.0	0.0	0.0	0.0	0.0	0.0	0.0	0.0	0.022727272727272728	0.0	0.022727272727272728	0.06818181818181818	0.022727272727272728	0.022727272727272728	0.022727272727272728	0.0	0.022727272727272728	4
Morbillivirus	0	0	0	0	0	0	0	0	0	0	0	0	0	0	0	0	0	0	0	0	0	0	0	0	0	0	0	0	0	0	0	0	0	0	0	0	0	0	0	0	0
Mycobacterium_avium	0	0.5	0	0	0	0	0	0	0	0	0	0.2	0	0	0	0	0.5	0.26666666666666666	0	0.6923076923076923	0.0	0.011363636363636364	0.028409090909090908	0.0	0.0	0.0	0.0	0.0	0.0	0.0	0.011363636363636364	0.056818181818181816	0.0	0.0	0.05113636363636364	0.0	0.011363636363636364	0.022727272727272728	0.011363636363636364	0.05113636363636364	16
Mycobacterium_avium_subsp._avium	0	0	0	0	0	0	0	0	0	0	0	0	0	0	0	0	0	0	0	0	0	0	0	0	0	0	0	0	0	0	0	0	0	0	0	0	0	0	0	0	0
Mycobacterium_avium_subsp._hominissuis	0	0	1.0	0	0	0	0	0	0	0	0	0	1.0	0	0	0.6666666666666666	0	0	0	0	0.0	0.0	0.0909090909090909	0.0	0.0	0.0	0.0	0.0	0.0	0.0	0.0	0.030303030303030304	0.030303030303030304	0.0	0.0	0.06060606060606061	0.0	0.0	0.0	0.0	3
Mycobacterium_avium_subsp._paratuberculosis	0	1.0	0	0	0	0	0	0	0	0	0	0	0	0	0	0	0	0	0	0	0.0	0.0909090909090909	0.0	0.0	0.0	0.0909090909090909	0.0	0.0	0.0	0.0	0.0	0.0	0.0	0.030303030303030304	0.0	0.0	0.030303030303030304	0.030303030303030304	0.0	0.030303030303030304	3
Mycobacterium_canettii	0	0	0	0	0	0	0	0	0	0	0	0	0	0	0	0	0	1.0	0	0	0.0	0.0	0.0	0.0	0.0	0.0	0.09090909090909091	0.0	0.0	0.0	0.0	0.0	0.0	0.0	0.0	0.0	0.0	0.09090909090909091	0.0	0.0	1
Mycobacterium_colombiense	0	0	0	0	0	0	0	0	0	0	0	0	0	0	0	0	0	0	0	0	0	0	0	0	0	0	0	0	0	0	0	0	0	0	0	0	0	0	0	0	0
Mycobacterium_colombiense_CECT_3035	0	0	0	0	0	0	0	0	0	0	0	0	0	0	0	0	0	0	0	0	0	0	0	0	0	0	0	0	0	0	0	0	0	0	0	0	0	0	0	0	0
Mycobacterium_intracellulare	0	0	0	0	0	0	0	0	0	0	0	0	0	0	0	0	0	0	0	0	0.0	0.0	0.0	0.0	0.09090909090909091	0.0	0.0	0.0	0.09090909090909091	0.09090909090909091	0.0	0.0	0.0	0.0	0.0	0.0	0.0	0.0	0.0	0.09090909090909091	1
Mycobacterium_intracellulare_subsp._yongonense	0	0	0	0.8	0	0	0	0	0	0	0	0	0	0	0	0	1.0	0	0	0	0.0	0.0	0.0	0.07272727272727272	0.0	0.0	0.0	0.0	0.0	0.0	0.0	0.0	0.0	0.0	0.0	0.0	0.01818181818181818	0.01818181818181818	0.0	0.0	5
Mycobacterium_kansasii	0	0	1.0	0	0	0	0	0	0	0	0	0	0	0	0	0	0	0	0	1.0	0.0	0.0	0.06060606060606061	0.0	0.0	0.06060606060606061	0.030303030303030304	0.0	0.06060606060606061	0.0	0.030303030303030304	0.0	0.0	0.0	0.0	0.0	0.0	0.06060606060606061	0.030303030303030304	0.030303030303030304	3
Mycobacterium_leprae	0	0	0	0	0	0	0	0	0	0	0	0	0	0	0	0	0	0	0	0	0	0	0	0	0	0	0	0	0	0	0	0	0	0	0	0	0	0	0	0	0
Mycobacterium_leprae_Kyoto-2	0	0	0	0	0	0	0	0	0	0	0	0	0	0	0	0	0	0	0	0	0	0	0	0	0	0	0	0	0	0	0	0	0	0	0	0	0	0	0	0	0
Mycobacterium_marseillense	1.0	0	0	0	0	0	0	0	0	0	0	0	0	1.0	0	0	0	0	0	0	0.045454545454545456	0.0	0.045454545454545456	0.0	0.0	0.0	0.0	0.0	0.045454545454545456	0.0	0.0	0.0	0.0	0.045454545454545456	0.0	0.0	0.0	0.0	0.0	0.0	2
Mycobacterium_sp._JS623	0	0.6666666666666666	0	0	0	0	0	0	0	0	0	0.3333333333333333	0	0	0	0.3333333333333333	0.3333333333333333	0.3333333333333333	0	0	0.01818181818181818	0.05454545454545454	0.01818181818181818	0.0	0.0	0.0	0.01818181818181818	0.0	0.0	0.0	0.0	0.01818181818181818	0.0	0.0	0.0	0.01818181818181818	0.03636363636363636	0.03636363636363636	0.0	0.0	5
Mycobacterium_sp._YC-RL4	0	0	0	0	0	0	0	0	0	0	0	0	0	0	0	0	0	0	0	1.0	0.0	0.0	0.0	0.0	0.0	0.0	0.09090909090909091	0.09090909090909091	0.0	0.0	0.0	0.0	0.0	0.0	0.0	0.09090909090909091	0.0	0.0	0.0	0.09090909090909091	1
Mycobacterium_tuberculosis	1.0	0	0	0	0	0	0	0	0	0	0	0.5	0	0	0	0	0	0	0	0	0.09090909090909091	0.0	0.0	0.0	0.0	0.0	0.0	0.045454545454545456	0.0	0.0	0.045454545454545456	0.045454545454545456	0.0	0.0	0.0	0.0	0.0	0.0	0.0	0.0	2
Mycobacterium_tuberculosis_KZN_1435	0	0	0	0	0	0	0	0	0	0	0	0	0	0	0	0	0	0	0	0	0	0	0	0	0	0	0	0	0	0	0	0	0	0	0	0	0	0	0	0	0
Mycobacterium_tuberculosis_complex	0	1.0	0	0	0	0	0	0	0	0	0	0	0	0	0	0	0	0	0	0	0.0	0.0909090909090909	0.0	0.0	0.0	0.0	0.0	0.0	0.0	0.0	0.0	0.06060606060606061	0.0	0.0	0.06060606060606061	0.0	0.0	0.0	0.0	0.030303030303030304	3
Mycobacterium_tuberculosis_variant_africanum	0	0	0	0	0	0	0	0	0	0	0	0	0	0	0	0	0	0	0	0	0	0	0	0	0	0	0	0	0	0	0	0	0	0	0	0	0	0	0	0	0
Mycobacterium_tuberculosis_variant_bovis	0	0	0	0	0	0	0	0	0	0	0	0	0	0	0	0	0	0	0	0	0	0	0	0	0	0	0	0	0	0	0	0	0	0	0	0	0	0	0	0	0
Mycobacteroides_abscessus	0	1.0	0	0.4117647058823529	0	0	0	0	0	0	0	0	0	0	0	0	0	0	0	0	0.0	0.053475935828877004	0.0	0.0374331550802139	0.0374331550802139	0.053475935828877004	0.053475935828877004	0.0	0.053475935828877004	0.0	0.0	0.0	0.0	0.0	0.0	0.053475935828877004	0.053475935828877004	0.0	0.0	0.0	17
Mycobacteroides_abscessus_subsp._abscessus	0	0	0	0	0	0	0	0	0	0	0	1.0	0	0	0	0	0	1.0	0	0	0.0	0.0	0.0	0.09090909090909091	0.0	0.0	0.09090909090909091	0.0	0.0	0.0	0.0	0.045454545454545456	0.0	0.0	0.0	0.0	0.0	0.045454545454545456	0.0	0.0	2
Mycobacteroides_abscessus_subsp._massiliense	0	0	0	0	0	0	0	0	0	0	0	0	0	0	0	0	0	0	0	0	0	0	0	0	0	0	0	0	0	0	0	0	0	0	0	0	0	0	0	0	0
Mycobacteroides_abscessus_subsp._massiliense_CCUG_48898_=_JCM_15300	0	0	0	0	0	0	0	0	0	0	0	0	0	0	0	0	0	0	0	0	0	0	0	0	0	0	0	0	0	0	0	0	0	0	0	0	0	0	0	0	0
Mycoplasma_haemocanis	0	0	0	0	0	0	0	0	0	0	0	0	0	0	0	0	0	0	0	0	0	0	0	0	0	0	0	0	0	0	0	0	0	0	0	0	0	0	0	0	0
Mycoplasma_haemofelis	0	0	0	0	0	0	0	0	0	0	0	0	0	0	0	0	0	0	0	0	0	0	0	0	0	0	0	0	0	0	0	0	0	0	0	0	0	0	0	0	0
Mycoplasma_mycoides	0	0	0	0	0	0	0	0	0	0	0	0	0	0	0	0	0	0	0	0	0	0	0	0	0	0	0	0	0	0	0	0	0	0	0	0	0	0	0	0	0
Mycoplasma_mycoides_subsp._mycoides	0	0	0	1.0	0	0	0	0	0	0	0	0	0	0	0	0	0	0	0	0	0.0	0.0	0.0	0.09090909090909091	0.0	0.0	0.0	0.09090909090909091	0.0	0.0	0.0	0.0	0.09090909090909091	0.09090909090909091	0.0	0.0	0.0	0.09090909090909091	0.0	0.0	1
Mycoplasma_ovipneumoniae	0	0	0	0	0	0	0	0	0	0	0	0	0	0	0	0	0	0	0	0	0	0	0	0	0	0	0	0	0	0	0	0	0	0	0	0	0	0	0	0	0
Mycoplasma_pneumoniae	0	0	0	0	0	0	0	0	0	0	0	0	0	0	0	0	0	0	0	0	0	0	0	0	0	0	0	0	0	0	0	0	0	0	0	0	0	0	0	0	0
Neisseria_elongata	0	0	0	0	0	0	0	0	0	0	0	0	0	0	0	0	0	0	0	0	0	0	0	0	0	0	0	0	0	0	0	0	0	0	0	0	0	0	0	0	0
Neisseria_elongata_subsp._glycolytica	0.5	0	0	0	0	0	0	0	0	0	0	0	0	0	0	0	0	0	0.3333333333333333	0	0.045454545454545456	0.0	0.0	0.045454545454545456	0.0	0.0	0.045454545454545456	0.0	0.0	0.0	0.0	0.022727272727272728	0.022727272727272728	0.022727272727272728	0.0	0.0	0.0	0.0	0.022727272727272728	0.0	4
Neisseria_gonorrhoeae	0	0	0	0	0	0	0	0	0	0	0	0	0	0	0	0	0	0	0	0	0	0	0	0	0	0	0	0	0	0	0	0	0	0	0	0	0	0	0	0	0
Neisseria_gonorrhoeae_NG-k51.05	0	1.0	0	0	1.0	0	0	0	0	0	0	0	0	1.0	0	0	1.0	0	0	0	0.0	0.045454545454545456	0.0	0.0	0.045454545454545456	0.045454545454545456	0.0	0.0	0.0	0.0	0.0	0.0	0.045454545454545456	0.045454545454545456	0.005681818181818182	0.0	0.03977272727272727	0.005681818181818182	0.0	0.0	16
Neisseria_meningitidis	0.7333333333333333	1.0	0	0	0	0	0	0	0	0	1.0	0.5	0	0.7	0.5	0	0	0.6666666666666666	0	1.0	0.06220095693779905	0.028708133971291863	0.03827751196172249	0.014354066985645932	0.004784688995215311	0.0	0.014354066985645932	0.0	0.009569377990430622	0.0	0.023923444976076555	0.009569377990430622	0.0	0.0430622009569378	0.04784688995215311	0.03349282296650718	0.004784688995215311	0.019138755980861243	0.0	0.014354066985645932	19
Neisseria_meningitidis_MC58	0	0	0	0	0	0	0	0	0	0	0	0	0	0	0	0	0	0	0	0	0	0	0	0	0	0	0	0	0	0	0	0	0	0	0	0	0	0	0	0	0
Neisseria_mucosa	0	0	0	0	0	0	0	0	0	0	0	0	0	0	0	0	0	0	0	0	0	0	0	0	0	0	0	0	0	0	0	0	0	0	0	0	0	0	0	0	0
Neisseria_sicca	1.0	0	0	0	0	0	0.5	0	0	1.0	0	0	0	0	0	0	0	0	1.0	0	0.045454545454545456	0.0	0.0	0.0	0.0	0.0	0.045454545454545456	0.0	0.0	0.045454545454545456	0.0	0.0	0.0	0.0	0.0	0.0	0.0	0.0	0.045454545454545456	0.0	2
Neisseria_subflava	0	0	0	0	0	0	0	0	0	0	0	0	0	0	0	0	0	0	0	0	0.0	0.0	0.0	0.0	0.0	0.0	0.0	0.0	0.0	0.0	0.0	0.0	0.0	0.0	0.0	0.0	0.0	0.0	0.0	0.0	1
Neisseria_weaveri	0.8	0	0	0	0	0	0	0	0	0	0	0	0	0	0	0	0	0.5	1.0	0	0.06060606060606061	0.0	0.015151515151515152	0.030303030303030304	0.0	0.0	0.0	0.0	0.015151515151515152	0.0	0.015151515151515152	0.0	0.0	0.0	0.015151515151515152	0.0	0.0	0.030303030303030304	0.04545454545454545	0.015151515151515152	6
Orthohepadnavirus	0	0	0	0	0	0	0	0	0	0	0	0	0	0	0	0	0	0	0	0	0	0	0	0	0	0	0	0	0	0	0	0	0	0	0	0	0	0	0	0	0
Orthopoxvirus	0	0	0	0	0	0	0	0	0	0	0	0	0	0	0	0	0	0	0	0	0	0	0	0	0	0	0	0	0	0	0	0	0	0	0	0	0	0	0	0	0
Paraavulavirus	0	0	0	0	0	0	0	0	0	0	0	0	0	0	0	0	0	0	0	0	0	0	0	0	0	0	0	0	0	0	0	0	0	0	0	0	0	0	0	0	0
Parvimonas_micra	0.4444444444444444	0.625	0.16666666666666666	0.46153846153846156	0.2222222222222222	0.1111111111111111	0	0	0.625	0.125	0.3333333333333333	0	0	0.2	0.2222222222222222	0.8571428571428571	0.46153846153846156	0.375	0.6	0.8181818181818182	0.009569377990430622	0.019138755980861243	0.007177033492822966	0.01674641148325359	0.01674641148325359	0.007177033492822966	0.0	0.007177033492822966	0.011961722488038277	0.0023923444976076554	0.007177033492822966	0.0023923444976076554	0.007177033492822966	0.009569377990430622	0.009569377990430622	0.019138755980861243	0.028708133971291863	0.007177033492822966	0.014354066985645932	0.02631578947368421	38
Pasteurella_multocida	0	0.09090909090909091	0.09090909090909091	0.9090909090909091	0.5	0	0	0	0	0	0	0.8	0	0	0	0	0.625	0.5	0.5862068965517241	1.0	0.0	0.001466275659824047	0.002932551319648094	0.0439882697947214	0.016129032258064516	0.001466275659824047	0.030791788856304986	0.002932551319648094	0.0	0.002932551319648094	0.014662756598240468	0.011730205278592375	0.02785923753665689	0.0	0.016129032258064516	0.01759530791788856	0.030791788856304986	0.016129032258064516	0.026392961876832845	0.016129032258064516	62
Pasteurella_multocida_subsp._gallicida	0	0	0	0	0	0	0	0	0	0	0	0	0	0	0	0	0	0	0	0	0	0	0	0	0	0	0	0	0	0	0	0	0	0	0	0	0	0	0	0	0
Pasteurella_multocida_subsp._multocida	0	1.0	0	0.1	0	1.0	0	0	0	0	0	0	0	0	0	0	0	1.0	0.5714285714285714	0	0.0	0.01515151515151515	0.0	0.005050505050505051	0.0	0.06565656565656566	0.0	0.005050505050505051	0.005050505050505051	0.0	0.0	0.0	0.025252525252525252	0.0	0.0	0.020202020202020204	0.0	0.0606060606060606	0.020202020202020204	0.0	18
Pasteurella_multocida_subsp._multocida_OH4807	0	0	0	0	0	0	0	0	0	0	0	0	0	0	0	0	0	1.0	1.0	0	0.0	0.0	0.0	0.0	0.0	0.0	0.0	0.0	0.0	0.0	0.0	0.0	0.0	0.0	0.022727272727272728	0.0	0.0	0.045454545454545456	0.045454545454545456	0.0	4
Pasteurella_multocida_subsp._multocida_P1062	0	0	0	0	0	0	0	0	0	0	0	0	0	1.0	0	0	0	0	1.0	0	0.0	0.0	0.0	0.0	0.0	0.0	0.0	0.09090909090909091	0.0	0.0	0.0	0.0	0.00909090909090909	0.00909090909090909	0.0	0.0	0.0	0.0	0.08181818181818182	0.0	10
Pasteurella_multocida_subsp._multocida_str._3480	0	0	0	0	0	0	0	0	0	0	0	0	0	0	0	0	0	0	0.9	0	0.0	0.0	0.0	0.0	0.0	0.0	0.0	0.0	0.09090909090909091	0.0	0.0	0.0	0.0	0.0	0.0	0.0	0.0	0.0	0.08181818181818182	0.0	10
Pasteurella_multocida_subsp._multocida_str._Pm70	0	0	0	0	0	0	0	0	0	0	0	0	0	0	0	0	1.0	0	0	0.875	0.0	0.0	0.0	0.0	0.0	0.0	0.0	0.0	0.0	0.0	0.0	0.0	0.00909090909090909	0.0	0.0	0.0	0.01818181818181818	0.0	0.0	0.06363636363636363	10
Pasteurella_multocida_subsp._septica	0	0	0	0	0	0	0	0	0	0	0	0	0	0	0	0	0	0	0	0	0	0	0	0	0	0	0	0	0	0	0	0	0	0	0	0	0	0	0	0	0
Peptostreptococcus_anaerobius	0	0	0	0	0	0	0	0	0	0	0	0	0	0	0	0	0	0	0	0	0	0	0	0	0	0	0	0	0	0	0	0	0	0	0	0	0	0	0	0	0
Polyomaviridae	0	0	0	0	0	0	0	0	0	0	0	0	0	0	0	0	0	0	0	0	0	0	0	0	0	0	0	0	0	0	0	0	0	0	0	0	0	0	0	0	0
Porphyromonas_gingivalis	0.6120218579234973	0.3046875	0.52046783625731	0.5117647058823529	0.5376344086021505	0.2922077922077922	0.5512820512820513	0.4117647058823529	0.13286713286713286	0.10948905109489052	0.038834951456310676	0.025477707006369428	0.23423423423423423	0.2033898305084746	0.09090909090909091	0.4806201550387597	0.2616279069767442	0.5976331360946746	0.5546218487394958	0.6289308176100629	0.021842793416397475	0.012151976618981694	0.01876634363944009	0.018304876172896476	0.018920166128287955	0.011075219197046609	0.008614059375480695	0.012767266574373173	0.005076142131979695	0.006306722042762652	0.001692047377326565	0.004922319643131826	0.008306414397784956	0.005383787109675435	0.005999077065066913	0.014151668974003998	0.011229041685894479	0.01738194123980926	0.015228426395939087	0.019689278572527304	591
Porphyromonas_gingivalis_A7A1-28	0.9	0	0.14285714285714285	0	0	0	0	1.0	0	0	0	0	0	0.6666666666666666	0	0.8888888888888888	0	0.5555555555555556	0.4444444444444444	1.0	0.02702702702702703	0.019656019656019656	0.012285012285012284	0.004914004914004914	0.002457002457002457	0.0	0.012285012285012284	0.002457002457002457	0.0	0.012285012285012284	0.019656019656019656	0.0	0.0	0.004914004914004914	0.002457002457002457	0.019656019656019656	0.0	0.012285012285012284	0.019656019656019656	0.0171990171990172	37
Porphyromonas_gingivalis_AJW4	0.28	1.0	0.3333333333333333	0.2857142857142857	0.9166666666666666	0	0.16666666666666666	0.25	0	0.4	0	0.14285714285714285	0	0	0	0.5789473684210527	0	0	0.4	0	0.02077922077922078	0.04935064935064935	0.025974025974025972	0.005194805194805195	0.02857142857142857	0.01818181818181818	0.007792207792207791	0.005194805194805195	0.0	0.007792207792207791	0.005194805194805195	0.02857142857142857	0.0	0.025974025974025972	0.012987012987012986	0.03636363636363636	0.02857142857142857	0.0	0.01038961038961039	0.012987012987012986	35
Porphyromonas_gingivalis_ATCC_33277	0.6666666666666666	0.375	0	0	0	0	0	0	0	0	1.0	0	0.3333333333333333	0.5	0.5	0	1.0	0.2	1.0	0.16666666666666666	0.03896103896103896	0.01948051948051948	0.01948051948051948	0.0	0.0	0.01948051948051948	0.0	0.0	0.0	0.0	0.01948051948051948	0.0	0.025974025974025976	0.006493506493506494	0.006493506493506494	0.0	0.012987012987012988	0.006493506493506494	0.045454545454545456	0.006493506493506494	14
Porphyromonas_gingivalis_TDC60	0.18518518518518517	1.0	0.42857142857142855	0.5862068965517241	0.21052631578947367	0	0	0	0.2857142857142857	0	0	0	0.2222222222222222	0	0	0.23529411764705882	0.2857142857142857	0.5555555555555556	0.95	0.3333333333333333	0.006993006993006993	0.03916083916083916	0.008391608391608392	0.023776223776223775	0.005594405594405594	0.004195804195804196	0.0	0.0	0.00979020979020979	0.018181818181818184	0.0	0.011188811188811189	0.006993006993006993	0.005594405594405594	0.0	0.008391608391608392	0.008391608391608392	0.013986013986013986	0.03776223776223776	0.004195804195804196	65
Porphyromonas_gingivalis_W83	0.6153846153846154	0.5	0.6666666666666666	0	0	0	0	0.3333333333333333	0	0	0	0	0	0	0.35714285714285715	1.0	1.0	1.0	0.782608695652174	0.26666666666666666	0.014842300556586271	0.012987012987012986	0.02040816326530612	0.0018552875695732839	0.0	0.0	0.0055658627087198514	0.011131725417439703	0.0018552875695732839	0.0037105751391465678	0.0	0.0018552875695732839	0.0	0.0	0.011131725417439703	0.027829313543599257	0.02411873840445269	0.012987012987012986	0.03339517625231911	0.0074211502782931356	49
Rickettsia_africae	0	0	0	0	0	0	0	0	0	0	0	0	0	0	0	0	0	0	0	0	0	0	0	0	0	0	0	0	0	0	0	0	0	0	0	0	0	0	0	0	0
Rickettsia_akari	0	0	0	0	0	0	0	0	0	0	0	0	0	0	0	0	0	0	0	0	0	0	0	0	0	0	0	0	0	0	0	0	0	0	0	0	0	0	0	0	0
Rickettsia_conorii	0	0	0	0	0	0	0	0	0	0	0	0	0	0	0	0	0	0	0	0	0	0	0	0	0	0	0	0	0	0	0	0	0	0	0	0	0	0	0	0	0
Rickettsia_felis	0	0	0	0	0	0	0	0	0	0	0	0	0	0	0	0	0	0	0	0	0	0	0	0	0	0	0	0	0	0	0	0	0	0	0	0	0	0	0	0	0
Rickettsia_japonica	0	0	0	0	0	0	0	0	0	0	0	0	0	0	0	0	0	0	0	0	0	0	0	0	0	0	0	0	0	0	0	0	0	0	0	0	0	0	0	0	0
Rickettsia_prowazekii	0	0	0	0	0	0	0	0	0	0	0	0	0	0	0	0	0	0	0	0	0	0	0	0	0	0	0	0	0	0	0	0	0	0	0	0	0	0	0	0	0
Rickettsia_rickettsii	0	0	0	0	0	0	0	0	0	0	0	0	0	0	0	0	0	0	0	0	0	0	0	0	0	0	0	0	0	0	0	0	0	0	0	0	0	0	0	0	0
Rickettsia_sibirica	0	0	0	0	0	0	0	0	0	0	0	0	0	0	0	0	0	0	0	0	0	0	0	0	0	0	0	0	0	0	0	0	0	0	0	0	0	0	0	0	0
Rickettsia_typhi	0	0	0	0	0	0	0	0	0	0	0	0	0	0	0	0	0	0	0	0	0	0	0	0	0	0	0	0	0	0	0	0	0	0	0	0	0	0	0	0	0
Salmonella_enterica	0	0	1.0	0	0.5238095238095238	0	0	0	0	0	0	0	0	0	0	1.0	0.07692307692307693	0	0.5	0.2	0.0	0.0	0.039525691699604744	0.019762845849802372	0.021739130434782608	0.009881422924901186	0.0	0.001976284584980237	0.0	0.019762845849802372	0.003952569169960474	0.001976284584980237	0.0	0.001976284584980237	0.0	0.019762845849802372	0.019762845849802372	0.0	0.019762845849802372	0.009881422924901186	46
Salmonella_enterica_subsp._enterica	0	1.0	1.0	0	0.45454545454545453	0	0	0	0	0	0	0	0	0	0	1.0	0	0.09090909090909091	0.9090909090909091	0.16666666666666666	0.0	0.02536997885835095	0.04016913319238901	0.019027484143763214	0.042283298097251586	0.0	0.0	0.021141649048625793	0.0	0.0	0.0	0.0021141649048625794	0.021141649048625793	0.0021141649048625794	0.0021141649048625794	0.023255813953488372	0.0	0.004228329809725159	0.042283298097251586	0.004228329809725159	43
Salmonella_enterica_subsp._enterica_serovar_Choleraesuis	0	0	0	0	0	0	0	0	0	0	0	0	0	0	0	0	0	0	0	0	0	0	0	0	0	0	0	0	0	0	0	0	0	0	0	0	0	0	0	0	0
Salmonella_enterica_subsp._enterica_serovar_Paratyphi_A	0	0	0	0	0	0	0	0	0	0	0	0	0	0	0	0	0	0	0	0	0.0	0.0	0.0	0.0	0.0	0.0	0.0	0.0	0.0	0.0	0.0	0.0	0.0	0.0	0.0	0.0	0.0	0.0	0.0	0.0	1
Salmonella_enterica_subsp._enterica_serovar_Typhimurium	0	0	0	0	0	0	0	0	0	0	0	0	0	0	0	0	0	0	0	0	0	0	0	0	0	0	0	0	0	0	0	0	0	0	0	0	0	0	0	0	0
Salmonella_enterica_subsp._enterica_serovar_Weltevreden	0	0	0	0	0	0	0	0	0	0	0	0	0	0	0	0	0	0	0	0	0	0	0	0	0	0	0	0	0	0	0	0	0	0	0	0	0	0	0	0	0
Sheeppox_virus	0	0	0	0	0	0	0	0	0	0	0	0	0	0	0	0	0	0	0	0	0	0	0	0	0	0	0	0	0	0	0	0	0	0	0	0	0	0	0	0	0
Shigella_boydii	0	0	0	0	0	0	0	0	0	0	0	0	0	0	0	0	0	0	0	0	0	0	0	0	0	0	0	0	0	0	0	0	0	0	0	0	0	0	0	0	0
Shigella_dysenteriae	0	0	0	0	0	0	0	0	0	0	0	0	0	0	0	0	0	0	0	0	0	0	0	0	0	0	0	0	0	0	0	0	0	0	0	0	0	0	0	0	0
Shigella_flexneri	0	0	0	0	0	0	0	0	0	0	0	0	0	0	0	0	0	0	0	0	0	0	0	0	0	0	0	0	0	0	0	0	0	0	0	0	0	0	0	0	0
Shigella_sonnei	0	0	0	0	0	0	0	0	0	0	0	0	0	0	0	0	0	0	0	0	0	0	0	0	0	0	0	0	0	0	0	0	0	0	0	0	0	0	0	0	0
Simian_virus_12	0	0	0	0	0	0	0	0	0	0	0	0	0	0	0	0	0	0	0	0	0	0	0	0	0	0	0	0	0	0	0	0	0	0	0	0	0	0	0	0	0
Staphylococcus_aureus	0	0	1.0	0	0.3333333333333333	0	0	0	0	0	0	0	0	0	0	0	0	0	0	0	0.0	0.0	0.06060606060606061	0.0	0.030303030303030304	0.0	0.0	0.0	0.0	0.0	0.0	0.0	0.0	0.0	0.0	0.0	0.0	0.0	0.0	0.0	3
Staphylococcus_cohnii	0	0	0	0	0	0	0	0	0	0	0	0	0	0	0	0	0	0	0	0	0	0	0	0	0	0	0	0	0	0	0	0	0	0	0	0	0	0	0	0	0
Staphylococcus_epidermidis	0	0	0	0	0	0	0	0	0	0	0	0	0	0	0	0	0	0	0	0	0	0	0	0	0	0	0	0	0	0	0	0	0	0	0	0	0	0	0	0	0
Staphylococcus_equorum	0	0	0	1.0	0	0	0	0	0	0	0	0	0	0	0	0	0	0	0	0	0.0	0.0	0.0	0.09090909090909091	0.0	0.0	0.0	0.0	0.0	0.0	0.0	0.0	0.0	0.0	0.0	0.0	0.0	0.0	0.0	0.0	1
Staphylococcus_hominis	0	0	0	0	0	0	0	0	0	0	0	0	0	0	0	0	0	0	0	0	0	0	0	0	0	0	0	0	0	0	0	0	0	0	0	0	0	0	0	0	0
Staphylococcus_hominis_subsp._hominis	0	0	0	0	0	0	0	0	0	0	0	0	0	0	0	0	0	0	0	0	0	0	0	0	0	0	0	0	0	0	0	0	0	0	0	0	0	0	0	0	0
Staphylococcus_nepalensis	0	0	0	0	0	0	0	0	0	0	0	0	0	0	0	0	0	0	0	0	0	0	0	0	0	0	0	0	0	0	0	0	0	0	0	0	0	0	0	0	0
Staphylococcus_saprophyticus	0	0	0	0	0	0	0	0	0	0	0	0	0	0	0	0	0	0	0	0	0	0	0	0	0	0	0	0	0	0	0	0	0	0	0	0	0	0	0	0	0
Staphylococcus_simulans	0	0	0	0	0	0	0	0	0	0	0	0	0	0	0	0	0	0	0	0	0	0	0	0	0	0	0	0	0	0	0	0	0	0	0	0	0	0	0	0	0
Staphylococcus_succinus	0	0	0	0	0	0	0	0	0	0	0	0	0	0	0	0	0	0	0	0	0	0	0	0	0	0	0	0	0	0	0	0	0	0	0	0	0	0	0	0	0
Streptococcus_agalactiae	1.0	0	0	0	1.0	0.5	0	0	0	0	0	0	0	0	0	0	0	0	0	1.0	0.030303030303030304	0.0	0.0	0.0	0.06060606060606061	0.015151515151515152	0.0	0.0	0.06060606060606061	0.0	0.0	0.0	0.0	0.0	0.0	0.0	0.0	0.0	0.0	0.015151515151515152	6
Streptococcus_agalactiae_GD201008-001	0	0	0	0	0	1.0	0	0	0	0	0	0	1.0	0	0	0	0	0	1.0	0	0.0	0.0	0.0	0.0	0.0	0.0909090909090909	0.0	0.0	0.0	0.0	0.0	0.0	0.0909090909090909	0.0	0.0	0.07575757575757576	0.0	0.0	0.07575757575757576	0.0	6
Streptococcus_agalactiae_NEM316	0	0	0	0	0	0	0	0	0	0	0	0	0	0	0	0	0	0	0	0	0	0	0	0	0	0	0	0	0	0	0	0	0	0	0	0	0	0	0	0	0
Streptococcus_anginosus	1.0	0	0	0	0	0	0	0	0	0	0	0	0	0	0	0	0	0	0	0	0.09090909090909091	0.0	0.0	0.0	0.0	0.0	0.0	0.09090909090909091	0.0	0.0	0.0	0.0	0.0	0.0	0.0	0.0	0.0	0.0	0.0	0.0	1
Streptococcus_anginosus_C1051	1.0	1.0	0	0	0	0	0	0	0	0	0	0	0	0	0	0	0	0.3333333333333333	1.0	0	0.045454545454545456	0.022727272727272728	0.0	0.0	0.0	0.0	0.022727272727272728	0.0	0.0	0.0	0.0	0.022727272727272728	0.0	0.0	0.0	0.0	0.0	0.045454545454545456	0.022727272727272728	0.0	4
Streptococcus_canis	0.3333333333333333	1.0	1.0	0	0	0	0	0	0	0	0	0	0	0.3333333333333333	0.8	0	0.8333333333333334	0.5	0	0	0.012987012987012988	0.01948051948051948	0.012987012987012988	0.0	0.045454545454545456	0.0	0.006493506493506494	0.006493506493506494	0.0	0.0	0.0	0.0	0.0	0.006493506493506494	0.025974025974025976	0.006493506493506494	0.032467532467532464	0.006493506493506494	0.0	0.0	14
Streptococcus_cristatus	0	0	0	0	0	0	0	0	0	0	0	0	0	0	0	0	0	0	0	0	0	0	0	0	0	0	0	0	0	0	0	0	0	0	0	0	0	0	0	0	0
Streptococcus_cristatus_AS_1.3089	0	1.0	0	0	0.3333333333333333	1.0	0	0	0	0	0	0	0	0	0	0	0	0.5	0	0	0.0	0.06818181818181818	0.0	0.045454545454545456	0.022727272727272728	0.022727272727272728	0.0	0.0	0.0	0.0	0.0	0.0	0.0	0.0	0.0	0.0	0.0	0.022727272727272728	0.0	0.022727272727272728	4
Streptococcus_cristatus_ATCC_51100	0	0	0	0	1.0	0	0	0	0	0	0	0	0	0	0	0	0	0	0	0	0.0	0.0	0.0	0.0	0.09090909090909091	0.0	0.0	0.0	0.09090909090909091	0.0	0.0	0.0	0.0	0.0	0.0	0.0	0.0	0.0	0.0	0.0	2
Streptococcus_dysgalactiae	0	0	1.0	0	0	0	0	0	0	0	0	0	0	0	0	0	1.0	0.16666666666666666	0	0	0.0	0.056818181818181816	0.056818181818181816	0.0	0.0	0.0	0.011363636363636364	0.0	0.0	0.0	0.0	0.0	0.0	0.0	0.0	0.056818181818181816	0.06818181818181818	0.011363636363636364	0.0	0.0	8
Streptococcus_dysgalactiae_subsp._dysgalactiae	0	1.0	1.0	0	0	0	0	0	1.0	0	0	0	0	0	0	1.0	0	0.16666666666666666	0	1.0	0.015151515151515152	0.06060606060606061	0.06060606060606061	0.0	0.0	0.0	0.06060606060606061	0.015151515151515152	0.06060606060606061	0.0	0.0	0.0	0.0	0.0	0.0	0.06060606060606061	0.0	0.015151515151515152	0.0	0.07575757575757576	6
Streptococcus_dysgalactiae_subsp._equisimilis	0	0	1.0	0	0	0	0	0	0	0	0	0	0	0	0	0.4	0	0	0.5	0	0.0	0.0	0.045454545454545456	0.0	0.0	0.011363636363636364	0.0	0.0	0.0	0.0	0.0	0.0	0.011363636363636364	0.0	0.022727272727272728	0.022727272727272728	0.022727272727272728	0.0	0.011363636363636364	0.0	8
Streptococcus_equi	1.0	0	0	0.37037037037037035	0.375	0.5	0	0	0	0	0	0	0	0	0	0.4117647058823529	0.47368421052631576	0	1.0	0	0.02457002457002457	0.0171990171990172	0.0	0.02457002457002457	0.01474201474201474	0.02457002457002457	0.0	0.0171990171990172	0.0	0.0	0.0	0.0	0.0	0.0	0.0	0.0171990171990172	0.022113022113022116	0.0	0.02457002457002457	0.0	37
Streptococcus_equi_subsp._equi	1.0	0	0	0	0	0	0	0	0	0	0	0	0	0	0	0	0	1.0	0	0	0.06060606060606061	0.0	0.0	0.0	0.0	0.0	0.0	0.0	0.0	0.0	0.0	0.06060606060606061	0.06060606060606061	0.030303030303030304	0.0	0.06060606060606061	0.06060606060606061	0.030303030303030304	0.0	0.0	3
Streptococcus_equi_subsp._zooepidemicus	0.8333333333333334	1.0	0.8333333333333334	1.0	0.3	0.14285714285714285	0.1111111111111111	0	0	0.25	0	0	0	0	0	0.375	0.8333333333333334	0	0	0.8888888888888888	0.01948051948051948	0.00974025974025974	0.016233766233766232	0.03896103896103896	0.012987012987012988	0.006493506493506494	0.003246753246753247	0.00974025974025974	0.0	0.003246753246753247	0.012987012987012988	0.0	0.0	0.0	0.0	0.00974025974025974	0.016233766233766232	0.0	0.003246753246753247	0.029220779220779224	28
Streptococcus_equi_subsp._zooepidemicus_CY	0	1.0	0	0	0	0	0	0	0	0	0	0	0	0	0	0.5	0	0	0	0.7272727272727273	0.0	0.012987012987012988	0.0	0.0	0.0	0.012987012987012988	0.0	0.0	0.0	0.012987012987012988	0.0	0.0	0.0	0.0	0.0	0.01948051948051948	0.032467532467532464	0.0	0.01948051948051948	0.05194805194805195	14
Streptococcus_equi_subsp._zooepidemicus_MGCS10565	1.0	0	0	0	0	0	0	0	0	0	0	0	0	0	0	1.0	0	0	1.0	0	0.008264462809917356	0.0	0.0	0.0	0.0	0.0	0.0	0.0	0.0	0.008264462809917356	0.0	0.0	0.0743801652892562	0.0	0.0	0.0743801652892562	0.0	0.0	0.0743801652892562	0.0	11
Streptococcus_gallolyticus	0.5714285714285714	0.6666666666666666	0.7142857142857143	0.25	0.5714285714285714	0	0	0	0	0	0.3333333333333333	0.25	0	0.5714285714285714	0.14285714285714285	0.2857142857142857	0.4	0	0.625	0.6666666666666666	0.016233766233766232	0.022727272727272728	0.022727272727272728	0.00974025974025974	0.01948051948051948	0.006493506493506494	0.003246753246753247	0.003246753246753247	0.003246753246753247	0.0	0.006493506493506494	0.006493506493506494	0.0	0.012987012987012988	0.006493506493506494	0.006493506493506494	0.006493506493506494	0.003246753246753247	0.016233766233766232	0.00974025974025974	28
Streptococcus_gallolyticus_UCN34	0.6206896551724138	0.6296296296296297	0.875	0.46153846153846156	0.3548387096774194	0.09523809523809523	0.4444444444444444	0.1111111111111111	0.1	0.04	0	0.041666666666666664	0.09090909090909091	0.11764705882352941	0	0.2857142857142857	0.15789473684210525	0.21739130434782608	0.5263157894736842	0.9705882352941176	0.016363636363636365	0.016363636363636365	0.013636363636363636	0.010909090909090908	0.013636363636363636	0.0018181818181818182	0.013636363636363636	0.0036363636363636364	0.005454545454545454	9.090909090909091E-4	0.0018181818181818182	0.002727272727272727	0.0018181818181818182	0.0018181818181818182	9.090909090909091E-4	0.0036363636363636364	0.0036363636363636364	0.004545454545454545	0.010909090909090908	0.03	100
Streptococcus_gordonii	0	0	1.0	0	0.4	1.0	0	0	0	0.5	0.5	0	1.0	0	0	0	0	0	0	0.5	0.0	0.0	0.01818181818181818	0.0	0.03636363636363636	0.03636363636363636	0.03636363636363636	0.0	0.0	0.01818181818181818	0.05454545454545454	0.0	0.01818181818181818	0.01818181818181818	0.0	0.0	0.0	0.01818181818181818	0.01818181818181818	0.01818181818181818	5
Streptococcus_gordonii_str._Challis_substr._CH1	0	0	0	0	0	0	0	0	0	0	0	0	0	0	0	0	0	0	0	0	0	0	0	0	0	0	0	0	0	0	0	0	0	0	0	0	0	0	0	0	0
Streptococcus_intermedius	0	0.2	0	0	0	0	0	0	0	0	0	0	0	0	0	0.5	0	0	1.0	1.0	0.0	0.015151515151515152	0.0	0.0	0.0	0.0	0.06060606060606061	0.0	0.0	0.030303030303030304	0.0	0.0	0.0	0.0	0.0	0.015151515151515152	0.0	0.0	0.030303030303030304	0.04545454545454545	6
Streptococcus_intermedius_B196	0	0	0	0	0	0	0	0	0	0	0	0	0	0	0	0	0	0.6666666666666666	0	1.0	0.0	0.0	0.0	0.0	0.0	0.022727272727272728	0.0	0.0	0.0	0.0	0.0	0.0	0.0	0.0	0.0	0.0	0.0	0.045454545454545456	0.0	0.022727272727272728	4
Streptococcus_lutetiensis	0	0	0	0	0	0	0	0	0	0	0	0	0	0	0	0	0	0	0	0	0	0	0	0	0	0	0	0	0	0	0	0	0	0	0	0	0	0	0	0	0
Streptococcus_milleri	0	0	1.0	1.0	0	1.0	0	0	0	1.0	0	0	0	0	0	0	0	0	1.0	0	0.0	0.0	0.045454545454545456	0.045454545454545456	0.0	0.045454545454545456	0.0	0.0	0.0	0.045454545454545456	0.0	0.0	0.0	0.0	0.0	0.0	0.0	0.045454545454545456	0.045454545454545456	0.0	2
Streptococcus_mitis	0	0	0	0	1.0	0	0	0	1.0	0	0	0	0	0	0	0	0	0	1.0	0.5	0.0	0.0	0.0	0.0	0.030303030303030304	0.0	0.0	0.0	0.06060606060606061	0.030303030303030304	0.0	0.0	0.030303030303030304	0.0	0.0	0.06060606060606061	0.0	0.0	0.030303030303030304	0.030303030303030304	3
Streptococcus_mitis_B6	0	0	0	0	0	0	0	0	0	0	0	0	0	0	0	0	0	0.5	0	0	0.0	0.0	0.0	0.0	0.09090909090909091	0.0	0.0	0.0	0.0	0.0	0.0	0.045454545454545456	0.0	0.0	0.0	0.0	0.0	0.045454545454545456	0.0	0.045454545454545456	2
Streptococcus_mutans	0.5	0	0.5714285714285714	0.16666666666666666	0	0.16666666666666666	0.1111111111111111	0	0	0	0	0	0	0	0	0.3333333333333333	0.6666666666666666	0.5	0.4	0.6	0.005050505050505051	0.0	0.020202020202020204	0.005050505050505051	0.0	0.005050505050505051	0.005050505050505051	0.0	0.0	0.005050505050505051	0.0	0.005050505050505051	0.0	0.005050505050505051	0.0	0.010101010101010102	0.0303030303030303	0.01515151515151515	0.020202020202020204	0.01515151515151515	18
Streptococcus_mutans_UA159	0.7241379310344828	0.7368421052631579	0.4782608695652174	0.4074074074074074	0.36	0.1388888888888889	0	0	0.16666666666666666	0.07407407407407407	0	0	0.15384615384615385	0	0.3333333333333333	0.7	0.2857142857142857	0.26666666666666666	0.6923076923076923	0.6486486486486487	0.02147458840372226	0.020758768790264854	0.015748031496062992	0.015032211882605584	0.010021474588403722	0.0071581961345740875	0.008589835361488904	0.0	0.002863278453829635	0.0014316392269148174	0.002863278453829635	0.0	0.00572655690765927	0.00572655690765927	0.006442376521116679	0.02290622763063708	0.009305654974946315	0.010021474588403722	0.006442376521116679	0.022190408017179673	127
Streptococcus_oralis	0.75	0	0.2	0.16666666666666666	0.8	0	0	0	0	0.2	1.0	0	0	0	0	0	0	0	0	1.0	0.0303030303030303	0.04040404040404041	0.010101010101010102	0.010101010101010102	0.04040404040404041	0.010101010101010102	0.04040404040404041	0.0	0.0	0.020202020202020204	0.010101010101010102	0.0	0.010101010101010102	0.0	0.0	0.0	0.010101010101010102	0.0	0.0	0.010101010101010102	9
Streptococcus_oralis_Uo5	0	0	0	0	0	0	0	0	0	0	0	0	0	0	0	0	0	0	0	0	0.0	0.0	0.0	0.09090909090909091	0.0	0.0	0.09090909090909091	0.09090909090909091	0.0	0.0	0.0	0.0	0.09090909090909091	0.0	0.0	0.0	0.0	0.0	0.0	0.0	1
Streptococcus_oralis_subsp._tigurinus	0	0	0	0	0	0	0	0	0	0	0	0	0	0	0	0	0.5	0	0	0	0.0	0.0	0.0	0.0	0.0	0.0	0.0	0.0	0.0	0.0	0.0	0.0	0.0	0.0	0.0	0.0	0.045454545454545456	0.0	0.0	0.0	2
Streptococcus_parauberis	0	0	0	0	0	0	0	0	0	0	0	0	0	0	0	0	0	0	0	0	0	0	0	0	0	0	0	0	0	0	0	0	0	0	0	0	0	0	0	0	0
Streptococcus_parauberis_NCFD_2020	0	1.0	0	1.0	1.0	0	0	1.0	0	0	0	0	1.0	0	0	0	0	0	0	0	0.0	0.045454545454545456	0.045454545454545456	0.045454545454545456	0.045454545454545456	0.0	0.0	0.045454545454545456	0.0	0.045454545454545456	0.0	0.0	0.045454545454545456	0.0	0.0	0.0	0.0	0.0	0.0	0.0	2
Streptococcus_pneumoniae	1.0	0	0	0.9090909090909091	0	0	0	1.0	0	0	0	0	0	0	0	0	0	0	1.0	1.0	0.039525691699604744	0.003952569169960474	0.0	0.039525691699604744	0.0	0.0	0.0	0.04743083003952569	0.0	0.0	0.0	0.003952569169960474	0.0	0.0	0.0	0.0	0.0	0.043478260869565216	0.007905138339920948	0.039525691699604744	23
Streptococcus_pneumoniae_70585	0	0	0	0	0	0	0	0	0	0	0	0	0	0	0	0	0	0	0	0	0	0	0	0	0	0	0	0	0	0	0	0	0	0	0	0	0	0	0	0	0
Streptococcus_pneumoniae_INV200	0	0	0	0	0	0	0	0	0	0	0	0	0	0	0	0	0	0	0	0	0	0	0	0	0	0	0	0	0	0	0	0	0	0	0	0	0	0	0	0	0
Streptococcus_pneumoniae_SPNA45	0	0	1.0	0	0	0	0	0	0	0	0	0	0	0	0	0	0	0	0	0	0.0	0.0	0.09090909090909091	0.0	0.0	0.0	0.0	0.0	0.09090909090909091	0.0	0.045454545454545456	0.045454545454545456	0.0	0.0	0.0	0.0	0.0	0.0	0.0	0.0	2
Streptococcus_pneumoniae_TIGR4	0	0	0	0	0	0	0	0	0	0	0	0	0	0	0	0	0	0	0	0	0	0	0	0	0	0	0	0	0	0	0	0	0	0	0	0	0	0	0	0	0
Streptococcus_pyogenes	1.0	0	0	0.5	0	0	0	0.3333333333333333	0	0	0.3333333333333333	0	0	0	0	0.3333333333333333	0	0	0	0.6666666666666666	0.030303030303030304	0.0	0.0	0.015151515151515152	0.0	0.0	0.015151515151515152	0.030303030303030304	0.0	0.0	0.030303030303030304	0.0	0.0	0.015151515151515152	0.0	0.015151515151515152	0.0	0.0	0.0	0.030303030303030304	6
Streptococcus_pyogenes_MGAS10750	0	0	0	0	0	0	0	0	0	0	0	0	0	0	0	0	0	0	0	0	0	0	0	0	0	0	0	0	0	0	0	0	0	0	0	0	0	0	0	0	0
Streptococcus_salivarius	1.0	1.0	0	0	0	0	1.0	0	0	0	0	0	0	0	0	0	0.5	0	0	0	0.09090909090909091	0.045454545454545456	0.0	0.0	0.0	0.0	0.09090909090909091	0.0	0.0	0.0	0.0	0.045454545454545456	0.0	0.0	0.0	0.0	0.045454545454545456	0.0	0.045454545454545456	0.0	2
Streptococcus_salivarius_57.I	0	0	0	1.0	0	0	0	0	1.0	0	0	1.0	0	0	0	0	0	0	0	0	0.0	0.0	0.0	0.09090909090909091	0.0	0.0	0.0	0.0	0.09090909090909091	0.0	0.0	0.045454545454545456	0.045454545454545456	0.0	0.0	0.0	0.0	0.0	0.0	0.0	2
Streptococcus_salivarius_JIM8777	0	0	0	0	0	0	0	0	0	0	0	0	0	0	0	0	0	0	0	0	0	0	0	0	0	0	0	0	0	0	0	0	0	0	0	0	0	0	0	0	0
Streptococcus_sanguinis	0	0	0	0	0	0	0	0	0	1.0	0	0	0	0	0	0	0	1.0	0.5	0	0.0	0.0	0.030303030303030304	0.0	0.030303030303030304	0.0	0.0	0.030303030303030304	0.0	0.030303030303030304	0.0	0.0	0.0	0.030303030303030304	0.0	0.0	0.0	0.030303030303030304	0.030303030303030304	0.0	3
Streptococcus_sanguinis_SK36	0	0	0	0	0	0	0	0	0	0	0	0	0	0	0	0	0	0	0	0	0.09090909090909091	0.0	0.0	0.0	0.0	0.0	0.0	0.0	0.0	0.09090909090909091	0.0	0.0	0.0	0.0	0.0	0.0	0.0	0.0	0.0	0.0	1
Streptococcus_sp._HSISM1	0	0	0	0	0	0	0	0	0	0	0	0	0	0	0	0	0	0	0	0	0	0	0	0	0	0	0	0	0	0	0	0	0	0	0	0	0	0	0	0	0
Streptococcus_suis	0.4	0.9333333333333333	0.7083333333333334	0.125	0.14285714285714285	0.48	0	0	0.13333333333333333	0.05	0	0.08108108108108109	0	0.125	0	0.0967741935483871	0.4666666666666667	0.782608695652174	0.32142857142857145	0.35714285714285715	0.0219435736677116	0.024033437826541274	0.018808777429467086	0.003134796238244514	0.014629049111807733	0.018808777429467086	0.017763845350052244	0.0	0.00522466039707419	0.009404388714733543	0.0020898641588296763	0.006269592476489028	0.0020898641588296763	0.003134796238244514	0.0041797283176593526	0.0073145245559038665	0.029258098223615466	0.034482758620689655	0.01044932079414838	0.018808777429467086	87
Streptococcus_suis_6407	0	0	0	0	0	0	0	0	0	0	0	0	0	0	0	0	0	0	0	0	0	0	0	0	0	0	0	0	0	0	0	0	0	0	0	0	0	0	0	0	0
Streptococcus_suis_D12	0	0	0	0	0	0	0	0	0	0	0	0	0	0	0	0	0	0	0	1.0	0.0	0.09090909090909091	0.0	0.0	0.0	0.0	0.0	0.09090909090909091	0.09090909090909091	0.0	0.07272727272727272	0.0	0.0	0.0	0.0	0.0	0.03636363636363636	0.0	0.0	0.09090909090909091	5
Streptococcus_suis_D9	0	0	0	1.0	0	0	0	0	0	0	0	0	0	0	0	0	0	0	0	1.0	0.06493506493506493	0.0	0.0	0.06493506493506493	0.0	0.0	0.06493506493506493	0.0	0.0	0.0	0.05844155844155845	0.0	0.025974025974025976	0.0	0.006493506493506494	0.0	0.0	0.0	0.0	0.032467532467532464	14
Streptococcus_suis_JS14	0	0	0	0	0	0	0	0	0	0	0	0	0	0	0	0	0	0	0	0	0	0	0	0	0	0	0	0	0	0	0	0	0	0	0	0	0	0	0	0	0
Streptococcus_suis_ST1	1.0	0	0	0	0	0	0	0	0	0	0	0	0	1.0	0	0	0	0	0	0	0.09090909090909091	0.0	0.0	0.0	0.0	0.0	0.0	0.0	0.0	0.0	0.0	0.0	0.0	0.045454545454545456	0.0	0.0	0.0	0.045454545454545456	0.0	0.0	2
Streptococcus_suis_T15	0	0	0	0	0	0	0	0	0	0	0	0	0	0	0	0	0	0	0	0	0	0	0	0	0	0	0	0	0	0	0	0	0	0	0	0	0	0	0	0	0
Streptococcus_suis_TL13	0	0	0	0	0	0	0	0	0	0	0	0	0	0	0	0	0	0	0	0	0	0	0	0	0	0	0	0	0	0	0	0	0	0	0	0	0	0	0	0	0
Streptococcus_suis_YB51	0	0	0	0	0	0	0	0	0	0	0	0	1.0	0	0	0	1.0	0	0	0	0.0	0.0	0.0	0.0	0.0	0.0	0.0	0.0	0.0	0.0	0.0	0.0	0.045454545454545456	0.0	0.0	0.0	0.09090909090909091	0.0	0.0	0.0	2
Streptococcus_thermophilus	0.7142857142857143	0	1.0	1.0	0.11764705882352941	0	0	0	0	0	0	0	0	0	0	1.0	0	0.9090909090909091	1.0	0	0.025252525252525252	0.0	0.01515151515151515	0.01515151515151515	0.010101010101010102	0.0	0.0	0.0	0.0	0.0	0.0	0.0	0.020202020202020204	0.0	0.0	0.050505050505050504	0.0	0.050505050505050504	0.050505050505050504	0.005050505050505051	18
Streptococcus_thermophilus_1F8CT	0	0	0	0	0	0	0	0	0	0	0	0	0	0	0	0	0	0	0	0	0	0	0	0	0	0	0	0	0	0	0	0	0	0	0	0	0	0	0	0	0
Streptococcus_thermophilus_ND03	0	0	0	0	0	0	0	0	0	0	0	0	0	0	0	1.0	0	0	0	0	0.0	0.0	0.0	0.0	0.09090909090909091	0.0	0.09090909090909091	0.0	0.0	0.0	0.0	0.045454545454545456	0.0	0.0	0.0	0.045454545454545456	0.0	0.0	0.0	0.0	2
Tannerella_forsythia	0.64	0.496	0.5217391304347826	0.30996309963099633	0.4036697247706422	0.18972332015810275	0.10970464135021098	0.12236286919831224	0.08239700374531835	0.1198501872659176	0.12878787878787878	0.15350877192982457	0.15867158671586715	0.192	0.1125	0.42402826855123676	0.37770897832817335	0.4432624113475177	0.5917602996254682	0.5588235294117647	0.023343904157857646	0.014799154334038056	0.015944326990838618	0.010923185341789994	0.011451726568005638	0.008280479210711768	0.007575757575757576	0.005285412262156448	0.005461592670894997	0.006871035940803382	0.0046687808315715295	0.006166314305849189	0.007311486962649754	0.006871035940803382	0.006959126145172656	0.014006342494714588	0.014534883720930232	0.015591966173361522	0.018763213530655392	0.018410852713178296	1032
Tannerella_forsythia_92A2	0.6630434782608695	0.48	0.4358974358974359	0.37209302325581395	0.4444444444444444	0.24242424242424243	0.14285714285714285	0.1794871794871795	0.0945945945945946	0.15384615384615385	0.12903225806451613	0.208955223880597	0.20253164556962025	0.16666666666666666	0.1917808219178082	0.39705882352941174	0.42857142857142855	0.5903614457831325	0.47692307692307695	0.5301204819277109	0.022344658708295072	0.015304560759106215	0.013774104683195593	0.013774104683195593	0.016222834404652588	0.008876645240281604	0.00642791551882461	0.009182736455463728	0.004897459442913988	0.007958371594735232	0.006734006734006734	0.008264462809917356	0.009182736455463728	0.007958371594735232	0.008264462809917356	0.01285583103764922	0.014692378328741963	0.01775329048056321	0.013774104683195593	0.018059381695745332	297
Tannerella_forsythia_KS16	0.5348837209302325	0.5384615384615384	0.43037974683544306	0.3625	0.2682926829268293	0.18461538461538463	0.10126582278481013	0.15942028985507245	0.09836065573770492	0.1267605633802817	0.09210526315789473	0.1791044776119403	0.1643835616438356	0.058823529411764705	0.3	0.36486486486486486	0.36363636363636365	0.4864864864864865	0.5714285714285714	0.6153846153846154	0.018512396694214877	0.01652892561983471	0.015206611570247934	0.014214876033057851	0.010247933884297521	0.009256198347107438	0.004628099173553719	0.00859504132231405	0.005619834710743801	0.008264462809917356	0.007933884297520661	0.00859504132231405	0.009256198347107438	0.005950413223140496	0.009586776859504131	0.013223140495867768	0.01487603305785124	0.014214876033057851	0.023801652892561986	0.02181818181818182	275
Treponema	0	1.0	0	1.0	0	0	1.0	0	0	0	0	0	0	0	0	0	0	0.5	0.09090909090909091	0	0.0	0.006993006993006993	0.0	0.06993006993006992	0.006993006993006993	0.0	0.006993006993006993	0.006993006993006993	0.0	0.0	0.006993006993006993	0.0	0.0	0.006993006993006993	0.0	0.0	0.06993006993006992	0.006993006993006993	0.006993006993006993	0.0	13
Treponema_azotonutricium_ZAS-9	1.0	0	0	0	0	0	0	0	0	0	0	0	0	0	0	0	0	0	0	0	0.09090909090909091	0.0	0.0	0.09090909090909091	0.0	0.0	0.0	0.0	0.0	0.0	0.0	0.0	0.0	0.0	0.0	0.0	0.0	0.0	0.0	0.0	1
Treponema_brennaborense_DSM_12168	0	0	0	0	0	0	0	0	0	0	0	0	0	0	0	0	0	0	0	0	0.0	0.0	0.0	0.0	0.0	0.09090909090909091	0.0	0.0	0.0	0.0	0.0	0.0	0.0	0.0	0.0	0.0	0.09090909090909091	0.0	0.0	0.0	1
Treponema_caldarium_DSM_7334	0	0	0	0	0	0	0	0	0	0	0	0	0	0	0	0	0	0	0	0	0	0	0	0	0	0	0	0	0	0	0	0	0	0	0	0	0	0	0	0	0
Treponema_denticola	0	0	0	0	0	0	0	0	0	0	0	0	0	0	0	0	0	0	0	0	0	0	0	0	0	0	0	0	0	0	0	0	0	0	0	0	0	0	0	0	0
Treponema_denticola_AL-2	0	0	0	0	0	0	0	0	0	0	0	0	0	0	0	0	0	0	0	0	0	0	0	0	0	0	0	0	0	0	0	0	0	0	0	0	0	0	0	0	0
Treponema_denticola_ATCC_35405	0	0	0	0	0	0	0	0	0	0	0	0	0	0	0	0	0	0	0	0	0	0	0	0	0	0	0	0	0	0	0	0	0	0	0	0	0	0	0	0	0
Treponema_denticola_H-22	0	0	0	0	0	0	0	0	0	0	0	0	0	0	0	0	0	0	0	0	0	0	0	0	0	0	0	0	0	0	0	0	0	0	0	0	0	0	0	0	0
Treponema_denticola_H1-T	0	0	0	0	0	0	0	0	0	0	0	0	0	0	0	0	0	0	0	0	0.0	0.09090909090909091	0.0	0.0	0.0	0.09090909090909091	0.0	0.09090909090909091	0.0	0.0	0.0	0.0	0.0	0.0	0.0	0.0	0.0	0.0	0.0	0.0	1
Treponema_pallidum	0	0	0	0	0	0	0	0	0	0	0	0	0	0	0	0	0	0	0	0	0	0	0	0	0	0	0	0	0	0	0	0	0	0	0	0	0	0	0	0	0
Treponema_pallidum_subsp._pallidum	0	0	0	0	0	0	0	0	0	0	0	0	0	0	0	0	0	0	0	0	0	0	0	0	0	0	0	0	0	0	0	0	0	0	0	0	0	0	0	0	0
Treponema_pallidum_subsp._pertenue	0	0	0	0	0	0	0	0	0	0	0	0	0	0	0	0	0	0	0	0	0	0	0	0	0	0	0	0	0	0	0	0	0	0	0	0	0	0	0	0	0
Treponema_parvum	1.0	0	0	1.0	0	0	0	0	0	0	0	0	0	0	0	0	0	0	0	0	0.030303030303030304	0.0	0.0	0.06060606060606061	0.0	0.0	0.0	0.0	0.0	0.0	0.0	0.030303030303030304	0.030303030303030304	0.0	0.030303030303030304	0.030303030303030304	0.0	0.030303030303030304	0.0	0.0	3
Treponema_pedis	0.5925925925925926	0.47058823529411764	0.5	0.375	0.25	0.125	0.058823529411764705	0.07692307692307693	0	0.5714285714285714	0	0	0.13333333333333333	0.1111111111111111	0	0.42857142857142855	0.8	0.8333333333333334	0.3076923076923077	0.8181818181818182	0.025518341307814992	0.01594896331738437	0.011164274322169059	0.004784688995215311	0.003189792663476874	0.004784688995215311	0.001594896331738437	0.001594896331738437	0.003189792663476874	0.009569377990430622	0.003189792663476874	0.0	0.003189792663476874	0.003189792663476874	0.0	0.004784688995215311	0.012759170653907496	0.019138755980861243	0.009569377990430622	0.019138755980861243	57
Treponema_phagedenis	1.0	1.0	0	0	0	0	1.0	0	0	0	0	0	0	0	0	0	0	0	0	0	0.09090909090909091	0.09090909090909091	0.0	0.0	0.0	0.0	0.09090909090909091	0.0	0.0	0.0	0.0	0.0	0.0	0.0	0.045454545454545456	0.0	0.0	0.0	0.0	0.0	2
Treponema_primitia_ZAS-2	1.0	0	0	0	0	0	0	0	0	0	0	0	0	0	0	0	0	0	0	0	0.09090909090909091	0.0	0.0	0.0	0.0	0.0	0.0	0.09090909090909091	0.0	0.0	0.0	0.09090909090909091	0.0	0.0	0.0	0.0	0.0	0.0	0.0	0.0	1
Treponema_putidum	0	0	0	0	0	0	0	0	0	0	0	0	0	0	0	0	0	0	0	0	0	0	0	0	0	0	0	0	0	0	0	0	0	0	0	0	0	0	0	0	0
Treponema_ruminis	0	0	0	0	0	0	0	0	0	0	0	0	0	0	0	0	0	0	0	0	0.0	0.0	0.0	0.0	0.0	0.0	0.0	0.0	0.0	0.0	0.0	0.0	0.0	0.0	0.0	0.0	0.0	0.0	0.0	0.0	1
Treponema_socranskii_subsp._buccale	1.0	0	0	0	0	0	0	0	0	0	0	0	0	0	0	0	0	0	0	0	0.09090909090909091	0.0	0.0	0.0	0.0	0.0	0.0	0.0	0.0	0.0	0.0	0.0	0.0	0.09090909090909091	0.0	0.0	0.0	0.0	0.0	0.0	1
Treponema_sp._OMZ_838	0	1.0	0	1.0	0	0	0.5	0	0	0	0	0	0	0	0	0	0	1.0	0	0	0.0	0.045454545454545456	0.0	0.045454545454545456	0.0	0.0	0.045454545454545456	0.0	0.0	0.0	0.0	0.0	0.0	0.0	0.0	0.0	0.045454545454545456	0.045454545454545456	0.0	0.0	2
Treponema_succinifaciens_DSM_2489	0	0	0	0	1.0	0	0	0	0	0	0	0	0	0	0	0	0	0	0	0	0.0	0.0	0.0	0.0	0.09090909090909091	0.09090909090909091	0.0	0.0	0.0	0.0	0.0	0.0	0.0	0.0	0.0	0.0	0.0	0.0	0.0	0.0	1
Treponema_vincentii	0	0	0	0	0	0	0	0	0	0	0	0	0	0	0	0	0	1.0	0	0	0.0	0.0	0.0	0.0	0.045454545454545456	0.0	0.0	0.0	0.0	0.0	0.0	0.0	0.0	0.0	0.0	0.0	0.0	0.045454545454545456	0.0	0.0	2
Veillonella_parvula	0	0	0	0	0	0	0	0	0	0	0	0	0	0	0	0	0	0	0	0	0	0	0	0	0	0	0	0	0	0	0	0	0	0	0	0	0	0	0	0	0
Veillonella_parvula_HSIVP1	1.0	0	0	0	0	0	0	0	0	0	0	0	0	0	1.0	0	0	0	0	1.0	0.09090909090909091	0.0	0.0	0.0	0.09090909090909091	0.0	0.0	0.0	0.0	0.0	0.0	0.0	0.0	0.0	0.09090909090909091	0.0	0.0	0.0	0.0	0.09090909090909091	1
Vesicular_stomatitis_Indiana_virus	0	0	0	0	0	0	0	0	0	0	0	0	0	0	0	0	0	0	0	0	0	0	0	0	0	0	0	0	0	0	0	0	0	0	0	0	0	0	0	0	0
Vibrio_anguillarum	0	0	0	0	0	0	0	0	0	0	0	0	0	0	0	0	0	0	0	0	0	0	0	0	0	0	0	0	0	0	0	0	0	0	0	0	0	0	0	0	0
Vibrio_anguillarum_775	0	0	0	0	0	0	0	0	0	0	0	0	0	0	0	0	0	0	0	0	0	0	0	0	0	0	0	0	0	0	0	0	0	0	0	0	0	0	0	0	0
Vibrio_cholerae	0	0	0	0	0	0	0	0	0	0	0	0	0	0	0	0	0	0	0	0	0	0	0	0	0	0	0	0	0	0	0	0	0	0	0	0	0	0	0	0	0
Vibrio_furnissii	0	0	0	0	0	0	0	0	0	0	0	0	0	0	0	0	0	0	0	0	0.0	0.0	0.0	0.0	0.0	0.0	0.0	0.0	0.0	0.0	0.0	0.0	0.0	0.0	0.0	0.0	0.0	0.0	0.0	0.0	1
Vibrio_furnissii_NCTC_11218	0	0	0	1.0	0	0	1.0	0	0	0	0	0	0	0	0	0	0	0	0	0	0.0	0.0	0.0	0.09090909090909091	0.0	0.0	0.09090909090909091	0.0	0.0	0.0	0.0	0.0	0.0	0.0	0.022727272727272728	0.0	0.0	0.09090909090909091	0.0	0.0	4
Vibrio_parahaemolyticus	0	0	0	0	0	0	0	0	0	0	0	0	0	0	0	0	0	0	0	0	0	0	0	0	0	0	0	0	0	0	0	0	0	0	0	0	0	0	0	0	0
Vibrio_splendidus	0	0	0	0	0	0	0	0	0	0	0	0	0	0	0	0	0	0	0	0	0	0	0	0	0	0	0	0	0	0	0	0	0	0	0	0	0	0	0	0	0
Vibrio_vulnificus	0	0	0	0	0	0	0	0	0	0	0	0	0	0	0	0	0	0	0	0	0	0	0	0	0	0	0	0	0	0	0	0	0	0	0	0	0	0	0	0	0
Vibrio_vulnificus_CMCP6	0	0	0	0	0	0	0	0	0	0	0	0	0	0	0	0	0	0	0	0	0	0	0	0	0	0	0	0	0	0	0	0	0	0	0	0	0	0	0	0	0
Vibrio_vulnificus_VVyb1(BT3)	0	0	0	0	0	0	0	0	0	0	0	0	0	0	0	0	0	0	0	0	0.0	0.0	0.0	0.0	0.0	0.0	0.0	0.0	0.0	0.0	0.0	0.0	0.09090909090909091	0.0	0.0	0.09090909090909091	0.0	0.0	0.0	0.0	1
Yersinia_aldovae	0	0	0	0	0	0	0	0	0	0	0	0	0	0	0	0	0	0	0	0	0	0	0	0	0	0	0	0	0	0	0	0	0	0	0	0	0	0	0	0	0
Yersinia_aldovae_670-83	0	0	0	0	0	0	0	0	0	0	0	0	0	0	0	0	0	0	0	0	0	0	0	0	0	0	0	0	0	0	0	0	0	0	0	0	0	0	0	0	0
Yersinia_aleksiciae	0	0	0	0	0	0	0	0	0	0	0	0	0	0	0	0	0	0	0	0	0	0	0	0	0	0	0	0	0	0	0	0	0	0	0	0	0	0	0	0	0
Yersinia_enterocolitica	0	0	0	0	0	0	0	0	1.0	0	0	0	0	0	0	0	0.9090909090909091	0	0	0	0.0	0.0	0.0	0.0	0.008264462809917356	0.0	0.0	0.0	0.008264462809917356	0.0	0.0	0.0	0.08264462809917356	0.0	0.0	0.0	0.08264462809917356	0.0	0.08264462809917356	0.0	11
Yersinia_enterocolitica_(type_O:5)_str._YE53/03	0	0	0	0	0	0	0	0	0	0	0	0	0	0	0	0	0	0	0	0	0	0	0	0	0	0	0	0	0	0	0	0	0	0	0	0	0	0	0	0	0
Yersinia_enterocolitica_LC20	0	0	1.0	0	0	0	0	0	0	0	0	0	0	0	0	0	0	0	0	0	0.0	0.0	0.09090909090909091	0.0	0.0	0.09090909090909091	0.0	0.0	0.0	0.0	0.0	0.0	0.0	0.0	0.0	0.0	0.0	0.0	0.0	0.0	1
Yersinia_enterocolitica_subsp._palearctica	0	0	0	0	0	0	0	0	0	0	0	0	0	0	0	0	0	0	0	0	0	0	0	0	0	0	0	0	0	0	0	0	0	0	0	0	0	0	0	0	0
Yersinia_enterocolitica_subsp._palearctica_105.5R(r)	0	0	0	0	0	0	0	0	0	0	0	0	0	0	0	0	0	0	1.0	0	0.09090909090909091	0.0	0.0	0.0	0.0	0.0	0.0	0.0	0.0	0.0	0.0	0.0	0.0	0.0	0.0	0.0	0.0	0.0	0.07792207792207792	0.0	7
Yersinia_intermedia	0	0	0	0	0	0	0	0	0	0	0	0	0	0	0	0	0	0	0	0	0	0	0	0	0	0	0	0	0	0	0	0	0	0	0	0	0	0	0	0	0
Yersinia_pestis	0	0	0	0	0	0	0	0	0	0	0	0	0	0	0	0	0	0	0	0	0	0	0	0	0	0	0	0	0	0	0	0	0	0	0	0	0	0	0	0	0
Yersinia_pestis_CO92	0	0	0	0	0	0	0	0	0	0	0	0	0	0	0	0	0	0	0	0	0	0	0	0	0	0	0	0	0	0	0	0	0	0	0	0	0	0	0	0	0
Yersinia_pseudotuberculosis	0	0	0	0	0	0	0	0	0	0	0	0	0	0	0	0	0	0	0	0	0	0	0	0	0	0	0	0	0	0	0	0	0	0	0	0	0	0	0	0	0
Yersinia_pseudotuberculosis_complex	0	0	0	0	0	0	0	0	0	0	0	0	0	0	0	0	0	0	0	0	0	0	0	0	0	0	0	0	0	0	0	0	0	0	0	0	0	0	0	0	0
Yersinia_rohdei	1.0	0	1.0	1.0	0	0	0	0	0	1.0	0	0	0	0	0	0	0	0	0	0	0.09090909090909091	0.0	0.045454545454545456	0.045454545454545456	0.0	0.0	0.0	0.0	0.0	0.045454545454545456	0.0	0.0	0.045454545454545456	0.0	0.0	0.0	0.0	0.0	0.0	0.0	2
Yersinia_ruckeri	0	0	0	0	0	0	0	0	0	0	0	0	0	0	0	0	0	0	0	0	0	0	0	0	0	0	0	0	0	0	0	0	0	0	0	0	0	0	0	0	0
