# table produced by calculations.DamageProfiler
# using mapped file Pool-3-038-AZP-223_S42_rmdup.bam
# Sample ID: Pool-3-038-AZP-223_S42_rmdup.bam
Chr	End	Std	Pos	A	C	G	T	Total	G>A	C>T	A>G	T>C	A>C	A>T	C>G	C>A	T>G	T>A	G>C	G>T	A>-	T>-	C>-	G>-	->A	->T	->C	->G	S
fwd	3p	+	1	784.0	701.0	734.0	694.0	2913.0	29.0	72.0	16.0	40.0	14.0	18.0	14.0	9.0	14.0	11.0	5.0	3.0	0.0	0.0	0.0	0.0	0.0	0.0	0.0	0.0	0.0
fwd	3p	+	2	782.0	678.0	783.0	670.0	2913.0	7.0	55.0	16.0	31.0	10.0	10.0	4.0	9.0	9.0	7.0	17.0	2.0	0.0	0.0	0.0	0.0	0.0	0.0	0.0	0.0	0.0
fwd	3p	+	3	711.0	684.0	832.0	686.0	2913.0	19.0	40.0	21.0	40.0	2.0	14.0	11.0	7.0	10.0	2.0	8.0	0.0	0.0	0.0	0.0	0.0	0.0	0.0	0.0	0.0	0.0
fwd	3p	+	4	751.0	704.0	770.0	688.0	2913.0	11.0	24.0	15.0	31.0	4.0	14.0	15.0	4.0	9.0	9.0	13.0	5.0	0.0	0.0	0.0	0.0	0.0	0.0	0.0	0.0	0.0
fwd	3p	+	5	745.0	654.0	805.0	709.0	2913.0	20.0	21.0	19.0	28.0	2.0	10.0	6.0	5.0	8.0	8.0	5.0	1.0	0.0	0.0	0.0	0.0	0.0	0.0	0.0	0.0	0.0
fwd	3p	+	6	778.0	678.0	782.0	673.0	2911.0	14.0	21.0	13.0	22.0	6.0	24.0	4.0	8.0	3.0	8.0	5.0	3.0	0.0	0.0	0.0	0.0	0.0	0.0	0.0	1.0	0.0
fwd	3p	+	7	725.0	682.0	796.0	707.0	2910.0	14.0	31.0	13.0	20.0	7.0	11.0	6.0	7.0	9.0	6.0	4.0	1.0	0.0	0.0	0.0	0.0	0.0	0.0	0.0	0.0	0.0
fwd	3p	+	8	746.0	668.0	811.0	685.0	2910.0	14.0	25.0	7.0	15.0	0.0	8.0	2.0	3.0	9.0	3.0	2.0	2.0	0.0	0.0	0.0	0.0	1.0	0.0	0.0	2.0	0.0
fwd	3p	+	9	740.0	679.0	832.0	661.0	2912.0	10.0	31.0	7.0	36.0	2.0	12.0	3.0	2.0	7.0	6.0	5.0	1.0	0.0	0.0	0.0	0.0	1.0	0.0	0.0	0.0	0.0
fwd	3p	+	10	790.0	716.0	752.0	652.0	2910.0	8.0	33.0	15.0	23.0	1.0	7.0	9.0	4.0	5.0	8.0	2.0	1.0	0.0	0.0	0.0	0.0	1.0	0.0	0.0	0.0	0.0
fwd	3p	+	11	777.0	711.0	788.0	635.0	2911.0	9.0	26.0	8.0	23.0	7.0	9.0	1.0	4.0	4.0	8.0	4.0	0.0	0.0	0.0	0.0	0.0	2.0	0.0	0.0	0.0	0.0
fwd	3p	+	12	725.0	700.0	820.0	665.0	2910.0	14.0	23.0	5.0	26.0	5.0	13.0	3.0	4.0	4.0	4.0	3.0	1.0	0.0	0.0	0.0	0.0	2.0	0.0	0.0	0.0	0.0
fwd	3p	+	13	796.0	685.0	761.0	671.0	2913.0	18.0	13.0	14.0	16.0	0.0	11.0	6.0	8.0	9.0	6.0	7.0	1.0	0.0	0.0	0.0	0.0	0.0	0.0	0.0	0.0	0.0
fwd	3p	+	14	796.0	686.0	796.0	635.0	2913.0	14.0	27.0	9.0	12.0	5.0	9.0	2.0	1.0	12.0	4.0	4.0	1.0	0.0	0.0	0.0	0.0	0.0	0.0	0.0	0.0	0.0
fwd	3p	+	15	754.0	702.0	783.0	673.0	2912.0	10.0	22.0	8.0	17.0	2.0	9.0	6.0	6.0	7.0	3.0	5.0	0.0	0.0	0.0	0.0	0.0	1.0	0.0	0.0	0.0	0.0
fwd	3p	+	16	704.0	692.0	821.0	696.0	2913.0	16.0	17.0	12.0	8.0	1.0	15.0	4.0	7.0	5.0	4.0	4.0	0.0	0.0	0.0	0.0	0.0	0.0	0.0	0.0	0.0	0.0
fwd	3p	+	17	731.0	707.0	840.0	633.0	2911.0	13.0	15.0	7.0	15.0	2.0	5.0	1.0	7.0	5.0	8.0	1.0	1.0	0.0	0.0	0.0	0.0	1.0	0.0	1.0	0.0	0.0
fwd	3p	+	18	755.0	676.0	831.0	651.0	2913.0	5.0	12.0	12.0	13.0	1.0	8.0	6.0	6.0	3.0	6.0	2.0	2.0	0.0	0.0	0.0	0.0	0.0	0.0	0.0	0.0	0.0
fwd	3p	+	19	761.0	652.0	844.0	656.0	2913.0	12.0	15.0	11.0	12.0	2.0	3.0	6.0	7.0	6.0	2.0	1.0	0.0	0.0	0.0	0.0	0.0	0.0	0.0	0.0	0.0	0.0
fwd	3p	+	20	745.0	713.0	845.0	610.0	2913.0	10.0	14.0	7.0	8.0	4.0	7.0	5.0	5.0	6.0	6.0	2.0	0.0	0.0	0.0	0.0	0.0	0.0	0.0	0.0	0.0	0.0
fwd	3p	+	21	805.0	635.0	841.0	632.0	2913.0	5.0	19.0	17.0	16.0	2.0	5.0	5.0	7.0	13.0	0.0	1.0	1.0	0.0	0.0	0.0	0.0	0.0	0.0	0.0	0.0	0.0
fwd	3p	+	22	763.0	714.0	773.0	660.0	2910.0	9.0	20.0	9.0	24.0	7.0	4.0	2.0	6.0	7.0	5.0	4.0	1.0	0.0	0.0	0.0	0.0	3.0	0.0	0.0	0.0	0.0
fwd	3p	+	23	716.0	691.0	846.0	660.0	2913.0	12.0	10.0	7.0	16.0	2.0	5.0	3.0	9.0	6.0	4.0	0.0	4.0	0.0	0.0	0.0	0.0	0.0	0.0	0.0	0.0	0.0
fwd	3p	+	24	775.0	647.0	838.0	651.0	2911.0	5.0	19.0	14.0	11.0	0.0	3.0	5.0	1.0	3.0	3.0	3.0	3.0	0.0	0.0	0.0	0.0	1.0	0.0	0.0	0.0	0.0
fwd	3p	+	25	807.0	641.0	780.0	681.0	2909.0	10.0	13.0	19.0	19.0	7.0	1.0	8.0	8.0	10.0	2.0	1.0	0.0	0.0	0.0	0.0	0.0	2.0	0.0	2.0	0.0	0.0
fwd	3p	+	26	722.0	687.0	823.0	679.0	2911.0	12.0	17.0	5.0	20.0	2.0	4.0	5.0	11.0	4.0	6.0	3.0	0.0	0.0	0.0	0.0	0.0	0.0	0.0	2.0	0.0	0.0
fwd	3p	+	27	735.0	658.0	831.0	687.0	2911.0	8.0	15.0	12.0	14.0	3.0	1.0	5.0	1.0	3.0	6.0	1.0	1.0	0.0	0.0	0.0	0.0	1.0	0.0	1.0	0.0	0.0
fwd	3p	+	28	762.0	679.0	797.0	673.0	2911.0	6.0	15.0	16.0	4.0	3.0	0.0	8.0	8.0	2.0	2.0	2.0	3.0	0.0	0.0	0.0	0.0	0.0	0.0	2.0	0.0	0.0
fwd	3p	+	29	734.0	645.0	843.0	691.0	2913.0	11.0	22.0	7.0	22.0	3.0	2.0	3.0	6.0	6.0	6.0	1.0	1.0	0.0	0.0	0.0	0.0	0.0	0.0	0.0	0.0	0.0
fwd	3p	+	30	775.0	667.0	814.0	657.0	2913.0	10.0	27.0	10.0	16.0	3.0	1.0	1.0	13.0	9.0	7.0	3.0	0.0	0.0	0.0	0.0	0.0	0.0	0.0	0.0	0.0	0.0
fwd	3p	+	31	729.0	652.0	807.0	693.0	2881.0	14.0	16.0	8.0	8.0	0.0	3.0	2.0	5.0	0.0	7.0	5.0	3.0	0.0	0.0	0.0	0.0	0.0	0.0	1.0	0.0	0.0
fwd	3p	+	32	742.0	675.0	797.0	640.0	2854.0	5.0	21.0	8.0	20.0	4.0	0.0	6.0	7.0	4.0	4.0	7.0	5.0	0.0	0.0	0.0	0.0	0.0	0.0	0.0	0.0	0.0
fwd	3p	+	33	706.0	638.0	818.0	664.0	2826.0	17.0	17.0	15.0	13.0	1.0	3.0	6.0	5.0	7.0	7.0	3.0	3.0	0.0	0.0	0.0	0.0	0.0	0.0	1.0	0.0	0.0
fwd	3p	+	34	734.0	633.0	785.0	641.0	2793.0	14.0	12.0	15.0	13.0	1.0	1.0	1.0	4.0	5.0	1.0	1.0	1.0	0.0	0.0	0.0	0.0	0.0	0.0	0.0	0.0	0.0
fwd	3p	+	35	722.0	633.0	797.0	610.0	2762.0	9.0	14.0	14.0	19.0	2.0	3.0	4.0	1.0	1.0	4.0	6.0	2.0	0.0	0.0	0.0	0.0	1.0	0.0	2.0	0.0	0.0
fwd	3p	+	36	759.0	578.0	767.0	622.0	2726.0	8.0	15.0	18.0	9.0	2.0	3.0	2.0	3.0	10.0	3.0	0.0	1.0	0.0	0.0	0.0	0.0	0.0	0.0	0.0	0.0	0.0
fwd	3p	+	37	681.0	602.0	774.0	632.0	2689.0	18.0	18.0	11.0	13.0	2.0	3.0	2.0	3.0	1.0	0.0	0.0	5.0	0.0	0.0	0.0	0.0	1.0	0.0	0.0	0.0	0.0
fwd	3p	+	38	720.0	588.0	741.0	609.0	2658.0	10.0	11.0	14.0	9.0	0.0	3.0	0.0	6.0	2.0	3.0	5.0	2.0	0.0	0.0	0.0	0.0	1.0	0.0	0.0	0.0	0.0
fwd	3p	+	39	654.0	598.0	759.0	617.0	2628.0	12.0	9.0	12.0	7.0	1.0	2.0	1.0	4.0	0.0	3.0	3.0	3.0	0.0	0.0	0.0	0.0	0.0	0.0	0.0	0.0	0.0
fwd	3p	+	40	697.0	608.0	695.0	599.0	2599.0	11.0	20.0	8.0	18.0	0.0	0.0	0.0	5.0	5.0	7.0	3.0	2.0	0.0	0.0	0.0	0.0	1.0	0.0	1.0	0.0	0.0
fwd	3p	+	41	680.0	586.0	743.0	564.0	2573.0	9.0	11.0	23.0	10.0	0.0	2.0	6.0	2.0	1.0	6.0	4.0	0.0	0.0	0.0	0.0	0.0	0.0	0.0	1.0	0.0	0.0
fwd	3p	+	42	606.0	595.0	728.0	614.0	2543.0	16.0	17.0	7.0	19.0	1.0	3.0	1.0	4.0	6.0	13.0	0.0	0.0	0.0	0.0	0.0	0.0	0.0	0.0	0.0	0.0	0.0
fwd	3p	+	43	650.0	577.0	716.0	553.0	2496.0	14.0	16.0	5.0	9.0	1.0	1.0	5.0	3.0	3.0	5.0	0.0	5.0	0.0	0.0	0.0	0.0	0.0	0.0	0.0	0.0	0.0
fwd	3p	+	44	632.0	557.0	715.0	560.0	2464.0	10.0	16.0	10.0	17.0	0.0	0.0	2.0	6.0	2.0	1.0	1.0	0.0	0.0	0.0	0.0	0.0	0.0	0.0	0.0	0.0	0.0
fwd	3p	+	45	624.0	562.0	670.0	578.0	2434.0	8.0	14.0	15.0	13.0	0.0	3.0	1.0	6.0	5.0	8.0	1.0	0.0	0.0	0.0	0.0	0.0	0.0	0.0	0.0	0.0	0.0
fwd	3p	+	46	651.0	525.0	655.0	570.0	2401.0	9.0	17.0	13.0	15.0	2.0	6.0	0.0	2.0	3.0	6.0	0.0	3.0	0.0	0.0	0.0	0.0	0.0	0.0	1.0	0.0	0.0
fwd	3p	+	47	608.0	570.0	636.0	550.0	2364.0	5.0	12.0	8.0	12.0	1.0	1.0	2.0	1.0	4.0	4.0	0.0	3.0	0.0	0.0	0.0	0.0	2.0	0.0	0.0	0.0	0.0
fwd	3p	+	48	625.0	504.0	671.0	528.0	2328.0	16.0	13.0	6.0	19.0	0.0	4.0	0.0	1.0	11.0	1.0	0.0	0.0	0.0	0.0	0.0	0.0	3.0	0.0	2.0	0.0	0.0
fwd	3p	+	49	548.0	566.0	685.0	501.0	2300.0	13.0	13.0	7.0	14.0	0.0	5.0	0.0	1.0	9.0	1.0	0.0	1.0	0.0	0.0	0.0	0.0	1.0	0.0	0.0	0.0	0.0
fwd	3p	+	50	592.0	528.0	657.0	494.0	2271.0	10.0	18.0	4.0	14.0	0.0	3.0	2.0	1.0	2.0	5.0	3.0	3.0	0.0	0.0	0.0	0.0	0.0	0.0	0.0	0.0	0.0
fwd	3p	+	51	554.0	534.0	663.0	498.0	2249.0	9.0	22.0	3.0	23.0	0.0	7.0	2.0	5.0	4.0	1.0	2.0	5.0	0.0	0.0	0.0	0.0	0.0	0.0	0.0	0.0	0.0
fwd	3p	+	52	543.0	516.0	641.0	516.0	2216.0	6.0	16.0	14.0	14.0	1.0	5.0	0.0	3.0	5.0	0.0	1.0	1.0	0.0	0.0	0.0	0.0	0.0	0.0	0.0	0.0	0.0
fwd	3p	+	53	548.0	521.0	596.0	530.0	2195.0	7.0	9.0	12.0	23.0	0.0	3.0	0.0	2.0	5.0	10.0	1.0	3.0	0.0	0.0	0.0	0.0	0.0	0.0	0.0	0.0	0.0
fwd	3p	+	54	582.0	487.0	627.0	480.0	2176.0	14.0	7.0	11.0	17.0	4.0	1.0	2.0	5.0	13.0	10.0	0.0	0.0	0.0	0.0	0.0	0.0	0.0	0.0	0.0	0.0	0.0
fwd	3p	+	55	545.0	490.0	624.0	493.0	2152.0	9.0	18.0	9.0	17.0	0.0	1.0	2.0	1.0	7.0	6.0	2.0	5.0	0.0	0.0	0.0	0.0	0.0	0.0	0.0	0.0	0.0
fwd	3p	+	56	542.0	465.0	641.0	475.0	2123.0	9.0	7.0	12.0	12.0	0.0	1.0	1.0	7.0	1.0	5.0	5.0	0.0	0.0	0.0	0.0	0.0	1.0	0.0	0.0	0.0	0.0
fwd	3p	+	57	533.0	482.0	630.0	449.0	2094.0	14.0	12.0	8.0	12.0	0.0	2.0	0.0	1.0	5.0	3.0	2.0	0.0	0.0	0.0	0.0	0.0	1.0	0.0	0.0	0.0	0.0
fwd	3p	+	58	532.0	477.0	594.0	475.0	2078.0	7.0	11.0	15.0	18.0	0.0	2.0	0.0	2.0	7.0	7.0	4.0	1.0	0.0	0.0	0.0	0.0	0.0	0.0	0.0	1.0	0.0
fwd	3p	+	59	524.0	458.0	638.0	434.0	2054.0	13.0	13.0	8.0	18.0	0.0	4.0	0.0	3.0	10.0	5.0	6.0	2.0	0.0	0.0	0.0	0.0	0.0	0.0	0.0	0.0	0.0
fwd	3p	+	60	530.0	414.0	607.0	456.0	2007.0	18.0	23.0	15.0	14.0	0.0	8.0	0.0	1.0	7.0	7.0	6.0	3.0	0.0	0.0	0.0	0.0	0.0	0.0	0.0	0.0	0.0
fwd	3p	+	61	183.0	173.0	210.0	188.0	754.0	0.0	10.0	4.0	7.0	0.0	1.0	0.0	1.0	1.0	2.0	1.0	2.0	0.0	0.0	0.0	0.0	0.0	0.0	0.0	0.0	0.0
fwd	3p	+	62	186.0	166.0	208.0	169.0	729.0	6.0	8.0	2.0	2.0	0.0	2.0	0.0	1.0	0.0	3.0	2.0	0.0	0.0	0.0	0.0	0.0	0.0	0.0	0.0	0.0	0.0
fwd	3p	+	63	217.0	151.0	206.0	130.0	704.0	5.0	6.0	5.0	2.0	0.0	0.0	0.0	0.0	0.0	0.0	0.0	1.0	0.0	0.0	0.0	0.0	0.0	0.0	0.0	0.0	0.0
fwd	3p	+	64	174.0	150.0	176.0	179.0	679.0	1.0	1.0	4.0	1.0	0.0	0.0	0.0	2.0	3.0	1.0	0.0	0.0	0.0	0.0	0.0	0.0	0.0	0.0	0.0	0.0	0.0
fwd	3p	+	65	182.0	147.0	161.0	168.0	658.0	3.0	4.0	5.0	8.0	0.0	0.0	1.0	4.0	2.0	3.0	0.0	2.0	0.0	0.0	0.0	0.0	0.0	0.0	0.0	0.0	0.0
fwd	3p	+	66	168.0	134.0	164.0	159.0	625.0	3.0	5.0	0.0	4.0	1.0	2.0	1.0	0.0	2.0	4.0	0.0	0.0	0.0	0.0	0.0	0.0	0.0	0.0	0.0	0.0	0.0
fwd	3p	+	67	168.0	137.0	170.0	125.0	600.0	2.0	7.0	3.0	2.0	0.0	2.0	0.0	3.0	1.0	0.0	0.0	0.0	0.0	0.0	0.0	0.0	0.0	0.0	0.0	0.0	0.0
fwd	3p	+	68	159.0	143.0	143.0	133.0	578.0	1.0	1.0	2.0	1.0	0.0	0.0	0.0	0.0	2.0	2.0	0.0	0.0	0.0	0.0	0.0	0.0	0.0	0.0	0.0	0.0	0.0
fwd	3p	+	69	155.0	143.0	127.0	131.0	556.0	1.0	3.0	1.0	5.0	0.0	0.0	0.0	1.0	5.0	0.0	0.0	0.0	0.0	0.0	0.0	0.0	0.0	0.0	0.0	0.0	0.0
fwd	3p	+	70	145.0	115.0	122.0	153.0	535.0	3.0	4.0	5.0	5.0	0.0	1.0	0.0	0.0	3.0	4.0	0.0	0.0	0.0	0.0	0.0	0.0	0.0	0.0	0.0	0.0	0.0
fwd	3p	+	71	133.0	124.0	128.0	120.0	505.0	4.0	1.0	3.0	2.0	0.0	0.0	2.0	0.0	2.0	1.0	0.0	0.0	0.0	0.0	0.0	0.0	0.0	0.0	0.0	0.0	0.0
fwd	3p	+	72	136.0	122.0	113.0	111.0	482.0	0.0	4.0	9.0	2.0	0.0	0.0	0.0	0.0	1.0	0.0	0.0	0.0	0.0	0.0	0.0	0.0	0.0	0.0	0.0	0.0	0.0
fwd	3p	+	73	123.0	119.0	115.0	101.0	458.0	0.0	7.0	0.0	4.0	1.0	1.0	1.0	1.0	0.0	0.0	0.0	1.0	0.0	0.0	0.0	0.0	0.0	0.0	0.0	0.0	0.0
fwd	3p	+	74	111.0	90.0	119.0	114.0	434.0	1.0	4.0	2.0	2.0	0.0	0.0	0.0	1.0	2.0	3.0	0.0	0.0	0.0	0.0	0.0	0.0	0.0	0.0	0.0	0.0	0.0
fwd	3p	+	75	122.0	84.0	89.0	115.0	410.0	0.0	3.0	4.0	2.0	0.0	0.0	0.0	0.0	1.0	1.0	1.0	1.0	0.0	0.0	0.0	0.0	0.0	0.0	2.0	0.0	0.0
fwd	3p	+	76	105.0	83.0	105.0	99.0	392.0	0.0	3.0	3.0	0.0	0.0	0.0	1.0	0.0	0.0	0.0	0.0	0.0	0.0	0.0	0.0	0.0	0.0	0.0	0.0	0.0	0.0
fwd	3p	+	77	114.0	85.0	95.0	79.0	373.0	1.0	1.0	1.0	2.0	1.0	0.0	1.0	3.0	1.0	1.0	0.0	0.0	0.0	0.0	0.0	0.0	0.0	0.0	0.0	0.0	0.0
fwd	3p	+	78	111.0	75.0	81.0	80.0	347.0	1.0	1.0	3.0	0.0	0.0	0.0	0.0	0.0	1.0	0.0	3.0	0.0	0.0	0.0	0.0	0.0	0.0	0.0	0.0	0.0	0.0
fwd	3p	+	79	91.0	74.0	81.0	82.0	328.0	4.0	4.0	1.0	5.0	0.0	0.0	0.0	0.0	0.0	0.0	0.0	0.0	0.0	0.0	0.0	0.0	0.0	0.0	0.0	0.0	0.0
fwd	3p	+	80	69.0	85.0	72.0	85.0	311.0	1.0	2.0	2.0	3.0	0.0	0.0	0.0	0.0	1.0	0.0	0.0	0.0	0.0	0.0	0.0	0.0	0.0	0.0	0.0	0.0	0.0
fwd	3p	+	81	84.0	56.0	64.0	90.0	294.0	0.0	4.0	2.0	7.0	0.0	0.0	0.0	0.0	1.0	3.0	0.0	0.0	0.0	0.0	0.0	0.0	0.0	0.0	0.0	0.0	0.0
fwd	3p	+	82	71.0	68.0	69.0	71.0	279.0	1.0	3.0	1.0	1.0	0.0	0.0	0.0	0.0	1.0	0.0	0.0	0.0	0.0	0.0	0.0	0.0	0.0	0.0	0.0	0.0	0.0
fwd	3p	+	83	64.0	63.0	70.0	73.0	270.0	3.0	2.0	0.0	0.0	0.0	0.0	1.0	0.0	1.0	0.0	1.0	0.0	0.0	0.0	0.0	0.0	0.0	0.0	0.0	0.0	0.0
fwd	3p	+	84	76.0	64.0	55.0	59.0	254.0	0.0	5.0	0.0	2.0	0.0	0.0	1.0	1.0	0.0	0.0	1.0	0.0	0.0	0.0	0.0	0.0	0.0	0.0	0.0	0.0	0.0
fwd	3p	+	85	68.0	49.0	69.0	55.0	241.0	2.0	6.0	1.0	1.0	0.0	0.0	0.0	0.0	0.0	0.0	0.0	0.0	0.0	0.0	0.0	0.0	0.0	0.0	0.0	0.0	0.0
fwd	3p	+	86	68.0	56.0	49.0	61.0	234.0	0.0	2.0	1.0	0.0	0.0	1.0	0.0	0.0	1.0	0.0	0.0	0.0	0.0	0.0	0.0	0.0	0.0	0.0	0.0	0.0	0.0
fwd	3p	+	87	59.0	51.0	53.0	57.0	220.0	0.0	2.0	1.0	1.0	0.0	0.0	0.0	0.0	0.0	1.0	0.0	0.0	0.0	0.0	0.0	0.0	0.0	0.0	0.0	0.0	0.0
fwd	3p	+	88	65.0	32.0	47.0	62.0	206.0	0.0	0.0	2.0	3.0	0.0	0.0	0.0	0.0	1.0	0.0	0.0	0.0	0.0	0.0	0.0	0.0	0.0	0.0	0.0	0.0	0.0
fwd	3p	+	89	46.0	36.0	54.0	58.0	194.0	1.0	5.0	1.0	1.0	0.0	0.0	0.0	0.0	0.0	0.0	0.0	0.0	0.0	0.0	0.0	0.0	0.0	0.0	0.0	0.0	0.0
fwd	3p	+	90	33.0	54.0	39.0	53.0	179.0	0.0	1.0	1.0	1.0	0.0	0.0	0.0	0.0	0.0	0.0	0.0	0.0	0.0	0.0	0.0	0.0	0.0	0.0	0.0	0.0	0.0
fwd	3p	+	91	38.0	49.0	38.0	45.0	170.0	2.0	0.0	0.0	1.0	0.0	0.0	2.0	0.0	0.0	0.0	0.0	0.0	0.0	0.0	0.0	0.0	0.0	0.0	0.0	0.0	0.0
fwd	3p	+	92	38.0	37.0	37.0	44.0	156.0	1.0	1.0	0.0	0.0	0.0	0.0	0.0	0.0	0.0	1.0	0.0	0.0	0.0	0.0	0.0	0.0	0.0	0.0	0.0	0.0	0.0
fwd	3p	+	93	38.0	35.0	43.0	33.0	149.0	0.0	1.0	1.0	1.0	0.0	0.0	0.0	0.0	0.0	0.0	1.0	0.0	0.0	0.0	0.0	0.0	0.0	0.0	0.0	0.0	0.0
fwd	3p	+	94	46.0	30.0	27.0	35.0	138.0	0.0	2.0	1.0	0.0	0.0	0.0	0.0	0.0	1.0	0.0	0.0	0.0	0.0	0.0	0.0	0.0	0.0	0.0	0.0	0.0	0.0
fwd	3p	+	95	40.0	22.0	28.0	39.0	129.0	0.0	0.0	1.0	1.0	0.0	0.0	0.0	0.0	0.0	0.0	0.0	0.0	0.0	0.0	0.0	0.0	0.0	0.0	0.0	0.0	0.0
fwd	3p	+	96	32.0	24.0	32.0	35.0	123.0	0.0	0.0	1.0	1.0	0.0	0.0	0.0	0.0	0.0	0.0	0.0	0.0	0.0	0.0	0.0	0.0	0.0	0.0	0.0	0.0	0.0
fwd	3p	+	97	31.0	25.0	24.0	35.0	115.0	0.0	2.0	0.0	1.0	0.0	0.0	0.0	0.0	0.0	0.0	0.0	0.0	0.0	0.0	0.0	0.0	0.0	0.0	0.0	0.0	0.0
fwd	3p	+	98	39.0	17.0	24.0	28.0	108.0	0.0	0.0	0.0	6.0	0.0	0.0	0.0	0.0	0.0	0.0	0.0	0.0	0.0	0.0	0.0	0.0	0.0	0.0	0.0	0.0	0.0
fwd	3p	+	99	21.0	18.0	35.0	29.0	103.0	0.0	1.0	0.0	0.0	0.0	0.0	0.0	0.0	0.0	1.0	0.0	0.0	0.0	0.0	0.0	0.0	0.0	0.0	0.0	0.0	0.0
fwd	3p	+	100	18.0	24.0	24.0	26.0	92.0	0.0	1.0	0.0	0.0	0.0	0.0	0.0	0.0	0.0	0.0	0.0	0.0	0.0	0.0	0.0	0.0	0.0	0.0	0.0	0.0	0.0
rev	3p	-	1	602.0	803.0	564.0	672.0	2641.0	17.0	49.0	19.0	31.0	12.0	22.0	14.0	7.0	2.0	15.0	6.0	5.00.0	0.0	0.0	0.0	0.0	0.0	0.0	0.0	0.0
rev	3p	-	2	594.0	849.0	567.0	631.0	2641.0	12.0	41.0	25.0	18.0	14.0	11.0	9.0	7.0	8.0	5.0	8.0	6.00.0	0.0	0.0	0.0	0.0	0.0	0.0	0.0	0.0
rev	3p	-	3	579.0	782.0	629.0	650.0	2640.0	8.0	25.0	27.0	14.0	9.0	8.0	5.0	7.0	1.0	5.0	9.0	2.00.0	0.0	0.0	0.0	0.0	0.0	1.0	0.0	0.0
rev	3p	-	4	589.0	796.0	575.0	679.0	2639.0	15.0	24.0	19.0	19.0	14.0	8.0	7.0	5.0	1.0	3.0	6.0	11.00.0	0.0	0.0	0.0	0.0	0.0	2.0	0.0	0.0
rev	3p	-	5	590.0	759.0	589.0	699.0	2637.0	13.0	15.0	28.0	17.0	6.0	9.0	8.0	5.0	0.0	8.0	5.0	14.00.0	0.0	0.0	0.0	0.0	0.0	1.0	1.0	0.0
rev	3p	-	6	609.0	826.0	581.0	624.0	2640.0	11.0	15.0	28.0	19.0	11.0	7.0	3.0	9.0	3.0	4.0	3.0	6.00.0	0.0	0.0	0.0	0.0	0.0	1.0	0.0	0.0
rev	3p	-	7	583.0	769.0	621.0	667.0	2640.0	8.0	20.0	32.0	18.0	8.0	15.0	9.0	10.0	3.0	7.0	2.0	4.00.0	0.0	0.0	0.0	0.0	0.0	0.0	0.0	0.0
rev	3p	-	8	603.0	725.0	609.0	704.0	2641.0	13.0	13.0	18.0	17.0	4.0	8.0	10.0	3.0	1.0	3.0	3.0	14.00.0	0.0	0.0	0.0	0.0	0.0	0.0	0.0	0.0
rev	3p	-	9	612.0	786.0	609.0	632.0	2639.0	15.0	17.0	28.0	19.0	17.0	5.0	5.0	0.0	1.0	4.0	2.0	11.00.0	0.0	0.0	0.0	0.0	0.0	0.0	1.0	0.0
rev	3p	-	10	595.0	760.0	598.0	686.0	2639.0	9.0	21.0	24.0	16.0	15.0	11.0	7.0	1.0	1.0	5.0	1.0	4.00.0	0.0	0.0	0.0	0.0	0.0	1.0	1.0	0.0
rev	3p	-	11	620.0	768.0	589.0	662.0	2639.0	11.0	22.0	19.0	12.0	15.0	9.0	4.0	2.0	2.0	7.0	2.0	3.00.0	0.0	0.0	0.0	0.0	0.0	0.0	2.0	0.0
rev	3p	-	12	601.0	734.0	628.0	678.0	2641.0	15.0	17.0	20.0	13.0	7.0	9.0	1.0	3.0	2.0	7.0	2.0	5.00.0	0.0	0.0	0.0	0.0	0.0	0.0	0.0	0.0
rev	3p	-	13	646.0	682.0	593.0	720.0	2641.0	8.0	12.0	28.0	18.0	8.0	11.0	2.0	2.0	0.0	4.0	1.0	15.00.0	0.0	0.0	0.0	0.0	0.0	0.0	0.0	0.0
rev	3p	-	14	605.0	758.0	620.0	656.0	2639.0	6.0	10.0	21.0	13.0	9.0	6.0	2.0	3.0	1.0	6.0	1.0	11.00.0	0.0	0.0	0.0	0.0	0.0	0.0	2.0	0.0
rev	3p	-	15	589.0	768.0	576.0	707.0	2640.0	12.0	18.0	17.0	16.0	2.0	3.0	1.0	3.0	1.0	4.0	3.0	5.00.0	0.0	0.0	0.0	0.0	0.0	0.0	0.0	0.0
rev	3p	-	16	587.0	762.0	612.0	679.0	2640.0	13.0	18.0	24.0	18.0	8.0	4.0	0.0	5.0	0.0	3.0	3.0	5.00.0	0.0	0.0	0.0	0.0	0.0	0.0	1.0	0.0
rev	3p	-	17	580.0	720.0	614.0	725.0	2639.0	9.0	13.0	19.0	22.0	4.0	5.0	2.0	1.0	0.0	4.0	1.0	2.00.0	0.0	0.0	0.0	1.0	0.0	0.0	1.0	0.0
rev	3p	-	18	603.0	745.0	596.0	694.0	2638.0	15.0	16.0	23.0	14.0	3.0	4.0	2.0	2.0	2.0	5.0	2.0	3.00.0	0.0	0.0	0.0	0.0	0.0	0.0	0.0	0.0
rev	3p	-	19	603.0	712.0	608.0	718.0	2641.0	14.0	10.0	18.0	19.0	2.0	1.0	4.0	1.0	5.0	4.0	4.0	3.00.0	0.0	0.0	0.0	0.0	0.0	0.0	0.0	0.0
rev	3p	-	20	521.0	804.0	592.0	723.0	2640.0	10.0	15.0	15.0	12.0	5.0	4.0	1.0	1.0	5.0	2.0	5.0	2.00.0	0.0	0.0	0.0	0.0	0.0	0.0	1.0	0.0
rev	3p	-	21	618.0	723.0	594.0	705.0	2640.0	16.0	16.0	17.0	16.0	5.0	7.0	2.0	1.0	2.0	1.0	2.0	5.00.0	0.0	0.0	0.0	0.0	0.0	0.0	0.0	0.0
rev	3p	-	22	542.0	787.0	656.0	656.0	2641.0	16.0	20.0	21.0	23.0	5.0	4.0	3.0	3.0	0.0	6.0	0.0	3.00.0	0.0	0.0	0.0	0.0	0.0	0.0	0.0	0.0
rev	3p	-	23	561.0	764.0	642.0	672.0	2639.0	11.0	15.0	10.0	8.0	5.0	8.0	3.0	6.0	3.0	2.0	0.0	4.00.0	0.0	0.0	0.0	0.0	0.0	1.0	0.0	0.0
rev	3p	-	24	616.0	783.0	583.0	658.0	2640.0	10.0	12.0	20.0	17.0	9.0	2.0	0.0	4.0	0.0	6.0	3.0	1.00.0	0.0	0.0	0.0	0.0	0.0	0.0	0.0	0.0
rev	3p	-	25	611.0	751.0	597.0	680.0	2639.0	13.0	24.0	16.0	17.0	3.0	0.0	0.0	0.0	4.0	3.0	1.0	6.00.0	0.0	0.0	0.0	0.0	0.0	0.0	1.0	0.0
rev	3p	-	26	641.0	704.0	584.0	712.0	2641.0	5.0	12.0	10.0	17.0	5.0	5.0	0.0	3.0	1.0	2.0	2.0	2.00.0	0.0	0.0	0.0	0.0	0.0	0.0	0.0	0.0
rev	3p	-	27	632.0	741.0	542.0	725.0	2640.0	6.0	14.0	16.0	10.0	6.0	5.0	2.0	1.0	1.0	2.0	3.0	3.00.0	0.0	0.0	0.0	0.0	0.0	0.0	0.0	0.0
rev	3p	-	28	596.0	776.0	597.0	672.0	2641.0	13.0	8.0	17.0	6.0	5.0	6.0	0.0	1.0	2.0	1.0	5.0	4.00.0	0.0	0.0	0.0	0.0	0.0	0.0	0.0	0.0
rev	3p	-	29	628.0	750.0	579.0	683.0	2640.0	8.0	10.0	22.0	13.0	5.0	5.0	0.0	2.0	0.0	4.0	8.0	7.00.0	0.0	0.0	0.0	0.0	0.0	0.0	0.0	0.0
rev	3p	-	30	617.0	731.0	583.0	708.0	2639.0	18.0	5.0	20.0	9.0	3.0	6.0	1.0	2.0	2.0	2.0	2.0	5.00.0	0.0	0.0	0.0	0.0	0.0	0.0	0.0	0.0
rev	3p	-	31	625.0	699.0	565.0	715.0	2604.0	6.0	14.0	15.0	11.0	7.0	5.0	1.0	1.0	1.0	2.0	4.0	4.00.0	0.0	0.0	0.0	0.0	0.0	0.0	1.0	0.0
rev	3p	-	32	644.0	729.0	560.0	655.0	2588.0	11.0	12.0	10.0	12.0	12.0	5.0	0.0	2.0	0.0	0.0	7.0	5.00.0	0.0	0.0	0.0	0.0	0.0	0.0	0.0	0.0
rev	3p	-	33	582.0	740.0	549.0	690.0	2561.0	10.0	7.0	17.0	9.0	5.0	3.0	1.0	1.0	2.0	0.0	3.0	9.00.0	0.0	0.0	0.0	0.0	0.0	0.0	0.0	0.0
rev	3p	-	34	617.0	704.0	569.0	649.0	2539.0	16.0	11.0	13.0	5.0	2.0	4.0	2.0	2.0	4.0	1.0	3.0	6.00.0	0.0	0.0	0.0	0.0	0.0	0.0	1.0	0.0
rev	3p	-	35	539.0	745.0	536.0	685.0	2505.0	8.0	7.0	14.0	8.0	4.0	3.0	2.0	3.0	0.0	0.0	3.0	4.00.0	0.0	0.0	0.0	0.0	0.0	0.0	0.0	0.0
rev	3p	-	36	561.0	732.0	541.0	640.0	2474.0	8.0	11.0	20.0	10.0	2.0	7.0	1.0	3.0	0.0	3.0	1.0	11.00.0	0.0	0.0	0.0	0.0	0.0	0.0	0.0	0.0
rev	3p	-	37	554.0	703.0	595.0	585.0	2437.0	11.0	12.0	11.0	4.0	8.0	1.0	2.0	1.0	1.0	8.0	0.0	5.00.0	0.0	0.0	0.0	0.0	0.0	0.0	0.0	0.0
rev	3p	-	38	529.0	679.0	545.0	657.0	2410.0	5.0	13.0	12.0	5.0	4.0	2.0	0.0	2.0	1.0	4.0	1.0	2.00.0	0.0	0.0	0.0	0.0	0.0	0.0	0.0	0.0
rev	3p	-	39	563.0	643.0	523.0	663.0	2392.0	8.0	12.0	13.0	7.0	10.0	1.0	0.0	1.0	1.0	4.0	2.0	7.00.0	0.0	0.0	0.0	0.0	0.0	0.0	0.0	0.0
rev	3p	-	40	520.0	677.0	585.0	583.0	2365.0	11.0	10.0	22.0	3.0	6.0	6.0	0.0	1.0	3.0	6.0	2.0	5.00.0	0.0	0.0	0.0	0.0	0.0	0.0	0.0	0.0
rev	3p	-	41	508.0	715.0	508.0	613.0	2344.0	6.0	18.0	9.0	10.0	4.0	2.0	0.0	2.0	4.0	3.0	2.0	7.00.0	0.0	0.0	0.0	0.0	0.0	0.0	0.0	0.0
rev	3p	-	42	556.0	667.0	523.0	569.0	2315.0	15.0	16.0	19.0	6.0	5.0	8.0	0.0	1.0	0.0	4.0	1.0	5.00.0	0.0	0.0	0.0	0.0	0.0	0.0	0.0	0.0
rev	3p	-	43	511.0	659.0	525.0	567.0	2262.0	5.0	16.0	11.0	14.0	5.0	4.0	2.0	0.0	2.0	2.0	3.0	7.00.0	0.0	0.0	0.0	0.0	0.0	1.0	1.0	0.0
rev	3p	-	44	511.0	605.0	556.0	557.0	2229.0	19.0	11.0	8.0	8.0	5.0	6.0	0.0	0.0	0.0	4.0	6.0	4.00.0	0.0	0.0	0.0	0.0	0.0	0.0	0.0	0.0
rev	3p	-	45	532.0	599.0	520.0	553.0	2204.0	9.0	9.0	6.0	8.0	5.0	6.0	0.0	2.0	0.0	6.0	2.0	4.00.0	0.0	0.0	0.0	0.0	0.0	0.0	0.0	0.0
rev	3p	-	46	501.0	590.0	542.0	544.0	2177.0	12.0	12.0	12.0	7.0	2.0	0.0	2.0	1.0	0.0	1.0	2.0	2.00.0	0.0	0.0	0.0	0.0	0.0	0.0	1.0	0.0
rev	3p	-	47	511.0	574.0	498.0	561.0	2144.0	15.0	10.0	8.0	7.0	1.0	7.0	2.0	0.0	0.0	2.0	2.0	1.00.0	0.0	0.0	0.0	0.0	0.0	0.0	0.0	0.0
rev	3p	-	48	474.0	584.0	542.0	521.0	2121.0	12.0	14.0	10.0	5.0	4.0	10.0	0.0	1.0	2.0	2.0	2.0	1.00.0	0.0	0.0	0.0	0.0	0.0	0.0	0.0	0.0
rev	3p	-	49	500.0	567.0	490.0	538.0	2095.0	9.0	6.0	9.0	3.0	2.0	4.0	0.0	0.0	0.0	2.0	0.0	1.00.0	0.0	0.0	0.0	1.0	0.0	0.0	0.0	0.0
rev	3p	-	50	505.0	563.0	486.0	514.0	2068.0	19.0	17.0	13.0	2.0	1.0	0.0	0.0	0.0	5.0	2.0	1.0	2.00.0	0.0	0.0	0.0	0.0	0.0	0.0	0.0	0.0
rev	3p	-	51	461.0	554.0	503.0	517.0	2035.0	16.0	7.0	4.0	1.0	1.0	5.0	0.0	0.0	0.0	5.0	0.0	5.00.0	0.0	0.0	0.0	0.0	0.0	1.0	0.0	0.0
rev	3p	-	52	444.0	530.0	471.0	564.0	2009.0	10.0	23.0	7.0	4.0	1.0	3.0	1.0	0.0	1.0	4.0	0.0	3.00.0	0.0	0.0	0.0	0.0	0.0	0.0	0.0	0.0
rev	3p	-	53	465.0	526.0	464.0	525.0	1980.0	7.0	10.0	5.0	3.0	3.0	2.0	3.0	0.0	1.0	5.0	1.0	3.00.0	0.0	0.0	0.0	0.0	0.0	0.0	0.0	0.0
rev	3p	-	54	414.0	531.0	530.0	476.0	1951.0	9.0	8.0	13.0	6.0	1.0	0.0	2.0	0.0	2.0	5.0	1.0	5.00.0	0.0	0.0	0.0	1.0	0.0	0.0	0.0	0.0
rev	3p	-	55	423.0	577.0	464.0	469.0	1933.0	6.0	14.0	13.0	3.0	3.0	1.0	0.0	1.0	3.0	4.0	1.0	2.00.0	0.0	0.0	0.0	0.0	0.0	1.0	0.0	0.0
rev	3p	-	56	459.0	504.0	486.0	467.0	1916.0	13.0	7.0	17.0	2.0	4.0	2.0	2.0	1.0	4.0	3.0	0.0	0.00.0	0.0	0.0	0.0	0.0	0.0	0.0	0.0	0.0
rev	3p	-	57	444.0	468.0	467.0	513.0	1892.0	16.0	12.0	4.0	7.0	3.0	2.0	1.0	1.0	4.0	5.0	0.0	1.00.0	0.0	0.0	0.0	0.0	0.0	0.0	0.0	0.0
rev	3p	-	58	460.0	508.0	451.0	452.0	1871.0	14.0	5.0	13.0	3.0	0.0	3.0	3.0	0.0	4.0	14.0	1.0	1.00.0	0.0	0.0	0.0	0.0	0.0	0.0	0.0	0.0
rev	3p	-	59	417.0	495.0	467.0	465.0	1844.0	12.0	6.0	14.0	8.0	2.0	0.0	1.0	0.0	3.0	9.0	2.0	3.00.0	0.0	0.0	0.0	0.0	0.0	0.0	0.0	0.0
rev	3p	-	60	402.0	515.0	403.0	488.0	1808.0	17.0	24.0	12.0	11.0	11.0	2.0	4.0	0.0	5.0	5.0	2.0	0.00.0	0.0	0.0	0.0	0.0	0.0	0.0	0.0	0.0
rev	3p	-	61	152.0	161.0	125.0	152.0	590.0	1.0	3.0	2.0	5.0	1.0	0.0	0.0	0.0	2.0	0.0	0.0	0.00.0	0.0	0.0	0.0	0.0	0.0	0.0	0.0	0.0
rev	3p	-	62	152.0	151.0	111.0	164.0	578.0	6.0	7.0	3.0	3.0	0.0	0.0	0.0	0.0	0.0	0.0	0.0	0.00.0	0.0	0.0	0.0	0.0	0.0	0.0	0.0	0.0
rev	3p	-	63	146.0	132.0	154.0	130.0	562.0	10.0	2.0	3.0	3.0	3.0	0.0	0.0	0.0	0.0	0.0	0.0	0.00.0	0.0	0.0	0.0	0.0	0.0	0.0	0.0	0.0
rev	3p	-	64	137.0	134.0	127.0	151.0	549.0	1.0	3.0	1.0	0.0	3.0	0.0	0.0	0.0	1.0	1.0	1.0	0.00.0	0.0	0.0	0.0	0.0	0.0	0.0	0.0	0.0
rev	3p	-	65	137.0	150.0	123.0	121.0	531.0	2.0	2.0	1.0	1.0	1.0	0.0	0.0	0.0	1.0	2.0	0.0	0.00.0	0.0	0.0	0.0	0.0	0.0	0.0	0.0	0.0
rev	3p	-	66	123.0	119.0	128.0	147.0	517.0	7.0	2.0	2.0	1.0	3.0	0.0	0.0	0.0	0.0	0.0	0.0	1.00.0	0.0	0.0	0.0	0.0	0.0	0.0	0.0	0.0
rev	3p	-	67	121.0	113.0	124.0	140.0	498.0	2.0	3.0	4.0	2.0	1.0	4.0	1.0	0.0	0.0	3.0	0.0	0.00.0	0.0	0.0	0.0	0.0	0.0	0.0	0.0	0.0
rev	3p	-	68	120.0	112.0	114.0	131.0	477.0	1.0	3.0	0.0	2.0	0.0	4.0	0.0	0.0	0.0	0.0	0.0	3.00.0	0.0	0.0	0.0	0.0	0.0	0.0	0.0	0.0
rev	3p	-	69	133.0	129.0	99.0	98.0	459.0	3.0	3.0	3.0	0.0	5.0	3.0	0.0	0.0	0.0	0.0	0.0	0.00.0	0.0	0.0	0.0	0.0	0.0	0.0	0.0	0.0
rev	3p	-	70	102.0	113.0	106.0	122.0	443.0	6.0	2.0	4.0	0.0	1.0	0.0	0.0	0.0	0.0	0.0	0.0	2.00.0	0.0	0.0	0.0	0.0	0.0	0.0	0.0	0.0
rev	3p	-	71	105.0	120.0	86.0	118.0	429.0	1.0	5.0	2.0	0.0	0.0	0.0	0.0	0.0	0.0	2.0	0.0	0.00.0	0.0	0.0	0.0	0.0	0.0	0.0	0.0	0.0
rev	3p	-	72	117.0	88.0	87.0	115.0	407.0	1.0	3.0	0.0	0.0	0.0	3.0	1.0	1.0	2.0	0.0	0.0	1.00.0	0.0	0.0	0.0	0.0	0.0	0.0	0.0	0.0
rev	3p	-	73	118.0	100.0	95.0	82.0	395.0	5.0	4.0	3.0	0.0	0.0	4.0	0.0	0.0	0.0	0.0	0.0	3.00.0	0.0	0.0	0.0	0.0	0.0	0.0	0.0	0.0
rev	3p	-	74	104.0	81.0	104.0	91.0	380.0	2.0	1.0	3.0	0.0	0.0	2.0	0.0	0.0	0.0	0.0	1.0	1.00.0	0.0	0.0	0.0	0.0	0.0	0.0	0.0	0.0
rev	3p	-	75	95.0	92.0	81.0	89.0	357.0	2.0	6.0	0.0	0.0	0.0	0.0	0.0	0.0	0.0	0.0	0.0	0.00.0	0.0	0.0	0.0	0.0	0.0	0.0	0.0	0.0
rev	3p	-	76	79.0	106.0	72.0	91.0	348.0	1.0	2.0	3.0	0.0	0.0	0.0	0.0	0.0	0.0	0.0	0.0	0.00.0	0.0	0.0	0.0	0.0	0.0	0.0	0.0	0.0
rev	3p	-	77	88.0	95.0	69.0	78.0	330.0	0.0	5.0	1.0	2.0	0.0	0.0	0.0	0.0	0.0	0.0	0.0	1.00.0	0.0	0.0	0.0	0.0	0.0	0.0	0.0	0.0
rev	3p	-	78	77.0	83.0	67.0	80.0	307.0	2.0	2.0	1.0	0.0	0.0	0.0	0.0	0.0	0.0	0.0	0.0	0.00.0	0.0	0.0	0.0	0.0	0.0	0.0	0.0	0.0
rev	3p	-	79	66.0	73.0	79.0	75.0	293.0	2.0	2.0	0.0	4.0	0.0	0.0	0.0	0.0	0.0	0.0	0.0	0.00.0	0.0	0.0	0.0	0.0	0.0	0.0	0.0	0.0
rev	3p	-	80	86.0	61.0	69.0	67.0	283.0	0.0	2.0	2.0	1.0	0.0	0.0	0.0	0.0	0.0	0.0	0.0	0.00.0	0.0	0.0	0.0	0.0	0.0	0.0	0.0	0.0
rev	3p	-	81	68.0	67.0	65.0	77.0	277.0	2.0	2.0	4.0	1.0	1.0	0.0	0.0	0.0	0.0	0.0	0.0	0.00.0	0.0	0.0	0.0	0.0	0.0	0.0	0.0	0.0
rev	3p	-	82	58.0	80.0	60.0	61.0	259.0	1.0	2.0	1.0	0.0	0.0	0.0	0.0	0.0	0.0	0.0	0.0	0.00.0	0.0	0.0	0.0	0.0	0.0	0.0	0.0	0.0
rev	3p	-	83	59.0	71.0	47.0	68.0	245.0	1.0	1.0	1.0	1.0	0.0	0.0	0.0	0.0	0.0	0.0	0.0	0.00.0	0.0	0.0	0.0	0.0	0.0	0.0	0.0	0.0
rev	3p	-	84	49.0	62.0	52.0	72.0	235.0	0.0	3.0	1.0	0.0	0.0	0.0	0.0	0.0	0.0	0.0	0.0	0.00.0	0.0	0.0	0.0	0.0	0.0	0.0	0.0	0.0
rev	3p	-	85	56.0	60.0	42.0	66.0	224.0	0.0	0.0	0.0	0.0	0.0	0.0	0.0	0.0	1.0	0.0	0.0	0.00.0	0.0	0.0	0.0	0.0	0.0	0.0	0.0	0.0
rev	3p	-	86	62.0	52.0	47.0	53.0	214.0	0.0	1.0	0.0	0.0	0.0	0.0	0.0	0.0	0.0	0.0	0.0	0.00.0	0.0	0.0	0.0	0.0	0.0	0.0	0.0	0.0
rev	3p	-	87	60.0	60.0	52.0	34.0	206.0	0.0	2.0	1.0	0.0	0.0	0.0	1.0	0.0	0.0	0.0	0.0	0.00.0	0.0	0.0	0.0	0.0	0.0	0.0	0.0	0.0
rev	3p	-	88	50.0	57.0	46.0	48.0	201.0	0.0	4.0	1.0	4.0	0.0	0.0	0.0	0.0	0.0	0.0	0.0	1.00.0	0.0	0.0	0.0	0.0	0.0	0.0	0.0	0.0
rev	3p	-	89	53.0	48.0	37.0	46.0	184.0	2.0	0.0	1.0	1.0	0.0	1.0	0.0	0.0	0.0	0.0	0.0	0.00.0	0.0	0.0	0.0	0.0	0.0	0.0	0.0	0.0
rev	3p	-	90	52.0	47.0	40.0	37.0	176.0	0.0	0.0	0.0	0.0	1.0	0.0	0.0	0.0	0.0	0.0	0.0	0.00.0	0.0	0.0	0.0	0.0	0.0	0.0	0.0	0.0
rev	3p	-	91	39.0	48.0	36.0	41.0	164.0	0.0	1.0	1.0	1.0	1.0	0.0	0.0	0.0	0.0	0.0	0.0	0.00.0	0.0	0.0	0.0	0.0	0.0	0.0	0.0	0.0
rev	3p	-	92	35.0	34.0	36.0	47.0	152.0	1.0	2.0	1.0	0.0	0.0	0.0	1.0	0.0	1.0	0.0	0.0	0.00.0	0.0	0.0	0.0	0.0	0.0	0.0	0.0	0.0
rev	3p	-	93	30.0	48.0	34.0	33.0	145.0	0.0	1.0	0.0	0.0	0.0	0.0	0.0	0.0	0.0	0.0	2.0	1.00.0	0.0	0.0	0.0	0.0	0.0	0.0	0.0	0.0
rev	3p	-	94	20.0	39.0	36.0	42.0	137.0	0.0	3.0	1.0	0.0	0.0	0.0	0.0	0.0	0.0	2.0	0.0	0.00.0	0.0	0.0	0.0	0.0	0.0	0.0	0.0	0.0
rev	3p	-	95	37.0	31.0	25.0	34.0	127.0	0.0	0.0	1.0	0.0	1.0	0.0	0.0	0.0	0.0	0.0	0.0	0.00.0	0.0	0.0	0.0	0.0	0.0	0.0	0.0	0.0
rev	3p	-	96	33.0	26.0	32.0	25.0	116.0	0.0	0.0	0.0	0.0	0.0	0.0	0.0	0.0	0.0	0.0	0.0	0.00.0	0.0	0.0	0.0	0.0	0.0	0.0	0.0	0.0
rev	3p	-	97	25.0	33.0	17.0	34.0	109.0	0.0	3.0	0.0	0.0	0.0	0.0	0.0	0.0	0.0	0.0	0.0	0.00.0	0.0	0.0	0.0	0.0	0.0	0.0	0.0	0.0
rev	3p	-	98	27.0	17.0	27.0	30.0	101.0	0.0	0.0	0.0	0.0	0.0	0.0	0.0	0.0	0.0	0.0	0.0	0.00.0	0.0	0.0	0.0	0.0	0.0	0.0	0.0	0.0
rev	3p	-	99	29.0	19.0	23.0	23.0	94.0	0.0	1.0	0.0	0.0	0.0	0.0	0.0	0.0	0.0	0.0	0.0	0.00.0	0.0	0.0	0.0	0.0	0.0	0.0	0.0	0.0
rev	3p	-	100	21.0	17.0	21.0	22.0	81.0	0.0	0.0	0.0	0.0	0.0	0.0	0.0	0.0	0.0	0.0	0.0	0.00.0	0.0	0.0	0.0	0.0	0.0	0.0	0.0	0.0
fwd	5p	+	1	729.0	654.0	846.0	684.0	2913.0	17.0	76.0	21.0	30.0	3.0	11.0	3.0	4.0	11.0	11.0	7.0	8.00.0	0.0	0.0	0.0	0.0	0.0	0.0	0.0	0.0
fwd	5p	+	2	763.0	641.0	860.0	649.0	2913.0	14.0	38.0	31.0	25.0	1.0	3.0	0.0	7.0	13.0	7.0	13.0	4.00.0	0.0	0.0	0.0	0.0	0.0	0.0	0.0	0.0
fwd	5p	+	3	735.0	674.0	850.0	653.0	2912.0	16.0	14.0	19.0	23.0	4.0	3.0	1.0	3.0	8.0	8.0	9.0	2.00.0	0.0	0.0	0.0	0.0	0.0	0.0	1.0	0.0
fwd	5p	+	4	739.0	701.0	830.0	642.0	2912.0	16.0	22.0	11.0	26.0	1.0	3.0	2.0	1.0	7.0	5.0	6.0	0.00.0	0.0	0.0	0.0	1.0	0.0	0.0	0.0	0.0
fwd	5p	+	5	702.0	642.0	889.0	679.0	2912.0	8.0	14.0	19.0	15.0	1.0	4.0	2.0	6.0	1.0	8.0	6.0	4.00.0	0.0	0.0	0.0	1.0	0.0	0.0	0.0	0.0
fwd	5p	+	6	715.0	677.0	833.0	685.0	2910.0	15.0	16.0	14.0	23.0	3.0	0.0	5.0	0.0	9.0	5.0	3.0	5.00.0	0.0	0.0	0.0	0.0	0.0	0.0	0.0	0.0
fwd	5p	+	7	780.0	628.0	844.0	661.0	2913.0	12.0	13.0	16.0	17.0	2.0	2.0	3.0	4.0	15.0	9.0	2.0	2.00.0	0.0	0.0	0.0	0.0	0.0	0.0	0.0	0.0
fwd	5p	+	8	779.0	640.0	829.0	664.0	2912.0	5.0	12.0	14.0	19.0	0.0	2.0	1.0	1.0	3.0	8.0	2.0	0.00.0	0.0	0.0	0.0	0.0	0.0	1.0	0.0	0.0
fwd	5p	+	9	771.0	671.0	832.0	638.0	2912.0	16.0	18.0	14.0	14.0	1.0	7.0	2.0	2.0	9.0	0.0	0.0	1.00.0	0.0	0.0	0.0	0.0	0.0	1.0	0.0	0.0
fwd	5p	+	10	768.0	669.0	804.0	672.0	2913.0	11.0	21.0	17.0	27.0	0.0	11.0	1.0	7.0	6.0	1.0	2.0	5.00.0	0.0	0.0	0.0	0.0	0.0	0.0	0.0	0.0
fwd	5p	+	11	743.0	660.0	862.0	648.0	2913.0	12.0	15.0	8.0	19.0	1.0	6.0	3.0	2.0	11.0	3.0	4.0	3.00.0	0.0	0.0	0.0	0.0	0.0	0.0	0.0	0.0
fwd	5p	+	12	720.0	717.0	847.0	626.0	2910.0	16.0	22.0	10.0	19.0	1.0	7.0	0.0	0.0	7.0	2.0	1.0	0.00.0	0.0	0.0	0.0	2.0	0.0	1.0	0.0	0.0
fwd	5p	+	13	758.0	659.0	817.0	677.0	2911.0	18.0	11.0	12.0	22.0	0.0	1.0	3.0	2.0	14.0	3.0	0.0	3.00.0	0.0	0.0	0.0	2.0	0.0	0.0	0.0	0.0
fwd	5p	+	14	752.0	695.0	784.0	678.0	2909.0	5.0	14.0	17.0	17.0	1.0	5.0	2.0	3.0	4.0	7.0	1.0	1.00.0	0.0	0.0	0.0	2.0	0.0	2.0	0.0	0.0
fwd	5p	+	15	753.0	667.0	818.0	674.0	2912.0	11.0	19.0	15.0	20.0	0.0	4.0	2.0	1.0	6.0	7.0	0.0	3.00.0	0.0	0.0	0.0	0.0	0.0	1.0	0.0	0.0
fwd	5p	+	16	772.0	691.0	812.0	638.0	2913.0	16.0	21.0	19.0	12.0	0.0	5.0	1.0	5.0	6.0	7.0	1.0	1.00.0	0.0	0.0	0.0	0.0	0.0	0.0	0.0	0.0
fwd	5p	+	17	761.0	686.0	803.0	663.0	2913.0	14.0	19.0	10.0	17.0	0.0	4.0	2.0	4.0	3.0	2.0	1.0	1.00.0	0.0	0.0	0.0	0.0	0.0	0.0	0.0	0.0
fwd	5p	+	18	741.0	696.0	840.0	636.0	2913.0	25.0	11.0	15.0	9.0	0.0	2.0	5.0	5.0	4.0	3.0	1.0	1.00.0	0.0	0.0	0.0	0.0	0.0	0.0	0.0	0.0
fwd	5p	+	19	730.0	684.0	820.0	677.0	2911.0	21.0	13.0	14.0	19.0	1.0	5.0	4.0	4.0	7.0	9.0	0.0	3.00.0	0.0	0.0	0.0	1.0	0.0	0.0	0.0	0.0
fwd	5p	+	20	773.0	680.0	821.0	638.0	2912.0	14.0	14.0	17.0	8.0	2.0	3.0	2.0	5.0	1.0	8.0	6.0	2.00.0	0.0	0.0	0.0	0.0	0.0	1.0	0.0	0.0
fwd	5p	+	21	774.0	693.0	820.0	624.0	2911.0	9.0	15.0	14.0	16.0	0.0	5.0	2.0	4.0	4.0	7.0	5.0	1.00.0	0.0	0.0	0.0	1.0	0.0	1.0	0.0	0.0
fwd	5p	+	22	720.0	687.0	811.0	695.0	2913.0	15.0	14.0	23.0	18.0	2.0	2.0	1.0	3.0	1.0	4.0	0.0	1.00.0	0.0	0.0	0.0	0.0	0.0	0.0	0.0	0.0
fwd	5p	+	23	777.0	676.0	813.0	647.0	2913.0	12.0	16.0	8.0	14.0	0.0	3.0	3.0	5.0	5.0	6.0	3.0	5.00.0	0.0	0.0	0.0	0.0	0.0	0.0	0.0	0.0
fwd	5p	+	24	733.0	688.0	822.0	669.0	2912.0	12.0	13.0	16.0	10.0	2.0	2.0	3.0	1.0	3.0	6.0	0.0	4.00.0	0.0	0.0	0.0	1.0	0.0	0.0	0.0	0.0
fwd	5p	+	25	746.0	697.0	795.0	675.0	2913.0	5.0	19.0	13.0	22.0	2.0	4.0	5.0	10.0	5.0	2.0	1.0	3.00.0	0.0	0.0	0.0	0.0	0.0	0.0	0.0	0.0
fwd	5p	+	26	737.0	675.0	847.0	651.0	2910.0	15.0	12.0	10.0	28.0	1.0	0.0	5.0	1.0	4.0	6.0	6.0	3.00.0	0.0	0.0	0.0	1.0	0.0	2.0	0.0	0.0
fwd	5p	+	27	738.0	702.0	833.0	640.0	2913.0	24.0	19.0	9.0	12.0	3.0	1.0	3.0	13.0	8.0	2.0	2.0	2.00.0	0.0	0.0	0.0	0.0	0.0	0.0	0.0	0.0
fwd	5p	+	28	769.0	649.0	804.0	691.0	2913.0	15.0	23.0	16.0	24.0	2.0	3.0	5.0	5.0	7.0	5.0	0.0	2.00.0	0.0	0.0	0.0	0.0	0.0	0.0	0.0	0.0
fwd	5p	+	29	769.0	627.0	829.0	687.0	2912.0	10.0	24.0	9.0	18.0	3.0	1.0	3.0	3.0	2.0	4.0	4.0	4.00.0	0.0	0.0	0.0	0.0	0.0	1.0	0.0	0.0
fwd	5p	+	30	742.0	659.0	817.0	693.0	2911.0	13.0	11.0	13.0	20.0	1.0	4.0	4.0	5.0	4.0	5.0	1.0	3.00.0	0.0	0.0	0.0	2.0	0.0	0.0	0.0	0.0
fwd	5p	+	31	788.0	643.0	808.0	643.0	2882.0	7.0	22.0	13.0	23.0	2.0	6.0	2.0	7.0	8.0	2.0	2.0	0.00.0	0.0	0.0	0.0	0.0	0.0	0.0	0.0	0.0
fwd	5p	+	32	758.0	636.0	819.0	641.0	2854.0	14.0	21.0	7.0	17.0	2.0	2.0	2.0	10.0	8.0	7.0	2.0	0.00.0	0.0	0.0	0.0	0.0	0.0	0.0	0.0	0.0
fwd	5p	+	33	753.0	664.0	792.0	617.0	2826.0	3.0	13.0	11.0	7.0	3.0	3.0	7.0	8.0	5.0	2.0	3.0	1.00.0	0.0	0.0	0.0	0.0	0.0	1.0	0.0	0.0
fwd	5p	+	34	726.0	620.0	786.0	658.0	2790.0	9.0	11.0	15.0	19.0	4.0	3.0	3.0	5.0	2.0	7.0	0.0	2.00.0	0.0	0.0	0.0	0.0	0.0	3.0	0.0	0.0
fwd	5p	+	35	698.0	606.0	796.0	664.0	2764.0	13.0	13.0	6.0	27.0	2.0	5.0	8.0	8.0	1.0	8.0	2.0	1.00.0	0.0	0.0	0.0	1.0	0.0	0.0	0.0	0.0
fwd	5p	+	36	730.0	622.0	772.0	602.0	2726.0	9.0	12.0	17.0	18.0	9.0	3.0	6.0	8.0	9.0	7.0	0.0	1.00.0	0.0	0.0	0.0	0.0	0.0	0.0	0.0	0.0
fwd	5p	+	37	755.0	565.0	744.0	626.0	2690.0	6.0	16.0	15.0	15.0	1.0	0.0	6.0	3.0	3.0	2.0	2.0	2.00.0	0.0	0.0	0.0	0.0	0.0	0.0	0.0	0.0
fwd	5p	+	38	732.0	605.0	742.0	580.0	2659.0	9.0	13.0	8.0	10.0	2.0	3.0	4.0	9.0	6.0	4.0	4.0	3.00.0	0.0	0.0	0.0	0.0	0.0	0.0	0.0	0.0
fwd	5p	+	39	685.0	597.0	757.0	589.0	2628.0	6.0	23.0	11.0	8.0	1.0	4.0	7.0	8.0	7.0	7.0	3.0	2.00.0	0.0	0.0	0.0	0.0	0.0	0.0	0.0	0.0
fwd	5p	+	40	682.0	599.0	704.0	617.0	2602.0	4.0	23.0	18.0	17.0	1.0	6.0	5.0	9.0	10.0	2.0	2.0	0.00.0	0.0	0.0	0.0	0.0	0.0	0.0	0.0	0.0
fwd	5p	+	41	686.0	589.0	740.0	557.0	2572.0	13.0	17.0	11.0	12.0	4.0	4.0	4.0	4.0	7.0	5.0	4.0	1.00.0	0.0	0.0	0.0	1.0	0.0	0.0	0.0	0.0
fwd	5p	+	42	655.0	578.0	725.0	585.0	2543.0	13.0	25.0	10.0	12.0	3.0	3.0	3.0	9.0	8.0	2.0	1.0	0.00.0	0.0	0.0	0.0	0.0	0.0	0.0	0.0	0.0
fwd	5p	+	43	622.0	574.0	720.0	580.0	2496.0	7.0	13.0	10.0	15.0	2.0	3.0	4.0	2.0	2.0	11.0	2.0	3.00.0	0.0	0.0	0.0	0.0	0.0	0.0	0.0	0.0
fwd	5p	+	44	593.0	592.0	714.0	563.0	2462.0	12.0	16.0	9.0	16.0	3.0	3.0	1.0	10.0	5.0	12.0	0.0	0.00.0	0.0	0.0	0.0	1.0	0.0	1.0	0.0	0.0
fwd	5p	+	45	575.0	584.0	679.0	596.0	2434.0	10.0	16.0	8.0	17.0	1.0	2.0	3.0	12.0	4.0	8.0	3.0	0.00.0	0.0	0.0	0.0	0.0	0.0	0.0	0.0	0.0
fwd	5p	+	46	613.0	547.0	652.0	588.0	2400.0	6.0	14.0	12.0	10.0	1.0	8.0	5.0	7.0	3.0	3.0	0.0	0.00.0	0.0	0.0	0.0	2.0	0.0	0.0	0.0	0.0
fwd	5p	+	47	628.0	543.0	674.0	521.0	2366.0	10.0	15.0	4.0	9.0	4.0	4.0	1.0	2.0	8.0	5.0	7.0	0.00.0	0.0	0.0	0.0	0.0	0.0	0.0	0.0	0.0
fwd	5p	+	48	592.0	551.0	649.0	541.0	2333.0	15.0	14.0	6.0	12.0	4.0	9.0	6.0	8.0	2.0	6.0	6.0	0.00.0	0.0	0.0	0.0	0.0	0.0	0.0	0.0	0.0
fwd	5p	+	49	586.0	568.0	613.0	531.0	2298.0	8.0	15.0	6.0	14.0	5.0	13.0	5.0	2.0	3.0	4.0	3.0	0.00.0	0.0	0.0	0.0	3.0	0.0	0.0	0.0	0.0
fwd	5p	+	50	602.0	545.0	646.0	473.0	2266.0	11.0	24.0	4.0	12.0	3.0	9.0	1.0	2.0	3.0	2.0	2.0	1.00.0	0.0	0.0	0.0	4.0	0.0	0.0	0.0	0.0
fwd	5p	+	51	616.0	535.0	595.0	502.0	2248.0	10.0	18.0	3.0	13.0	0.0	7.0	2.0	3.0	3.0	5.0	2.0	0.00.0	0.0	0.0	0.0	0.0	0.0	0.0	0.0	0.0
fwd	5p	+	52	545.0	544.0	583.0	542.0	2214.0	0.0	23.0	5.0	17.0	0.0	5.0	2.0	1.0	2.0	2.0	3.0	0.00.0	0.0	0.0	0.0	1.0	0.0	0.0	0.0	0.0
fwd	5p	+	53	568.0	524.0	628.0	473.0	2193.0	8.0	18.0	7.0	6.0	0.0	12.0	1.0	3.0	3.0	1.0	2.0	0.00.0	0.0	0.0	0.0	0.0	0.0	0.0	2.0	0.0
fwd	5p	+	54	554.0	492.0	641.0	487.0	2174.0	11.0	21.0	7.0	10.0	6.0	10.0	3.0	3.0	2.0	7.0	0.0	0.00.0	0.0	0.0	0.0	0.0	0.0	0.0	0.0	0.0
fwd	5p	+	55	562.0	506.0	541.0	541.0	2150.0	9.0	20.0	4.0	21.0	3.0	13.0	5.0	5.0	4.0	4.0	3.0	0.00.0	0.0	0.0	0.0	0.0	0.0	0.0	1.0	0.0
fwd	5p	+	56	554.0	489.0	595.0	485.0	2123.0	16.0	12.0	10.0	17.0	2.0	7.0	6.0	0.0	7.0	6.0	5.0	0.00.0	0.0	0.0	0.0	0.0	0.0	1.0	0.0	0.0
fwd	5p	+	57	537.0	466.0	594.0	498.0	2095.0	9.0	12.0	13.0	23.0	6.0	7.0	3.0	4.0	9.0	7.0	9.0	6.00.0	0.0	0.0	0.0	0.0	0.0	0.0	0.0	0.0
fwd	5p	+	58	497.0	512.0	554.0	516.0	2079.0	10.0	22.0	7.0	25.0	3.0	10.0	3.0	7.0	10.0	4.0	8.0	1.00.0	0.0	0.0	0.0	0.0	0.0	0.0	0.0	0.0
fwd	5p	+	59	553.0	454.0	561.0	486.0	2054.0	2.0	23.0	8.0	26.0	5.0	10.0	2.0	5.0	6.0	5.0	10.0	0.00.0	0.0	0.0	0.0	0.0	0.0	0.0	0.0	0.0
fwd	5p	+	60	523.0	466.0	539.0	479.0	2007.0	12.0	22.0	10.0	21.0	6.0	10.0	9.0	6.0	9.0	7.0	4.0	0.00.0	0.0	0.0	0.0	0.0	0.0	0.0	0.0	0.0
fwd	5p	+	61	204.0	185.0	192.0	173.0	754.0	2.0	15.0	1.0	5.0	0.0	2.0	1.0	1.0	0.0	2.0	0.0	0.00.0	0.0	0.0	0.0	0.0	0.0	0.0	0.0	0.0
fwd	5p	+	62	181.0	159.0	205.0	184.0	729.0	4.0	10.0	0.0	8.0	1.0	1.0	0.0	1.0	0.0	0.0	0.0	1.00.0	0.0	0.0	0.0	0.0	0.0	0.0	0.0	0.0
fwd	5p	+	63	170.0	163.0	200.0	170.0	703.0	1.0	7.0	3.0	1.0	0.0	0.0	0.0	1.0	4.0	0.0	1.0	1.00.0	0.0	0.0	0.0	0.0	0.0	1.0	0.0	0.0
fwd	5p	+	64	182.0	158.0	166.0	173.0	679.0	1.0	10.0	2.0	7.0	1.0	7.0	0.0	1.0	1.0	0.0	0.0	0.00.0	0.0	0.0	0.0	0.0	0.0	0.0	0.0	0.0
fwd	5p	+	65	193.0	167.0	143.0	155.0	658.0	3.0	4.0	3.0	10.0	0.0	4.0	1.0	1.0	0.0	0.0	1.0	0.00.0	0.0	0.0	0.0	0.0	0.0	0.0	0.0	0.0
fwd	5p	+	66	163.0	131.0	180.0	151.0	625.0	4.0	2.0	5.0	4.0	0.0	1.0	0.0	0.0	1.0	1.0	0.0	0.00.0	0.0	0.0	0.0	0.0	0.0	0.0	0.0	0.0
fwd	5p	+	67	166.0	146.0	147.0	141.0	600.0	1.0	6.0	2.0	2.0	0.0	2.0	2.0	1.0	1.0	0.0	2.0	0.00.0	0.0	0.0	0.0	0.0	0.0	0.0	0.0	0.0
fwd	5p	+	68	164.0	128.0	144.0	142.0	578.0	0.0	3.0	0.0	3.0	1.0	2.0	0.0	1.0	2.0	4.0	0.0	0.00.0	0.0	0.0	0.0	0.0	0.0	0.0	0.0	0.0
fwd	5p	+	69	169.0	93.0	138.0	156.0	556.0	7.0	4.0	0.0	5.0	1.0	1.0	0.0	1.0	2.0	1.0	1.0	1.00.0	0.0	0.0	0.0	0.0	0.0	0.0	0.0	0.0
fwd	5p	+	70	156.0	131.0	124.0	124.0	535.0	2.0	4.0	2.0	2.0	0.0	0.0	0.0	0.0	2.0	2.0	0.0	0.00.0	0.0	0.0	0.0	0.0	0.0	0.0	0.0	0.0
fwd	5p	+	71	135.0	121.0	125.0	124.0	505.0	3.0	3.0	1.0	3.0	0.0	1.0	0.0	0.0	1.0	2.0	0.0	0.00.0	0.0	0.0	0.0	0.0	0.0	0.0	0.0	0.0
fwd	5p	+	72	122.0	114.0	113.0	133.0	482.0	1.0	4.0	0.0	2.0	0.0	1.0	1.0	4.0	1.0	0.0	0.0	0.00.0	0.0	0.0	0.0	0.0	0.0	0.0	0.0	0.0
fwd	5p	+	73	128.0	104.0	111.0	115.0	458.0	3.0	8.0	3.0	6.0	0.0	1.0	0.0	0.0	0.0	0.0	0.0	0.00.0	0.0	0.0	0.0	0.0	0.0	0.0	0.0	0.0
fwd	5p	+	74	120.0	90.0	104.0	122.0	436.0	3.0	6.0	0.0	2.0	0.0	0.0	1.0	0.0	0.0	1.0	2.0	0.00.0	0.0	0.0	0.0	0.0	0.0	0.0	0.0	0.0
fwd	5p	+	75	118.0	98.0	95.0	101.0	412.0	2.0	5.0	1.0	1.0	2.0	0.0	0.0	1.0	0.0	0.0	0.0	0.00.0	0.0	0.0	0.0	0.0	0.0	0.0	0.0	0.0
fwd	5p	+	76	116.0	100.0	86.0	90.0	392.0	1.0	6.0	0.0	6.0	0.0	0.0	1.0	0.0	3.0	1.0	1.0	0.00.0	0.0	0.0	0.0	0.0	0.0	0.0	0.0	0.0
fwd	5p	+	77	107.0	88.0	88.0	90.0	373.0	1.0	7.0	2.0	2.0	0.0	1.0	0.0	0.0	1.0	0.0	0.0	0.00.0	0.0	0.0	0.0	0.0	0.0	0.0	0.0	0.0
fwd	5p	+	78	102.0	80.0	69.0	96.0	347.0	0.0	9.0	1.0	1.0	0.0	1.0	0.0	0.0	1.0	0.0	3.0	0.00.0	0.0	0.0	0.0	0.0	0.0	0.0	0.0	0.0
fwd	5p	+	79	90.0	84.0	65.0	88.0	327.0	1.0	5.0	0.0	3.0	0.0	0.0	0.0	0.0	2.0	1.0	0.0	0.00.0	0.0	0.0	0.0	0.0	0.0	1.0	0.0	0.0
fwd	5p	+	80	86.0	79.0	69.0	77.0	311.0	0.0	6.0	1.0	0.0	1.0	1.0	0.0	0.0	0.0	0.0	0.0	0.00.0	0.0	0.0	0.0	0.0	0.0	0.0	0.0	0.0
fwd	5p	+	81	63.0	74.0	76.0	81.0	294.0	1.0	2.0	0.0	0.0	0.0	0.0	0.0	0.0	3.0	1.0	0.0	0.00.0	0.0	0.0	0.0	0.0	0.0	0.0	0.0	0.0
fwd	5p	+	82	78.0	58.0	66.0	77.0	279.0	0.0	5.0	1.0	1.0	0.0	1.0	0.0	0.0	0.0	0.0	0.0	0.00.0	0.0	0.0	0.0	0.0	0.0	0.0	0.0	0.0
fwd	5p	+	83	68.0	73.0	59.0	70.0	270.0	1.0	6.0	2.0	1.0	0.0	2.0	1.0	0.0	0.0	1.0	0.0	0.00.0	0.0	0.0	0.0	0.0	0.0	0.0	0.0	0.0
fwd	5p	+	84	68.0	62.0	62.0	62.0	254.0	0.0	3.0	1.0	2.0	0.0	0.0	0.0	0.0	2.0	1.0	3.0	0.00.0	0.0	0.0	0.0	0.0	0.0	0.0	0.0	0.0
fwd	5p	+	85	59.0	61.0	65.0	55.0	240.0	1.0	2.0	0.0	2.0	0.0	1.0	2.0	0.0	1.0	0.0	1.0	0.00.0	0.0	0.0	0.0	1.0	0.0	0.0	0.0	0.0
fwd	5p	+	86	63.0	50.0	62.0	59.0	234.0	0.0	5.0	1.0	3.0	0.0	5.0	0.0	0.0	0.0	0.0	0.0	2.00.0	0.0	0.0	0.0	0.0	0.0	0.0	0.0	0.0
fwd	5p	+	87	62.0	50.0	63.0	45.0	220.0	0.0	1.0	0.0	2.0	1.0	2.0	0.0	0.0	0.0	0.0	0.0	0.00.0	0.0	0.0	0.0	0.0	0.0	0.0	0.0	0.0
fwd	5p	+	88	54.0	38.0	52.0	62.0	206.0	0.0	2.0	0.0	2.0	0.0	0.0	0.0	0.0	0.0	0.0	0.0	0.00.0	0.0	0.0	0.0	0.0	0.0	0.0	0.0	0.0
fwd	5p	+	89	49.0	46.0	44.0	55.0	194.0	0.0	3.0	1.0	0.0	0.0	0.0	0.0	0.0	6.0	0.0	0.0	0.00.0	0.0	0.0	0.0	0.0	0.0	0.0	0.0	0.0
fwd	5p	+	90	42.0	36.0	55.0	46.0	179.0	1.0	1.0	0.0	1.0	0.0	1.0	1.0	0.0	1.0	0.0	0.0	0.00.0	0.0	0.0	0.0	0.0	0.0	0.0	0.0	0.0
fwd	5p	+	91	39.0	41.0	44.0	46.0	170.0	0.0	1.0	1.0	1.0	0.0	0.0	0.0	0.0	0.0	1.0	0.0	1.00.0	0.0	0.0	0.0	0.0	0.0	0.0	0.0	0.0
fwd	5p	+	92	41.0	23.0	43.0	49.0	156.0	3.0	2.0	0.0	0.0	0.0	1.0	0.0	0.0	0.0	0.0	0.0	0.00.0	0.0	0.0	0.0	0.0	0.0	0.0	0.0	0.0
fwd	5p	+	93	45.0	24.0	44.0	36.0	149.0	0.0	1.0	0.0	1.0	0.0	0.0	0.0	0.0	0.0	0.0	3.0	0.00.0	0.0	0.0	0.0	0.0	0.0	0.0	0.0	0.0
fwd	5p	+	94	36.0	26.0	37.0	39.0	138.0	1.0	1.0	0.0	2.0	0.0	0.0	0.0	0.0	0.0	0.0	0.0	1.00.0	0.0	0.0	0.0	0.0	0.0	0.0	0.0	0.0
fwd	5p	+	95	26.0	35.0	34.0	34.0	129.0	0.0	2.0	0.0	1.0	1.0	0.0	0.0	0.0	0.0	0.0	0.0	0.00.0	0.0	0.0	0.0	0.0	0.0	0.0	0.0	0.0
fwd	5p	+	96	45.0	31.0	24.0	23.0	123.0	0.0	1.0	0.0	3.0	0.0	0.0	0.0	0.0	0.0	0.0	0.0	0.00.0	0.0	0.0	0.0	0.0	0.0	0.0	0.0	0.0
fwd	5p	+	97	38.0	34.0	17.0	26.0	115.0	0.0	1.0	1.0	0.0	0.0	0.0	0.0	0.0	0.0	0.0	0.0	0.00.0	0.0	0.0	0.0	0.0	0.0	0.0	0.0	0.0
fwd	5p	+	98	28.0	38.0	24.0	18.0	108.0	0.0	0.0	0.0	0.0	0.0	0.0	8.0	2.0	2.0	0.0	0.0	0.00.0	0.0	0.0	0.0	0.0	0.0	0.0	0.0	0.0
fwd	5p	+	99	30.0	31.0	17.0	25.0	103.0	0.0	3.0	0.0	1.0	0.0	0.0	1.0	0.0	0.0	0.0	0.0	0.00.0	0.0	0.0	0.0	0.0	0.0	0.0	0.0	0.0
fwd	5p	+	100	25.0	28.0	15.0	24.0	92.0	0.0	5.0	0.0	0.0	0.0	0.0	0.0	0.0	1.0	0.0	0.0	0.00.0	0.0	0.0	0.0	0.0	0.0	0.0	0.0	0.0
rev	5p	-	1	601.0	760.0	576.0	704.0	2641.0	27.0	59.0	23.0	17.0	12.0	4.0	6.0	0.0	6.0	8.0	3.0	2.00.0	0.0	0.0	0.0	0.0	0.0	0.0	0.0	0.0
rev	5p	-	2	594.0	658.0	706.0	683.0	2641.0	24.0	16.0	17.0	9.0	6.0	2.0	2.0	1.0	4.0	10.0	4.0	3.00.0	0.0	0.0	0.0	0.0	0.0	0.0	0.0	0.0
rev	5p	-	3	659.0	740.0	613.0	629.0	2641.0	22.0	15.0	17.0	9.0	3.0	5.0	5.0	1.0	4.0	17.0	1.0	4.00.0	0.0	0.0	0.0	0.0	0.0	0.0	0.0	0.0
rev	5p	-	4	584.0	694.0	664.0	699.0	2641.0	18.0	23.0	14.0	10.0	3.0	8.0	2.0	2.0	3.0	5.0	3.0	2.00.0	0.0	0.0	0.0	0.0	0.0	0.0	0.0	0.0
rev	5p	-	5	572.0	707.0	674.0	688.0	2641.0	16.0	14.0	15.0	11.0	4.0	4.0	4.0	1.0	6.0	4.0	5.0	1.00.0	0.0	0.0	0.0	0.0	0.0	0.0	0.0	0.0
rev	5p	-	6	623.0	720.0	665.0	630.0	2638.0	10.0	14.0	12.0	7.0	5.0	2.0	2.0	3.0	6.0	5.0	1.0	1.00.0	0.0	0.0	0.0	0.0	0.0	3.0	0.0	0.0
rev	5p	-	7	585.0	721.0	653.0	681.0	2640.0	15.0	13.0	13.0	9.0	1.0	0.0	1.0	0.0	3.0	9.0	3.0	3.00.0	0.0	0.0	0.0	1.0	0.0	0.0	0.0	0.0
rev	5p	-	8	659.0	681.0	621.0	679.0	2640.0	11.0	11.0	11.0	9.0	6.0	6.0	3.0	0.0	3.0	9.0	4.0	2.00.0	0.0	0.0	0.0	0.0	0.0	0.0	0.0	0.0
rev	5p	-	9	655.0	663.0	626.0	697.0	2641.0	12.0	11.0	10.0	3.0	4.0	3.0	1.0	1.0	1.0	5.0	0.0	1.00.0	0.0	0.0	0.0	0.0	0.0	0.0	0.0	0.0
rev	5p	-	10	648.0	695.0	634.0	664.0	2641.0	20.0	8.0	10.0	8.0	1.0	3.0	0.0	2.0	1.0	4.0	0.0	4.00.0	0.0	0.0	0.0	0.0	0.0	0.0	0.0	0.0
rev	5p	-	11	646.0	706.0	651.0	638.0	2641.0	21.0	11.0	16.0	8.0	6.0	5.0	1.0	1.0	6.0	4.0	1.0	2.00.0	0.0	0.0	0.0	0.0	0.0	0.0	0.0	0.0
rev	5p	-	12	618.0	755.0	612.0	656.0	2641.0	8.0	11.0	18.0	10.0	2.0	2.0	0.0	1.0	2.0	1.0	0.0	0.00.0	0.0	0.0	0.0	0.0	0.0	0.0	0.0	0.0
rev	5p	-	13	572.0	771.0	632.0	666.0	2641.0	14.0	14.0	14.0	9.0	2.0	7.0	0.0	2.0	1.0	1.0	1.0	1.00.0	0.0	0.0	0.0	0.0	0.0	0.0	0.0	0.0
rev	5p	-	14	583.0	718.0	626.0	713.0	2640.0	16.0	10.0	11.0	15.0	4.0	8.0	1.0	2.0	1.0	2.0	0.0	3.00.0	0.0	0.0	0.0	0.0	0.0	0.0	0.0	0.0
rev	5p	-	15	625.0	728.0	631.0	657.0	2641.0	17.0	13.0	15.0	4.0	3.0	3.0	0.0	0.0	0.0	5.0	1.0	4.00.0	0.0	0.0	0.0	0.0	0.0	0.0	0.0	0.0
rev	5p	-	16	649.0	749.0	593.0	650.0	2641.0	14.0	16.0	9.0	8.0	5.0	3.0	0.0	1.0	1.0	3.0	3.0	4.00.0	0.0	0.0	0.0	0.0	0.0	0.0	0.0	0.0
rev	5p	-	17	618.0	752.0	615.0	654.0	2639.0	16.0	13.0	12.0	6.0	3.0	4.0	0.0	1.0	4.0	8.0	6.0	4.00.0	0.0	0.0	0.0	0.0	0.0	0.0	0.0	0.0
rev	5p	-	18	619.0	746.0	627.0	648.0	2640.0	12.0	10.0	14.0	15.0	5.0	4.0	2.0	0.0	0.0	7.0	4.0	6.00.0	0.0	0.0	0.0	0.0	0.0	0.0	1.0	0.0
rev	5p	-	19	620.0	745.0	608.0	668.0	2641.0	12.0	8.0	18.0	2.0	6.0	7.0	1.0	0.0	2.0	3.0	2.0	3.00.0	0.0	0.0	0.0	0.0	0.0	0.0	0.0	0.0
rev	5p	-	20	583.0	791.0	576.0	690.0	2640.0	5.0	16.0	12.0	7.0	5.0	3.0	2.0	2.0	5.0	5.0	3.0	4.00.0	0.0	0.0	0.0	0.0	0.0	0.0	0.0	0.0
rev	5p	-	21	632.0	742.0	606.0	660.0	2640.0	8.0	10.0	26.0	5.0	4.0	2.0	1.0	2.0	4.0	6.0	2.0	8.00.0	0.0	0.0	0.0	1.0	0.0	0.0	0.0	0.0
rev	5p	-	22	587.0	745.0	578.0	731.0	2641.0	6.0	12.0	19.0	3.0	10.0	4.0	3.0	2.0	2.0	2.0	1.0	12.00.0	0.0	0.0	0.0	0.0	0.0	0.0	0.0	0.0
rev	5p	-	23	618.0	714.0	617.0	691.0	2640.0	10.0	15.0	15.0	10.0	4.0	4.0	1.0	3.0	2.0	4.0	2.0	2.00.0	0.0	0.0	0.0	0.0	0.0	0.0	1.0	0.0
rev	5p	-	24	598.0	779.0	612.0	650.0	2639.0	8.0	7.0	19.0	7.0	6.0	0.0	2.0	2.0	3.0	4.0	1.0	4.00.0	0.0	0.0	0.0	0.0	0.0	0.0	0.0	0.0
rev	5p	-	25	594.0	771.0	592.0	684.0	2641.0	9.0	12.0	14.0	13.0	6.0	4.0	0.0	3.0	1.0	0.0	1.0	5.00.0	0.0	0.0	0.0	0.0	0.0	0.0	0.0	0.0
rev	5p	-	26	602.0	774.0	595.0	670.0	2641.0	10.0	4.0	19.0	13.0	12.0	2.0	3.0	2.0	0.0	1.0	5.0	8.00.0	0.0	0.0	0.0	0.0	0.0	0.0	0.0	0.0
rev	5p	-	27	633.0	714.0	602.0	691.0	2640.0	23.0	17.0	9.0	7.0	3.0	5.0	1.0	3.0	6.0	3.0	5.0	3.00.0	0.0	0.0	0.0	0.0	0.0	0.0	1.0	0.0
rev	5p	-	28	624.0	786.0	594.0	635.0	2639.0	15.0	19.0	14.0	5.0	10.0	7.0	1.0	3.0	1.0	1.0	4.0	5.00.0	0.0	0.0	0.0	0.0	0.0	0.0	0.0	0.0
rev	5p	-	29	608.0	781.0	548.0	702.0	2639.0	16.0	16.0	19.0	10.0	3.0	5.0	3.0	2.0	0.0	2.0	4.0	5.00.0	0.0	0.0	0.0	0.0	0.0	1.0	1.0	0.0
rev	5p	-	30	622.0	768.0	570.0	678.0	2638.0	10.0	14.0	21.0	7.0	10.0	6.0	0.0	0.0	1.0	4.0	6.0	10.00.0	0.0	0.0	0.0	0.0	0.0	0.0	1.0	0.0
rev	5p	-	31	590.0	750.0	569.0	698.0	2607.0	10.0	11.0	18.0	17.0	3.0	5.0	2.0	3.0	2.0	3.0	4.0	5.00.0	0.0	0.0	0.0	0.0	0.0	0.0	0.0	0.0
rev	5p	-	32	620.0	739.0	549.0	678.0	2586.0	9.0	14.0	20.0	10.0	4.0	5.0	0.0	1.0	4.0	3.0	5.0	6.00.0	0.0	0.0	0.0	0.0	0.0	0.0	1.0	0.0
rev	5p	-	33	585.0	700.0	608.0	669.0	2562.0	12.0	15.0	12.0	4.0	6.0	5.0	4.0	2.0	0.0	0.0	3.0	4.00.0	0.0	0.0	0.0	0.0	0.0	1.0	0.0	0.0
rev	5p	-	34	602.0	713.0	530.0	693.0	2538.0	4.0	23.0	12.0	10.0	6.0	1.0	0.0	3.0	1.0	4.0	3.0	5.00.0	0.0	0.0	0.0	1.0	0.0	0.0	1.0	0.0
rev	5p	-	35	569.0	695.0	558.0	681.0	2503.0	9.0	20.0	11.0	15.0	10.0	7.0	2.0	4.0	2.0	3.0	3.0	5.00.0	0.0	0.0	0.0	0.0	0.0	0.0	1.0	0.0
rev	5p	-	36	533.0	735.0	567.0	639.0	2474.0	10.0	21.0	13.0	17.0	2.0	7.0	3.0	2.0	1.0	3.0	1.0	5.00.0	0.0	0.0	0.0	0.0	0.0	0.0	0.0	0.0
rev	5p	-	37	546.0	683.0	592.0	614.0	2435.0	12.0	16.0	8.0	14.0	4.0	3.0	2.0	4.0	0.0	8.0	4.0	2.00.0	0.0	0.0	0.0	0.0	0.0	0.0	1.0	0.0
rev	5p	-	38	532.0	657.0	570.0	649.0	2408.0	12.0	16.0	13.0	6.0	7.0	7.0	4.0	3.0	2.0	4.0	1.0	2.00.0	0.0	0.0	0.0	0.0	0.0	1.0	0.0	0.0
rev	5p	-	39	518.0	697.0	571.0	604.0	2390.0	13.0	27.0	22.0	16.0	5.0	2.0	3.0	3.0	0.0	6.0	0.0	4.00.0	0.0	0.0	0.0	0.0	0.0	0.0	0.0	0.0
rev	5p	-	40	554.0	672.0	504.0	631.0	2361.0	6.0	14.0	13.0	11.0	3.0	4.0	6.0	1.0	4.0	0.0	1.0	4.00.0	0.0	0.0	0.0	0.0	0.0	0.0	2.0	0.0
rev	5p	-	41	498.0	697.0	535.0	614.0	2344.0	12.0	15.0	8.0	12.0	2.0	3.0	5.0	0.0	1.0	1.0	2.0	9.00.0	0.0	0.0	0.0	0.0	0.0	0.0	0.0	0.0
rev	5p	-	42	539.0	634.0	507.0	633.0	2313.0	15.0	12.0	23.0	11.0	0.0	6.0	0.0	0.0	4.0	7.0	1.0	5.00.0	0.0	0.0	0.0	0.0	0.0	2.0	0.0	0.0
rev	5p	-	43	506.0	671.0	507.0	580.0	2264.0	18.0	11.0	24.0	13.0	5.0	1.0	1.0	1.0	0.0	3.0	2.0	6.00.0	0.0	0.0	0.0	0.0	0.0	0.0	0.0	0.0
rev	5p	-	44	487.0	636.0	470.0	637.0	2230.0	10.0	15.0	17.0	10.0	2.0	7.0	0.0	7.0	0.0	2.0	1.0	2.00.0	0.0	0.0	0.0	0.0	0.0	0.0	1.0	0.0
rev	5p	-	45	491.0	638.0	491.0	584.0	2204.0	12.0	15.0	25.0	19.0	8.0	5.0	1.0	6.0	0.0	4.0	3.0	10.00.0	0.0	0.0	0.0	0.0	0.0	0.0	0.0	0.0
rev	5p	-	46	501.0	633.0	462.0	581.0	2177.0	8.0	12.0	16.0	15.0	3.0	4.0	2.0	3.0	0.0	2.0	2.0	4.00.0	0.0	0.0	0.0	0.0	0.0	0.0	0.0	0.0
rev	5p	-	47	472.0	611.0	493.0	569.0	2145.0	5.0	9.0	19.0	6.0	6.0	8.0	1.0	2.0	0.0	5.0	0.0	8.00.0	0.0	0.0	0.0	0.0	0.0	0.0	0.0	0.0
rev	5p	-	48	475.0	601.0	487.0	557.0	2120.0	10.0	16.0	13.0	11.0	5.0	10.0	2.0	1.0	0.0	3.0	1.0	6.00.0	0.0	0.0	0.0	0.0	0.0	0.0	1.0	0.0
rev	5p	-	49	471.0	597.0	506.0	522.0	2096.0	13.0	7.0	13.0	7.0	10.0	6.0	1.0	1.0	1.0	0.0	1.0	5.00.0	0.0	0.0	0.0	0.0	0.0	0.0	0.0	0.0
rev	5p	-	50	466.0	615.0	448.0	539.0	2068.0	8.0	12.0	12.0	12.0	8.0	5.0	3.0	3.0	1.0	4.0	2.0	4.00.0	0.0	0.0	0.0	0.0	0.0	0.0	0.0	0.0
rev	5p	-	51	466.0	566.0	457.0	546.0	2035.0	6.0	15.0	18.0	15.0	9.0	8.0	4.0	2.0	0.0	2.0	1.0	3.00.0	0.0	0.0	0.0	0.0	0.0	0.0	1.0	0.0
rev	5p	-	52	425.0	590.0	470.0	522.0	2007.0	8.0	15.0	13.0	12.0	8.0	7.0	1.0	1.0	0.0	3.0	0.0	13.00.0	0.0	0.0	0.0	0.0	0.0	0.0	0.0	0.0
rev	5p	-	53	400.0	579.0	459.0	543.0	1981.0	9.0	17.0	11.0	13.0	3.0	6.0	4.0	0.0	1.0	1.0	5.0	9.00.0	0.0	0.0	0.0	0.0	0.0	0.0	0.0	0.0
rev	5p	-	54	417.0	569.0	492.0	474.0	1952.0	4.0	9.0	18.0	15.0	7.0	9.0	4.0	5.0	2.0	4.0	2.0	5.00.0	0.0	0.0	0.0	0.0	0.0	0.0	0.0	0.0
rev	5p	-	55	437.0	599.0	433.0	465.0	1934.0	7.0	9.0	20.0	14.0	7.0	6.0	2.0	6.0	0.0	2.0	2.0	4.00.0	0.0	0.0	0.0	0.0	0.0	0.0	0.0	0.0
rev	5p	-	56	460.0	553.0	426.0	475.0	1914.0	3.0	13.0	24.0	10.0	12.0	11.0	2.0	2.0	1.0	4.0	2.0	9.00.0	0.0	0.0	0.0	0.0	0.0	1.0	0.0	0.0
rev	5p	-	57	422.0	561.0	431.0	478.0	1892.0	20.0	9.0	8.0	9.0	10.0	4.0	5.0	1.0	0.0	2.0	2.0	5.00.0	0.0	0.0	0.0	0.0	0.0	0.0	0.0	0.0
rev	5p	-	58	426.0	549.0	425.0	470.0	1870.0	9.0	8.0	24.0	10.0	10.0	8.0	3.0	1.0	0.0	5.0	1.0	5.00.0	0.0	0.0	0.0	0.0	0.0	1.0	0.0	0.0
rev	5p	-	59	414.0	562.0	424.0	443.0	1843.0	9.0	13.0	21.0	4.0	10.0	6.0	5.0	3.0	5.0	7.0	3.0	3.00.0	0.0	0.0	0.0	0.0	0.0	0.0	0.0	0.0
rev	5p	-	60	409.0	539.0	424.0	436.0	1808.0	10.0	6.0	14.0	17.0	9.0	8.0	6.0	1.0	0.0	5.0	5.0	5.00.0	0.0	0.0	0.0	0.0	0.0	0.0	0.0	0.0
rev	5p	-	61	148.0	151.0	138.0	153.0	590.0	1.0	6.0	3.0	2.0	3.0	0.0	2.0	0.0	0.0	2.0	1.0	1.00.0	0.0	0.0	0.0	0.0	0.0	0.0	0.0	0.0
rev	5p	-	62	151.0	156.0	109.0	162.0	578.0	0.0	5.0	2.0	5.0	5.0	4.0	1.0	1.0	0.0	0.0	0.0	1.00.0	0.0	0.0	0.0	0.0	0.0	0.0	0.0	0.0
rev	5p	-	63	142.0	156.0	126.0	138.0	562.0	1.0	6.0	3.0	5.0	3.0	0.0	0.0	2.0	0.0	0.0	0.0	1.00.0	0.0	0.0	0.0	0.0	0.0	0.0	0.0	0.0
rev	5p	-	64	154.0	128.0	127.0	140.0	549.0	1.0	2.0	6.0	2.0	1.0	1.0	0.0	0.0	0.0	2.0	0.0	1.00.0	0.0	0.0	0.0	0.0	0.0	0.0	0.0	0.0
rev	5p	-	65	146.0	108.0	147.0	130.0	531.0	0.0	1.0	4.0	0.0	2.0	0.0	2.0	0.0	0.0	0.0	1.0	0.00.0	0.0	0.0	0.0	0.0	0.0	0.0	0.0	0.0
rev	5p	-	66	108.0	169.0	126.0	114.0	517.0	1.0	4.0	2.0	6.0	0.0	4.0	0.0	1.0	0.0	0.0	1.0	0.00.0	0.0	0.0	0.0	0.0	0.0	0.0	0.0	0.0
rev	5p	-	67	115.0	143.0	112.0	128.0	498.0	3.0	6.0	2.0	9.0	2.0	0.0	1.0	0.0	1.0	0.0	1.0	0.00.0	0.0	0.0	0.0	0.0	0.0	0.0	0.0	0.0
rev	5p	-	68	141.0	131.0	101.0	104.0	477.0	4.0	3.0	3.0	3.0	0.0	2.0	2.0	2.0	0.0	0.0	0.0	0.00.0	0.0	0.0	0.0	0.0	0.0	0.0	0.0	0.0
rev	5p	-	69	132.0	116.0	97.0	114.0	459.0	0.0	1.0	1.0	1.0	0.0	1.0	0.0	0.0	1.0	0.0	2.0	0.00.0	0.0	0.0	0.0	0.0	0.0	0.0	0.0	0.0
rev	5p	-	70	105.0	121.0	91.0	126.0	443.0	2.0	3.0	3.0	1.0	0.0	1.0	2.0	0.0	0.0	0.0	2.0	3.00.0	0.0	0.0	0.0	0.0	0.0	0.0	0.0	0.0
rev	5p	-	71	117.0	118.0	79.0	115.0	429.0	1.0	5.0	1.0	4.0	1.0	1.0	0.0	1.0	0.0	1.0	0.0	1.00.0	0.0	0.0	0.0	0.0	0.0	0.0	0.0	0.0
rev	5p	-	72	80.0	107.0	113.0	107.0	407.0	4.0	2.0	0.0	6.0	0.0	0.0	2.0	0.0	0.0	0.0	0.0	2.00.0	0.0	0.0	0.0	0.0	0.0	0.0	0.0	0.0
rev	5p	-	73	82.0	114.0	75.0	124.0	395.0	0.0	1.0	3.0	7.0	1.0	2.0	0.0	0.0	0.0	1.0	1.0	0.00.0	0.0	0.0	0.0	0.0	0.0	0.0	0.0	0.0
rev	5p	-	74	101.0	103.0	60.0	116.0	380.0	1.0	3.0	7.0	8.0	1.0	1.0	0.0	0.0	0.0	0.0	1.0	0.00.0	0.0	0.0	0.0	0.0	0.0	0.0	0.0	0.0
rev	5p	-	75	107.0	82.0	80.0	88.0	357.0	1.0	4.0	0.0	2.0	1.0	3.0	0.0	1.0	0.0	0.0	0.0	0.00.0	0.0	0.0	0.0	0.0	0.0	0.0	0.0	0.0
rev	5p	-	76	90.0	99.0	78.0	81.0	348.0	1.0	9.0	2.0	4.0	3.0	0.0	2.0	1.0	0.0	0.0	2.0	0.00.0	0.0	0.0	0.0	0.0	0.0	0.0	0.0	0.0
rev	5p	-	77	84.0	73.0	75.0	98.0	330.0	1.0	3.0	2.0	2.0	0.0	0.0	2.0	1.0	0.0	3.0	0.0	4.00.0	0.0	0.0	0.0	0.0	0.0	0.0	0.0	0.0
rev	5p	-	78	71.0	86.0	65.0	85.0	307.0	0.0	3.0	3.0	2.0	0.0	2.0	0.0	1.0	0.0	0.0	0.0	1.00.0	0.0	0.0	0.0	0.0	0.0	0.0	0.0	0.0
rev	5p	-	79	75.0	70.0	69.0	79.0	293.0	1.0	5.0	1.0	2.0	0.0	0.0	0.0	0.0	0.0	2.0	1.0	1.00.0	0.0	0.0	0.0	0.0	0.0	0.0	0.0	0.0
rev	5p	-	80	86.0	78.0	58.0	61.0	283.0	0.0	4.0	2.0	2.0	0.0	1.0	0.0	1.0	0.0	0.0	0.0	2.00.0	0.0	0.0	0.0	0.0	0.0	0.0	0.0	0.0
rev	5p	-	81	70.0	72.0	73.0	62.0	277.0	0.0	5.0	1.0	2.0	2.0	3.0	0.0	0.0	0.0	0.0	0.0	0.00.0	0.0	0.0	0.0	0.0	0.0	0.0	0.0	0.0
rev	5p	-	82	58.0	70.0	60.0	71.0	259.0	0.0	2.0	5.0	1.0	0.0	0.0	0.0	0.0	0.0	1.0	0.0	3.00.0	0.0	0.0	0.0	0.0	0.0	0.0	0.0	0.0
rev	5p	-	83	80.0	51.0	47.0	67.0	245.0	0.0	2.0	3.0	1.0	1.0	3.0	0.0	0.0	0.0	0.0	0.0	0.00.0	0.0	0.0	0.0	0.0	0.0	0.0	0.0	0.0
rev	5p	-	84	55.0	63.0	57.0	60.0	235.0	1.0	2.0	0.0	0.0	1.0	1.0	0.0	1.0	0.0	0.0	0.0	0.00.0	0.0	0.0	0.0	0.0	0.0	0.0	0.0	0.0
rev	5p	-	85	49.0	65.0	54.0	56.0	224.0	2.0	6.0	2.0	1.0	0.0	0.0	1.0	0.0	0.0	1.0	0.0	0.00.0	0.0	0.0	0.0	0.0	0.0	0.0	0.0	0.0
rev	5p	-	86	53.0	42.0	48.0	71.0	214.0	0.0	1.0	3.0	0.0	2.0	1.0	0.0	0.0	0.0	0.0	0.0	0.00.0	0.0	0.0	0.0	0.0	0.0	0.0	0.0	0.0
rev	5p	-	87	66.0	40.0	35.0	65.0	206.0	1.0	1.0	5.0	2.0	0.0	0.0	0.0	0.0	1.0	0.0	0.0	0.00.0	0.0	0.0	0.0	0.0	0.0	0.0	0.0	0.0
rev	5p	-	88	48.0	48.0	45.0	60.0	201.0	1.0	4.0	1.0	2.0	1.0	0.0	0.0	0.0	0.0	0.0	0.0	0.00.0	0.0	0.0	0.0	0.0	0.0	0.0	0.0	0.0
rev	5p	-	89	40.0	42.0	43.0	59.0	184.0	1.0	1.0	1.0	2.0	0.0	2.0	0.0	0.0	0.0	0.0	0.0	1.00.0	0.0	0.0	0.0	0.0	0.0	0.0	0.0	0.0
rev	5p	-	90	37.0	47.0	45.0	47.0	176.0	0.0	5.0	3.0	1.0	1.0	0.0	0.0	0.0	0.0	0.0	0.0	0.00.0	0.0	0.0	0.0	0.0	0.0	0.0	0.0	0.0
rev	5p	-	91	40.0	36.0	41.0	47.0	164.0	1.0	1.0	2.0	3.0	0.0	0.0	0.0	0.0	0.0	3.0	0.0	0.00.0	0.0	0.0	0.0	0.0	0.0	0.0	0.0	0.0
rev	5p	-	92	45.0	35.0	34.0	38.0	152.0	0.0	2.0	2.0	1.0	0.0	2.0	0.0	0.0	0.0	0.0	1.0	0.00.0	0.0	0.0	0.0	0.0	0.0	0.0	0.0	0.0
rev	5p	-	93	40.0	45.0	22.0	38.0	145.0	0.0	0.0	3.0	0.0	0.0	0.0	0.0	0.0	0.0	0.0	0.0	0.00.0	0.0	0.0	0.0	0.0	0.0	0.0	0.0	0.0
rev	5p	-	94	25.0	50.0	33.0	28.0	136.0	0.0	3.0	0.0	1.0	0.0	0.0	0.0	0.0	0.0	0.0	0.0	0.00.0	0.0	0.0	0.0	0.0	0.0	0.0	1.0	0.0
rev	5p	-	95	19.0	32.0	30.0	46.0	127.0	0.0	2.0	2.0	1.0	0.0	0.0	0.0	0.0	1.0	0.0	0.0	0.00.0	0.0	0.0	0.0	0.0	0.0	0.0	0.0	0.0
rev	5p	-	96	23.0	35.0	28.0	30.0	116.0	1.0	1.0	1.0	1.0	0.0	0.0	0.0	0.0	0.0	1.0	0.0	0.00.0	0.0	0.0	0.0	0.0	0.0	0.0	0.0	0.0
rev	5p	-	97	24.0	37.0	22.0	26.0	109.0	0.0	1.0	2.0	0.0	0.0	0.0	0.0	0.0	0.0	0.0	0.0	0.00.0	0.0	0.0	0.0	0.0	0.0	0.0	0.0	0.0
rev	5p	-	98	27.0	35.0	14.0	25.0	101.0	0.0	1.0	0.0	0.0	0.0	0.0	0.0	0.0	0.0	0.0	0.0	0.00.0	0.0	0.0	0.0	0.0	0.0	0.0	0.0	0.0
rev	5p	-	99	20.0	22.0	26.0	26.0	94.0	0.0	2.0	1.0	0.0	0.0	0.0	0.0	0.0	0.0	0.0	0.0	0.00.0	0.0	0.0	0.0	0.0	0.0	0.0	0.0	0.0
rev	5p	-	100	21.0	23.0	15.0	22.0	81.0	0.0	5.0	0.0	0.0	0.0	0.0	0.0	0.0	0.0	0.0	0.0	0.00.0	0.0	0.0	0.0	0.0	0.0	0.0	0.0	0.0
