Taxon	Mean	GeometricMean	Median	StandardDev
African_swine_fever_virus	0	0	0	0
Aspergillus_fumigatus	0	0	0	0
BK_virus_strain_AS	0	0	0	0
BK_virus_strain_GS	0	0	0	0
BK_virus_variant_RF	0	0	0	0
Bacillus_albus	66.38461538461539	64.94566879599212	60.0	14.869086844515488
Bacillus_anthracis	84.5	82.98383497722888	90.5	17.4451521441727
Bacillus_bombysepticus_str._Wang	57.8	57.15869370490575	61.0	8.927485648266257
Bacillus_cereus	62.578947368421055	60.50135201756478	60.0	16.529468490902836
Bacillus_cereus_AH1272	66.0	65.72670690061993	66.0	8.48528137423857
Bacillus_cereus_AH1273	59.666666666666664	59.66479747515951	60.0	0.5773502691896258
Bacillus_cereus_AH676	69.0	68.41052550594827	69.0	12.727922061357855
Bacillus_cereus_ATCC_4342	70.0	68.96512003249563	61.0	13.316656236958787
Bacillus_cereus_BDRD-ST196	69.0	69.00000000000001	69.0	0.0
Bacillus_cereus_Rock1-3	46.666666666666664	44.04307408810362	35.0	18.467990325605726
Bacillus_cereus_Rock3-28	55.5	55.18386185931431	58.0	6.60807586719967
Bacillus_cereus_Rock3-44	59.425925925925924	58.80844092723197	60.0	9.30733500931075
Bacillus_cereus_Rock4-18	58.666666666666664	58.635888355129524	60.0	2.309401076758503
Bacillus_cereus_group	60.29166666666667	58.7612738496844	60.0	14.064939545097687
Bacillus_cytotoxicus	57.9025974025974	56.80359745433331	60.0	11.045224609461643
Bacillus_luti	57.94444444444444	56.65524710077411	60.0	12.877121628605849
Bacillus_mobilis	59.75	59.291391014083906	60.0	7.592289321598403
Bacillus_mycoides	60.34453781512605	59.336624228085306	60.0	11.677471411044479
Bacillus_nitratireducens	66.41666666666667	63.663418761905206	60.0	20.943466472358104
Bacillus_pacificus	63.7	62.77286352009699	60.0	13.166033740061753
Bacillus_paranthracis	61.0	58.460063982141534	60.0	20.851858430365386
Bacillus_pseudomycoides	62.76190476190476	61.202673458622264	60.0	14.43043460615009
Bacillus_pseudomycoides_DSM_12442	57.833333333333336	56.39508603134662	60.0	12.902756762625254
Bacillus_sp._ABP14	69.33333333333333	67.01436945856466	60.0	20.65591117977289
Bacillus_sp._HBCD-sjtu	89.0	87.06027555279242	99.0	20.112185361118765
Bacillus_sp._JAS24-2	60.0	59.999999999999986	60.0	0.0
Bacillus_thuringiensis	52.89473684210526	52.36275537729825	56.0	7.452775298445728
Bacillus_thuringiensis_HD-771	60.0	59.999999999999986	60.0	0.0
Bacillus_thuringiensis_IBL_4222	53.6	52.987722995780985	58.0	8.87693640846886
Bacillus_thuringiensis_serovar_andalousiensis	47.0	46.475800154488994	47.0	9.899494936611665
Bacillus_thuringiensis_serovar_chinensis_CT-43	48.0	47.30241097863145	42.0	10.392304845413264
Bacillus_thuringiensis_serovar_galleriae	51.5	50.79370039680118	51.5	12.020815280171307
Bacillus_thuringiensis_serovar_indiana	66.0	64.80493789531744	60.0	15.874507866387544
Bacillus_thuringiensis_serovar_israelensis	58.8	57.9438179344506	60.0	10.73312629199899
Bacillus_thuringiensis_serovar_kurstaki_str._T03a001	55.25	55.24831331011431	55.0	0.5
Bacillus_thuringiensis_serovar_monterrey_BGSC_4AJ1	52.8	51.418738156946304	60.0	12.13260071048248
Bacillus_toyonensis_BCT-7112	43.0	43.0	43.0	0.0
Bacillus_wiedmannii	64.625	63.12746747097507	60.0	14.53971202625594
Bartonella_bacilliformis	0	0	0	0
Bartonella_henselae	59.0	58.54997949122519	59.0	7.974960814950754
Bartonella_quintana	70.0	70.00000000000003	70.0	0.0
Blastomyces_dermatitidis	0	0	0	0
Bordetella	57.797513321492005	56.091699024176336	60.0	14.28951513928126
Bordetella_avium_197N	54.97222222222222	53.70050692290535	58.0	11.772816415336068
Bordetella_bronchialis	56.096385542168676	54.331632414660646	59.5	14.666898999122363
Bordetella_bronchiseptica	60.93706293706294	59.5461382933734	60.0	13.622794062653819
Bordetella_flabilis	56.542857142857144	55.05349150087241	60.0	13.192088488422558
Bordetella_genomosp._13	58.321243523316056	56.85776452190305	60.0	13.314325559796952
Bordetella_genomosp._6	59.76190476190476	58.29756645470122	60.0	13.951198683283847
Bordetella_genomosp._8	56.42483660130719	55.06694253568917	60.0	12.18157193774436
Bordetella_genomosp._9	55.53658536585366	53.67409167699267	60.0	14.288762455405202
Bordetella_hinzii	58.23243243243243	56.54757053655927	60.0	14.40844510163288
Bordetella_holmesii	56.13725490196079	55.28932903878445	60.0	9.119253495419763
Bordetella_parapertussis	57.63636363636363	55.838534625153606	60.0	15.15175757381821
Bordetella_pertussis	59.25454545454546	58.10799569257552	60.0	12.693273491073606
Bordetella_pertussis_137	52.8125	51.80024755927767	56.0	10.34871167505083
Bordetella_pertussis_18323	60.0	59.01454151023012	60.0	11.921310626723201
Bordetella_petrii	56.55263157894737	55.06691821260684	60.0	12.9950522799028
Bordetella_pseudohinzii	60.13333333333333	57.81158478252271	60.0	17.23218832901793
Bordetella_sp._H567	59.605095541401276	58.05035634570006	60.0	14.053358920412645
Bordetella_sp._HZ20	0	0	0	0
Bordetella_sp._N	58.0948275862069	56.42883224965587	60.0	14.349051444653735
Bordetella_trematum	56.97692307692308	55.219419960170605	60.0	13.90581016520167
Borrelia	53.5	52.6217671571373	58.0	10.408329997330663
Borrelia_anserina_BA2	55.0	55.000000000000014	55.0	0.0
Borrelia_coriaceae	57.0	57.00000000000001	57.0	0.0
Borrelia_coriaceae_ATCC_43381	49.0	48.99999999999999	49.0	0.0
Borrelia_crocidurae	0	0	0	0
Borrelia_hermsii	60.0	59.999999999999986	60.0	0.0
Borrelia_miyamotoi	53.666666666666664	53.61593051393318	52.0	2.8867513459481287
Borrelia_miyamotoi_FR64b	34.0	34.00000000000001	34.0	0.0
Borrelia_recurrentis	0	0	0	0
Borrelia_turcica_IST7	80.0	79.99999999999997	80.0	0.0
Borreliaceae	54.333333333333336	53.832395543576766	56.5	7.737355275975549
Borreliella	61.5	60.21627686929838	61.5	17.67766952966369
Borreliella_afzelii	60.0	59.999999999999986	60.0	0.0
Borreliella_burgdorferi	0	0	0	0
Borreliella_burgdorferi_B31	60.0	59.999999999999986	60.0	0.0
Borreliella_burgdorferi_JD1	60.0	59.999999999999986	60.0	0.0
Borreliella_garinii	33.0	33.0	33.0	0.0
Brucella	60.463235294117645	58.83693918473117	60.0	14.4293115997194
Brucella_abortus	60.0	59.999999999999986	60.0	0.0
Brucella_abortus_bv._6_str._870	60.0	59.999999999999986	60.0	0.0
Brucella_canis	0	0	0	0
Brucella_inopinata	56.75	54.166947525933814	60.0	17.790446874657196
Brucella_melitensis	50.0	48.98979485566357	50.0	14.142135623730951
Brucella_melitensis_bv._2_str._63/9	60.0	59.999999999999986	60.0	0.0
Brucella_microti	0	0	0	0
Brucella_ovis	0	0	0	0
Brucella_ovis_ATCC_25840	65.0	64.99999999999999	65.0	0.0
Brucella_pinnipedialis	0	0	0	0
Brucella_sp._09RB8471	55.7	53.11004126075907	60.0	17.06881496895565
Brucella_sp._09RB8910	50.0	49.15890840816133	50.0	9.899494936611665
Brucella_sp._10RB9215	71.21428571428571	70.1569070446831	75.0	12.552526999211516
Brucella_sp._141012304	0	0	0	0
Brucella_sp._2280	45.666666666666664	44.493749911248955	38.0	13.279056191361391
Brucella_sp._BO2	59.46153846153846	57.7345334761864	60.0	14.512152290496545
Brucella_suis	65.0	64.99999999999999	65.0	0.0
Brucella_suis_bv._2	41.0	41.00000000000001	41.0	0.0
Brucella_vulpis	0	0	0	0
Brucellaceae	60.0	59.999999999999986	60.0	0.0
Burkholderia_cepacia	58.706140350877185	56.87754098336362	60.0	15.314516364195152
Burkholderia_cepacia_ATCC_25416	61.53086419753087	59.558393785600785	60.0	15.437848311660115
Burkholderia_cepacia_JBK9	55.61842105263158	54.58888007050516	59.0	10.911727153557509
Burkholderia_gladioli	57.50806451612904	56.02377080900735	60.0	13.16809996245331
Burkholderia_gladioli_BSR3	56.95505617977528	55.486941032595595	60.0	13.309181820662168
Burkholderia_gladioli_pv._gladioli	58.80421686746988	57.17124670084102	60.0	14.3139458434219
Burkholderia_mallei	57.82608695652174	56.75484812264836	60.0	11.0439295292319
Burkholderia_mallei_NCTC_10229	42.5	42.47352116319059	42.5	2.1213203435596424
Burkholderia_mallei_NCTC_10247	41.5	40.98780306383839	41.5	9.192388155425117
Burkholderia_multivorans	59.116279069767444	57.246615969131916	60.0	15.210843745231916
Burkholderia_multivorans_ATCC_17616	60.55238095238095	58.381499490977625	60.0	16.145957431875676
Burkholderia_multivorans_ATCC_BAA-247	59.53333333333333	57.58859963958577	60.0	15.642070162684952
Burkholderia_pseudomallei	57.15	55.755496995552996	60.0	12.953240218601834
Burkholderia_pseudomallei_1106b	53.25	51.648778265257405	54.0	14.885675440951054
Burkholderia_pseudomallei_1710a	56.0	55.69906600335333	60.0	6.928203230275509
Burkholderia_pseudomallei_1710b	60.0	59.999999999999986	60.0	0.0
Burkholderia_pseudomallei_7894	49.75	49.25920294277586	48.0	7.45941399460153
Burkholderia_pseudomallei_B03	57.0	57.00000000000001	57.0	0.0
Burkholderia_pseudomallei_MSHR1153	60.0	59.999999999999986	60.0	0.0
Burkholderia_pseudomallei_MSHR2543	60.0	59.999999999999986	60.0	0.0
Burkholderia_pseudomallei_MSHR346	56.92307692307692	55.907252197432506	60.0	9.911790440863333
Burkholderia_pseudomallei_MSHR435	65.3076923076923	62.97396237028982	65.0	17.045940941001252
Burkholderia_pseudomallei_NCTC_13179	53.625	52.55436982442851	56.5	11.262294868910407
Burkholderia_pseudomallei_Pasteur_52237	60.333333333333336	59.53896652461661	64.0	9.791152468768253
Burkholderia_sp._OLGA172	0	0	0	0
Campylobacter_coli	59.0	59.000000000000014	59.0	0.0
Campylobacter_gracilis	50.875	49.833794429990725	55.0	10.425757937504043
Campylobacter_showae	42.25	41.82446136477539	42.5	6.849574196011505
Chlamydia_abortus	0	0	0	0
Chlamydia_caviae	0	0	0	0
Chlamydia_caviae_GPIC	60.0	59.999999999999986	60.0	0.0
Chlamydia_felis	0	0	0	0
Chlamydia_muridarum	51.0	50.19960159204454	51.0	12.727922061357855
Chlamydia_pecorum	0	0	0	0
Chlamydia_pneumoniae	0	0	0	0
Chlamydia_psittaci	0	0	0	0
Chlamydia_trachomatis	0	0	0	0
Chlamydia_trachomatis_6276	75.0	74.99999999999997	75.0	0.0
Clostridium	64.83819628647214	62.93504406947642	60.0	16.116947270043976
Clostridium_aceticum	63.96296296296296	62.24125102562374	60.0	15.371005375960488
Clostridium_acetobutylicum	60.0	59.999999999999986	60.0	0.0
Clostridium_acetobutylicum_EA_2018	56.166666666666664	55.446410373229185	60.0	8.908797150382686
Clostridium_argentinense	69.6	68.17525180977769	60.0	15.406223552121103
Clostridium_baratii	62.07692307692308	61.95769220326518	60.0	4.132423390327167
Clostridium_baratii_str._Sullivan	63.375	61.78134965192324	60.0	15.899161403461925
Clostridium_beijerinckii	68.47619047619048	65.62439844199382	60.0	20.17577519605888
Clostridium_beijerinckii_NRRL_B-598	73.25	69.81251340973664	75.5	25.38208029299411
Clostridium_bornimense	58.875	56.82316483843712	60.0	16.29700559318637
Clostridium_botulinum	61.638297872340424	59.63234895048786	60.0	16.441791958188517
Clostridium_botulinum_202F	67.83333333333333	67.36340744616969	67.0	8.773064838850027
Clostridium_botulinum_A	62.42857142857143	62.046167415971105	60.0	7.5687326736854885
Clostridium_botulinum_A2_str._Kyoto	58.0	57.90886205974052	60.0	3.415650255319866
Clostridium_botulinum_A3_str._Loch_Maree	57.125	56.35487661605627	60.0	8.624577284327234
Clostridium_botulinum_A_str._ATCC_3502	60.714285714285715	60.47548943498486	60.0	5.992058236095666
Clostridium_botulinum_B1_str._Okra	61.875	61.21533135773706	60.0	9.673847907287634
Clostridium_botulinum_BKT015925	59.69230769230769	57.90668074589523	60.0	15.05204645767819
Clostridium_botulinum_B_str._Eklund_17B_(NRP)	52.0	51.380930314660496	52.0	11.313708498984761
Clostridium_botulinum_CDC_1436	59.125	59.090703329868106	60.0	2.100170061141308
Clostridium_botulinum_E3_str._Alaska_E43	0	0	0	0
Clostridium_botulinum_Prevot_594	64.79251700680273	62.44019760550257	60.0	17.5125838264337
Clostridium_butyricum	58.32432432432432	57.4529286057761	60.0	9.857467710810402
Clostridium_cadaveris	52.6	52.057247373092956	53.0	7.7201036262475125
Clostridium_carboxidivorans_P7	56.714285714285715	54.33894853877899	53.0	19.015031647920775
Clostridium_cellulovorans_743B	57.75	56.78761870006402	55.5	12.174328963613794
Clostridium_chauvoei	62.476190476190474	61.44996221403821	60.0	12.452385504870332
Clostridium_cochlearium	64.54054054054055	63.2501601238525	60.0	13.202681955224508
Clostridium_diolis	72.0	72.0	72.0	0.0
Clostridium_drakei	53.0	51.76673282371558	60.0	11.874342087037917
Clostridium_estertheticum	0	0	0	0
Clostridium_estertheticum_subsp._estertheticum	57.214285714285715	56.527888773595876	60.0	7.76757136015916
Clostridium_formicaceticum	62.142857142857146	61.28086270812024	60.0	9.991204923540295
Clostridium_gasigenes	60.6875	59.246837494195745	55.0	15.447626570663425
Clostridium_intestinale	64.53333333333333	63.47543130619919	60.0	12.500666648889837
Clostridium_isatidis	65.52631578947368	64.26562855172247	60.0	13.538207877936815
Clostridium_kluyveri	59.13333333333333	58.56418592812962	60.0	8.399546473017512
Clostridium_ljungdahlii_DSM_13528	55.75	55.40961208742772	60.0	6.341473465550866
Clostridium_novyi	0	0	0	0
Clostridium_novyi_NT	60.285714285714285	58.59025324904845	60.0	14.646756382471601
Clostridium_pasteurianum	58.27272727272727	55.78428987065512	60.0	17.978269711465057
Clostridium_pasteurianum_BC1	60.73913043478261	59.31286328075337	60.0	13.060061921419223
Clostridium_perfringens	64.57959183673469	62.60573053436622	60.0	16.265901197147155
Clostridium_perfringens_ATCC_13124	65.08108108108108	63.355634204387634	60.0	15.882167460496166
Clostridium_perfringens_F262	68.21052631578948	65.556199598486	63.5	19.132762187010382
Clostridium_perfringens_str._13	66.34782608695652	64.78011994862871	60.0	15.630763671262512
Clostridium_saccharobutylicum	58.25	56.796711664224674	60.0	13.765074381465315
Clostridium_saccharoperbutylacetonicum	64.82352941176471	63.562277014518095	60.0	14.058961973229243
Clostridium_scatologenes	59.642857142857146	59.12526702494831	60.0	8.399699105024244
Clostridium_septicum	73.38888888888889	70.89691990388631	67.5	19.5211465697764
Clostridium_sp._AWRP	60.88235294117647	59.77859518413023	60.0	13.692526944200148
Clostridium_sp._BNL1100	69.13333333333334	65.99493575022666	60.0	21.82026144490046
Clostridium_sp._C1	50.5	49.77170745006922	50.5	9.049861877399014
Clostridium_sp._C5S11	62.10526315789474	61.23120337964793	60.0	10.882681128196843
Clostridium_sp._DL-VIII	61.25	59.39780713930221	60.0	16.265551998569915
Clostridium_sp._JN-1	60.625	59.924669809363586	60.0	9.956153875869939
Clostridium_sp._JN-9	63.25	60.54658926227465	61.0	21.17781858454737
Clostridium_sp._M62/1	57.666666666666664	56.68711296007507	60.0	12.662279942148386
Clostridium_sp._MF28	60.0	59.999999999999986	60.0	0.0
Clostridium_sp._SY8519	62.5	59.87875490654761	60.0	19.303306635362336
Clostridium_sporogenes	69.23529411764706	67.5064658478272	65.0	16.005973149752197
Clostridium_taeniosporum	59.529411764705884	58.085009989252555	60.0	13.388977028972487
Clostridium_tetani	69.07142857142857	67.02627350785804	60.0	17.150593492438013
Clostridium_tetani_12124569	65.23529411764706	63.27668538015725	60.0	17.28733784915634
Clostridium_tetani_E88	67.88888888888889	65.82815632420395	60.0	17.696877893557588
Clostridium_tyrobutyricum	62.09090909090909	60.606950772942355	60.0	13.590103351001753
Coccidioides_immitis	0	0	0	0
Coccidioides_posadasii	0	0	0	0
Corynebacterium_ammoniagenes	47.0	46.99999999999999	47.0	0.0
Corynebacterium_crudilactis	65.23529411764706	64.29864667512804	60.0	11.987125446519205
Corynebacterium_diphtheriae	53.5	53.103672189407	53.5	9.192388155425117
Corynebacterium_glutamicum	63.39583333333333	61.462550495525065	60.0	16.612917717478744
Corynebacterium_glutamicum_K051	60.0	59.999999999999986	60.0	0.0
Corynebacterium_glutamicum_R	71.5	69.0683734493954	60.0	21.842618890600093
Corynebacterium_glutamicum_SCgG1	61.72727272727273	61.00831173671761	60.0	10.020887276992084
Corynebacterium_glutamicum_SCgG2	60.0	59.999999999999986	60.0	0.0
Corynebacterium_glutamicum_ZL-6	75.53333333333333	71.78377979161559	78.0	23.317273384665672
Corynebacterium_glyciniphilum	0	0	0	0
Corynebacterium_glyciniphilum_AJ_3170	58.6	57.29722052469254	60.0	13.119809898192347
Corynebacterium_jeikeium	51.26315789473684	49.46584461414793	44.0	16.35658924396851
Corynebacterium_jeikeium_K411	54.4	53.569882489668274	60.0	8.80584221655471
Corynebacterium_kroppenstedtii	53.333333333333336	52.74642553663054	60.0	8.185352771872449
Corynebacterium_kroppenstedtii_DSM_44385	55.5	54.3981675848831	60.0	10.533016872883307
Corynebacterium_maris	0	0	0	0
Corynebacterium_maris_DSM_45190	55.421052631578945	53.70340154745769	60.0	13.541566384904478
Corynebacterium_matruchotii	51.526315789473685	50.388584861618625	54.0	10.869776758683948
Corynebacterium_segmentosum	50.875	49.22356614620283	50.5	13.405844496586802
Corynebacterium_sphenisci	0	0	0	0
Corynebacterium_sphenisci_DSM_44792	60.477987421383645	58.65366021859977	60.0	15.301127813974627
Corynebacterium_stationis	56.8125	54.02447892802641	54.0	18.780160927011366
Corynebacterium_urealyticum	57.291666666666664	56.175987649388	60.0	10.140230537927566
Corynebacterium_ureicelerivorans	55.3	54.06656737719384	60.0	11.420338783549045
Corynebacterium_variabile	0	0	0	0
Corynebacterium_variabile_DSM_44702	55.53333333333333	54.6737997423267	60.0	9.919219177481116
Corynebacterium_xerosis	60.357798165137616	58.614476553517534	60.0	15.300401190443178
Cowpox-Vaccinia_virus	0	0	0	0
Cowpox_virus	0	0	0	0
Coxiella_burnetii	54.0	53.66563145999496	54.0	8.48528137423857
Coxiella_burnetii_Dugway_5J108-111	49.0	48.99999999999999	49.0	0.0
Coxiella_burnetii_str._Schperling	53.5	53.103672189407	53.5	9.192388155425117
Cryptococcus_gattii_species_complex	0	0	0	0
Cryptococcus_neoformans	0	0	0	0
Cynomolgus_Epstein-Barr_Virus_A4	0	0	0	0
Cynomolgus_Epstein-Barr_Virus_Si-IIA	0	0	0	0
Cynomolgus_Epstein-Barr_Virus_TsB-B6	0	0	0	0
Ehrlichia_canis	0	0	0	0
Ehrlichia_canis_str._Jake	55.0	53.86846609422748	60.0	11.180339887498949
Enterobius_vermicularis	59.89873417721519	59.27215484152887	59.0	9.185544575384792
Enterococcus_avium	52.733333333333334	50.74370268180925	54.0	15.475633689617952
Enterococcus_casseliflavus	62.6	60.97824364722648	60.0	15.54991961394013
Enterococcus_casseliflavus_EC20	92.0	92.00000000000001	92.0	0.0
Enterococcus_cecorum	63.083333333333336	61.944381926838815	60.0	12.515989773086266
Enterococcus_durans	51.285714285714285	50.20261275290742	55.0	10.253919111386491
Enterococcus_faecalis	64.8076923076923	63.86676429985415	60.0	11.835604693531229
Enterococcus_faecalis_ATCC_29212	63.0	62.99999999999999	63.0	0.0
Enterococcus_faecium	61.52	60.53782244558728	60.0	10.874741376235116
Enterococcus_faecium_ATCC_8459_=_NRRL_B-2354	63.214285714285715	62.84907246957671	60.0	7.5159171755023335
Enterococcus_hirae	62.07142857142857	59.987685397514326	60.0	17.349193223158977
Enterococcus_hirae_ATCC_9790	53.666666666666664	52.97661244135596	59.0	10.115993936995679
Enterococcus_mundtii	66.5	65.22267015143588	60.0	15.921683328090658
Epstein-barr_virus_strain_ag876	0	0	0	0
Epstein-barr_virus_strain_p3hr-1	0	0	0	0
Erysipelothrix_rhusiopathiae	57.111111111111114	55.51563981174277	57.0	14.373973393293557
Erysipelothrix_rhusiopathiae_str._Fujisawa	64.28571428571429	63.75153823733483	60.0	9.690446940402795
Escherichia_coli	49.666666666666664	48.70370297618105	48.5	9.600047892600841
Escherichia_coli_O111	0	0	0	0
Escherichia_coli_O15	82.0	82.00000000000001	82.0	0.0
Escherichia_coli_O157:H7	0	0	0	0
Escherichia_coli_O26	0	0	0	0
Escherichia_coli_str._K-12_substr._MG1655	41.0	41.00000000000001	41.0	0.0
Francisella_tularensis	59.666666666666664	59.66479747515946	60.0	0.5163977794943223
Francisella_tularensis_subsp._novicida_PA10-7858	54.0	53.27424010455602	60.0	10.392304845413264
Fusobacterium	61.916666666666664	59.94485367078777	60.0	16.242501056786487
Fusobacterium_canifelinum	53.0	52.493234847398874	55.0	7.745966692414834
Fusobacterium_gastrosuis	50.0	48.86685839150995	52.0	12.0
Fusobacterium_gonidiaformans_ATCC_25563	58.4	58.30713053404117	60.0	3.577708763999663
Fusobacterium_hwasookii	66.0	65.48357298366633	60.0	10.392304845413264
Fusobacterium_hwasookii_ChDC_F174	58.666666666666664	58.14206459357119	60.0	8.71014733897577
Fusobacterium_hwasookii_ChDC_F206	60.0	59.999999999999986	60.0	0.0
Fusobacterium_mortiferum_ATCC_9817	60.8	60.7794820934542	60.0	1.7888543819998317
Fusobacterium_necrophorum	64.57142857142857	63.61525910602276	60.0	11.702665549026896
Fusobacterium_necrophorum_subsp._funduliforme	60.0	59.999999999999986	60.0	0.0
Fusobacterium_necrophorum_subsp._necrophorum	60.0	59.999999999999986	60.0	0.0
Fusobacterium_nucleatum	63.416666666666664	61.203604791991985	60.0	17.505626801030854
Fusobacterium_nucleatum_subsp._animalis	54.285714285714285	52.928496695232916	60.0	12.932056883500598
Fusobacterium_nucleatum_subsp._animalis_4_8	60.0	59.999999999999986	60.0	0.0
Fusobacterium_nucleatum_subsp._animalis_7_1	60.0	59.999999999999986	60.0	0.0
Fusobacterium_nucleatum_subsp._polymorphum	56.714285714285715	55.32581908407166	60.0	12.730511932594622
Fusobacterium_nucleatum_subsp._vincentii	61.5	61.48170459575758	61.5	2.1213203435596424
Fusobacterium_nucleatum_subsp._vincentii_ChDC_F8	60.0	59.999999999999986	60.0	0.0
Fusobacterium_periodonticum	59.6	59.08920971226431	60.0	8.988882021697693
Fusobacterium_pseudoperiodonticum	58.25	58.16776876560764	60.0	3.5
Fusobacterium_sp._oral_taxon_203	79.0	74.66409784246247	82.0	30.610455730027933
Fusobacterium_ulcerans	48.5	48.476798574163276	48.5	2.1213203435596424
Fusobacterium_ulcerans_ATCC_49185	60.125	59.24715433394922	58.5	10.815828348173008
Fusobacterium_varium	62.44444444444444	60.72663326947144	60.0	16.41730117217132
Fusobacterium_varium_ATCC_27725	67.4	66.0503840495035	60.0	16.54690303349844
Haemophilus_influenzae	64.85714285714286	64.29601705777455	66.0	9.136530549184984
Haemophilus_influenzae_10810	43.0	43.0	43.0	0.0
Haemophilus_influenzae_F3031	43.0	43.0	43.0	0.0
Haemophilus_influenzae_F3047	60.0	59.999999999999986	60.0	0.0
Haemophilus_influenzae_Rd_KW20	0	0	0	0
Haemophilus_parainfluenzae	59.27272727272727	57.03456938467446	60.0	17.544747983889135
Helicobacter_cinaedi	54.857142857142854	54.602611017556875	53.0	5.5805785670356025
Helicobacter_pylori	42.18181818181818	41.127313183356094	41.0	10.058013539642724
Helicobacter_pylori_Puno135	72.0	72.0	72.0	0.0
Hepatitis_B_virus	0	0	0	0
Hepatitis_E_virus	0	0	0	0
Hepatitis_delta_virus	0	0	0	0
Herpes_simplex_virus_unknown_type	0	0	0	0
Histoplasma_capsulatum	0	0	0	0
Human_adenovirus_1	0	0	0	0
Human_adenovirus_11	0	0	0	0
Human_adenovirus_11+34	0	0	0	0
Human_adenovirus_11a	0	0	0	0
Human_adenovirus_11p	0	0	0	0
Human_adenovirus_12	0	0	0	0
Human_adenovirus_14	0	0	0	0
Human_adenovirus_14a	0	0	0	0
Human_adenovirus_14p	0	0	0	0
Human_adenovirus_14p1	0	0	0	0
Human_adenovirus_15	0	0	0	0
Human_adenovirus_15/H9	0	0	0	0
Human_adenovirus_16	0	0	0	0
Human_adenovirus_16p	0	0	0	0
Human_adenovirus_17	0	0	0	0
Human_adenovirus_18	0	0	0	0
Human_adenovirus_19	0	0	0	0
Human_adenovirus_19C	0	0	0	0
Human_adenovirus_19a	0	0	0	0
Human_adenovirus_19p	0	0	0	0
Human_adenovirus_1_strain_Adenoid_71	0	0	0	0
Human_adenovirus_2	0	0	0	0
Human_adenovirus_20	0	0	0	0
Human_adenovirus_21	0	0	0	0
Human_adenovirus_21a	0	0	0	0
Human_adenovirus_22	0	0	0	0
Human_adenovirus_22H8	0	0	0	0
Human_adenovirus_23	0	0	0	0
Human_adenovirus_24	0	0	0	0
Human_adenovirus_25	0	0	0	0
Human_adenovirus_26	0	0	0	0
Human_adenovirus_27	0	0	0	0
Human_adenovirus_28	0	0	0	0
Human_adenovirus_29	0	0	0	0
Human_adenovirus_3+11p	0	0	0	0
Human_adenovirus_3+7	0	0	0	0
Human_adenovirus_30	0	0	0	0
Human_adenovirus_31	0	0	0	0
Human_adenovirus_32	0	0	0	0
Human_adenovirus_33	0	0	0	0
Human_adenovirus_34	0	0	0	0
Human_adenovirus_34a	0	0	0	0
Human_adenovirus_35	0	0	0	0
Human_adenovirus_35+11	0	0	0	0
Human_adenovirus_36	0	0	0	0
Human_adenovirus_38	0	0	0	0
Human_adenovirus_38H44	0	0	0	0
Human_adenovirus_39	0	0	0	0
Human_adenovirus_3p	0	0	0	0
Human_adenovirus_40	0	0	0	0
Human_adenovirus_41	0	0	0	0
Human_adenovirus_41_Wisconsin	0	0	0	0
Human_adenovirus_42	0	0	0	0
Human_adenovirus_43	0	0	0	0
Human_adenovirus_44	0	0	0	0
Human_adenovirus_45	0	0	0	0
Human_adenovirus_46	0	0	0	0
Human_adenovirus_47	0	0	0	0
Human_adenovirus_48	0	0	0	0
Human_adenovirus_49	0	0	0	0
Human_adenovirus_4a	0	0	0	0
Human_adenovirus_4p	0	0	0	0
Human_adenovirus_5	0	0	0	0
Human_adenovirus_50	0	0	0	0
Human_adenovirus_50_prototype_strain_Wan	0	0	0	0
Human_adenovirus_51	0	0	0	0
Human_adenovirus_52	0	0	0	0
Human_adenovirus_53	0	0	0	0
Human_adenovirus_54	0	0	0	0
Human_adenovirus_55	0	0	0	0
Human_adenovirus_56	0	0	0	0
Human_adenovirus_57	0	0	0	0
Human_adenovirus_58	0	0	0	0
Human_adenovirus_59_MSJ-2011	0	0	0	0
Human_adenovirus_6	0	0	0	0
Human_adenovirus_60	0	0	0	0
Human_adenovirus_60a	0	0	0	0
Human_adenovirus_61	0	0	0	0
Human_adenovirus_62	0	0	0	0
Human_adenovirus_63	0	0	0	0
Human_adenovirus_64	0	0	0	0
Human_adenovirus_65	0	0	0	0
Human_adenovirus_66	0	0	0	0
Human_adenovirus_67	0	0	0	0
Human_adenovirus_68	0	0	0	0
Human_adenovirus_69	0	0	0	0
Human_adenovirus_7	0	0	0	0
Human_adenovirus_71	0	0	0	0
Human_adenovirus_7428	0	0	0	0
Human_adenovirus_76	0	0	0	0
Human_adenovirus_7620	0	0	0	0
Human_adenovirus_77	0	0	0	0
Human_adenovirus_78	0	0	0	0
Human_adenovirus_7961	0	0	0	0
Human_adenovirus_7a	0	0	0	0
Human_adenovirus_7d	0	0	0	0
Human_adenovirus_7d2	0	0	0	0
Human_adenovirus_7h	0	0	0	0
Human_adenovirus_7l	0	0	0	0
Human_adenovirus_7m	0	0	0	0
Human_adenovirus_7p	0	0	0	0
Human_adenovirus_81	0	0	0	0
Human_adenovirus_86	0	0	0	0
Human_adenovirus_8E	0	0	0	0
Human_adenovirus_9042	0	0	0	0
Human_adenovirus_9052	0	0	0	0
Human_adenovirus_9431	0	0	0	0
Human_adenovirus_A02-2B-2	0	0	0	0
Human_adenovirus_A03-2B-1	0	0	0	0
Human_adenovirus_ATCC_VR-1501	0	0	0	0
Human_adenovirus_ATCC_VR-1502	0	0	0	0
Human_adenovirus_AdV/Berlin	0	0	0	0
Human_adenovirus_AdV/Berlin003/02/DE	0	0	0	0
Human_adenovirus_AdV/Berlin004/02/DE	0	0	0	0
Human_adenovirus_AdV/Berlin131/01/DE	0	0	0	0
Human_adenovirus_AdV/Berlin524/01/DE	0	0	0	0
Human_adenovirus_AdV/Berlin604/01/DE	0	0	0	0
Human_adenovirus_AdV/Berlin619/01/DE	0	0	0	0
Human_adenovirus_AdV/Berlin643/01/DE	0	0	0	0
Human_adenovirus_AdV/Berlin682/01/DE	0	0	0	0
Human_adenovirus_AdV/Berlin718/01/DE	0	0	0	0
Human_adenovirus_AdV/Berlin749/01/DE	0	0	0	0
Human_adenovirus_AdV/Berlin769/01/DE	0	0	0	0
Human_adenovirus_AdV/Berlin859/01/DE	0	0	0	0
Human_adenovirus_B1	0	0	0	0
Human_adenovirus_B11/35	0	0	0	0
Human_adenovirus_B14/55	0	0	0	0
Human_adenovirus_B16	0	0	0	0
Human_adenovirus_B2	0	0	0	0
Human_adenovirus_B3	0	0	0	0
Human_adenovirus_B72	0	0	0	0
Human_adenovirus_B79	0	0	0	0
Human_adenovirus_Chiba_E086/2012	0	0	0	0
Human_adenovirus_D10	0	0	0	0
Human_adenovirus_D13	0	0	0	0
Human_adenovirus_D15H9	0	0	0	0
Human_adenovirus_D17H29	0	0	0	0
Human_adenovirus_D19H30	0	0	0	0
Human_adenovirus_D30H44	0	0	0	0
Human_adenovirus_D37	0	0	0	0
Human_adenovirus_D37H13	0	0	0	0
Human_adenovirus_D37H17	0	0	0	0
Human_adenovirus_D46H13	0	0	0	0
Human_adenovirus_D8	0	0	0	0
Human_adenovirus_D9	0	0	0	0
Human_adenovirus_E4	0	0	0	0
Human_adenovirus_H02-2B-2	0	0	0	0
Human_adenovirus_H02-2B-3	0	0	0	0
Human_adenovirus_H03-2B-1	0	0	0	0
Human_adenovirus_H08-2B-2	0	0	0	0
Human_adenovirus_I02-2B-2	0	0	0	0
Human_adenovirus_I05-2B-2	0	0	0	0
Human_adenovirus_LZY153B	0	0	0	0
Human_adenovirus_MKJ/Chennai/2010	0	0	0	0
Human_adenovirus_RKI-2797/04	0	0	0	0
Human_adenovirus_S02-2B-1	0	0	0	0
Human_adenovirus_S03-2B-1	0	0	0	0
Human_adenovirus_S03-2B-2	0	0	0	0
Human_adenovirus_S03-2B-3	0	0	0	0
Human_adenovirus_S05-2B-2	0	0	0	0
Human_adenovirus_S06-2B-3	0	0	0	0
Human_adenovirus_S07-2B-2	0	0	0	0
Human_adenovirus_S08-2B-3	0	0	0	0
Human_adenovirus_S10-1-6	0	0	0	0
Human_adenovirus_isolate_MY7/1	0	0	0	0
Human_adenovirus_isolate_MY8/1	0	0	0	0
Human_adenovirus_isolate_SGH2289	0	0	0	0
Human_adenovirus_isolate_SGH5253	0	0	0	0
Human_adenovirus_sp.	0	0	0	0
Human_adenovirus_type_35p	0	0	0	0
Human_alphaherpesvirus_1	0	0	0	0
Human_alphaherpesvirus_1_strain_17	0	0	0	0
Human_alphaherpesvirus_1_strain_A44	0	0	0	0
Human_alphaherpesvirus_1_strain_Angelotti	0	0	0	0
Human_alphaherpesvirus_1_strain_CL101	0	0	0	0
Human_alphaherpesvirus_1_strain_CVG-2	0	0	0	0
Human_alphaherpesvirus_1_strain_F	0	0	0	0
Human_alphaherpesvirus_1_strain_H129	0	0	0	0
Human_alphaherpesvirus_1_strain_HFEM	0	0	0	0
Human_alphaherpesvirus_1_strain_HZT	0	0	0	0
Human_alphaherpesvirus_1_strain_KOS	0	0	0	0
Human_alphaherpesvirus_1_strain_MGH-10	0	0	0	0
Human_alphaherpesvirus_1_strain_MP	0	0	0	0
Human_alphaherpesvirus_1_strain_Patton	0	0	0	0
Human_alphaherpesvirus_1_strain_R-15	0	0	0	0
Human_alphaherpesvirus_1_strain_R19	0	0	0	0
Human_alphaherpesvirus_1_strain_RH2	0	0	0	0
Human_alphaherpesvirus_1_strain_SC16	0	0	0	0
Human_alphaherpesvirus_2	0	0	0	0
Human_alphaherpesvirus_3	0	0	0	0
Human_gammaherpesvirus_4	0	0	0	0
Human_hepatitis_A_virus	0	0	0	0
Human_herpesvirus_2_strain_186	0	0	0	0
Human_herpesvirus_2_strain_333	0	0	0	0
Human_herpesvirus_2_strain_B4327UR	0	0	0	0
Human_herpesvirus_2_strain_G	0	0	0	0
Human_herpesvirus_2_strain_HG52	0	0	0	0
Human_herpesvirus_2_strain_SA8	0	0	0	0
Human_herpesvirus_2_strain_SD90	0	0	0	0
Human_herpesvirus_2_strain_SN03	0	0	0	0
Human_herpesvirus_2_strain_SS01	0	0	0	0
Human_herpesvirus_2_strain_ST04	0	0	0	0
Human_herpesvirus_3_VZV-32	0	0	0	0
Human_herpesvirus_3_strain_Dumas	0	0	0	0
Human_herpesvirus_3_strain_Oka_vaccine	0	0	0	0
Human_herpesvirus_4_strain_B95-8	0	0	0	0
Human_herpesvirus_4_strain_CAO	0	0	0	0
Human_herpesvirus_4_strain_RAJI	0	0	0	0
Human_herpesvirus_4_type_1	0	0	0	0
Human_herpesvirus_4_type_2	0	0	0	0
Human_herpesvirus_5_(strain_1042)	0	0	0	0
Human_herpesvirus_5_(strain_119)	0	0	0	0
Human_herpesvirus_5_(strain_2387)	0	0	0	0
Human_herpesvirus_5_(strain_4654)	0	0	0	0
Human_herpesvirus_5_(strain_5035)	0	0	0	0
Human_herpesvirus_5_strain_5040	0	0	0	0
Human_herpesvirus_5_strain_5160	0	0	0	0
Human_herpesvirus_5_strain_5508	0	0	0	0
Human_herpesvirus_5_strain_AD169	0	0	0	0
Human_herpesvirus_5_strain_Colburn	0	0	0	0
Human_herpesvirus_5_strain_Eisenhardt	0	0	0	0
Human_herpesvirus_5_strain_Merlin	0	0	0	0
Human_herpesvirus_5_strain_PT	0	0	0	0
Human_herpesvirus_5_strain_Toledo	0	0	0	0
Human_herpesvirus_5_strain_Towne	0	0	0	0
Human_herpesvirus_6_(strain_GS)	0	0	0	0
Human_herpesvirus_6_(strain_Uganda-1102)	0	0	0	0
Human_herpesvirus_6_strain_Z29	0	0	0	0
Human_herpesvirus_7_strain_JI	0	0	0	0
Human_herpesvirus_7_strain_MUK	0	0	0	0
Human_herpesvirus_7_strain_RK	0	0	0	0
Human_herpesvirus_8_strain_GK18	0	0	0	0
Human_herpesvirus_8_strain_rKSHV.219	0	0	0	0
Human_herpesvirus_8_type_M	0	0	0	0
Human_mastadenovirus_C	0	0	0	0
JC_polyomavirus	0	0	0	0
JC_virus_x_BK_virus	0	0	0	0
Klebsiella_aerogenes	58.52	57.20587283023866	60.0	12.942565433483423
Klebsiella_aerogenes_EA1509E	61.0	61.00000000000001	61.0	0.0
Klebsiella_michiganensis	57.03846153846154	56.50174168566502	60.0	7.312896932027795
Klebsiella_michiganensis_HKOPL1	60.0	59.999999999999986	60.0	0.0
Klebsiella_michiganensis_KCTC_1686	60.0	59.999999999999986	60.0	0.0
Klebsiella_oxytoca	47.666666666666664	45.89509187502407	44.0	14.00840084084001
Klebsiella_pneumoniae	54.375	53.469380439513984	59.0	9.741000809680367
Klebsiella_pneumoniae_subsp._pneumoniae	57.2	55.69448312565742	60.0	13.264823992633886
Klebsiella_pneumoniae_subsp._rhinoscleromatis	0	0	0	0
Legionella_anisa	55.4	54.16479910381901	60.0	12.680693987317886
Legionella_lansingensis	63.625	60.60093757649979	60.0	20.15608734707352
Legionella_pneumophila	49.333333333333336	47.64420707730559	46.5	14.62418088874268
Legionella_pneumophila_str._Corby	58.0	57.98295178689272	57.0	1.7320508075688772
Legionella_pneumophila_subsp._fraseri	88.0	88.00000000000003	88.0	0.0
Legionella_pneumophila_subsp._pascullei	51.0	51.0	51.0	0.0
Legionella_pneumophila_subsp._pneumophila	56.333333333333336	56.083209632043804	60.0	6.3508529610858835
Leptospira_alexanderi	0	0	0	0
Leptospira_alstonii	0	0	0	0
Leptospira_biflexa	0	0	0	0
Leptospira_biflexa_serovar_Patoc	61.0	60.99180272790762	61.0	1.4142135623730951
Leptospira_borgpetersenii	60.0	59.999999999999986	60.0	0.0
Leptospira_borgpetersenii_serovar_Ceylonica	48.0	48.00000000000001	48.0	0.0
Leptospira_broomii	0	0	0	0
Leptospira_fainei	0	0	0	0
Leptospira_inadai	0	0	0	0
Leptospira_interrogans	55.875	55.29064653443299	60.0	8.007808689023483
Leptospira_interrogans_serovar_Bataviae	45.0	44.99999999999999	45.0	0.0
Leptospira_interrogans_serovar_Hardjo-prajitno	44.0	43.99999999999999	44.0	0.0
Leptospira_interrogans_serovar_Manilae	67.0	66.63332499583073	67.0	9.899494936611665
Leptospira_kirschneri	0	0	0	0
Leptospira_kmetyi	50.5	50.35972429079681	49.0	4.174754056057845
Leptospira_licerasiae	0	0	0	0
Leptospira_noguchii	55.8	55.14081118933936	60.0	8.843076387773658
Leptospira_santarosai	49.333333333333336	45.4843345439957	41.0	24.057223447438815
Leptospira_santarosai_serovar_Shermani_str._LT_821	38.0	37.99999999999999	38.0	0.0
Leptospira_weilii	60.54545454545455	59.17812390776988	60.0	13.938175177286562
Leptospira_wolffii	0	0	0	0
Listeria_monocytogenes	64.91304347826087	62.05056740575555	60.0	20.324944812779002
Listeria_monocytogenes_6179	54.25	54.23415188390624	55.0	1.5
Listeria_monocytogenes_FSL_J1-208	59.57142857142857	59.33363273960626	60.0	5.711308748355986
Listeria_monocytogenes_HCC23	55.416666666666664	54.74339267453773	59.0	8.701706555021087
Listeria_monocytogenes_J1816	60.0	59.516184329228636	60.0	8.07465169527454
Listeria_monocytogenes_serotype_1/2a_str._08-7363	53.0	52.812204046683284	51.5	5.228129047119374
Methanobrevibacter_oralis	0	0	0	0
Moraxella_catarrhalis	0	0	0	0
Mycobacterium_avium	59.84848484848485	57.83355896135781	60.0	15.904685219146861
Mycobacterium_avium_subsp._avium	57.092592592592595	55.616209789038784	60.0	13.194120070341892
Mycobacterium_avium_subsp._hominissuis	61.70025188916876	59.59617770723203	60.0	16.662221374970194
Mycobacterium_avium_subsp._paratuberculosis	59.71296296296296	57.99901795457983	60.0	14.853207543031658
Mycobacterium_canettii	57.95	56.99067733799982	60.0	10.228040893192622
Mycobacterium_colombiense	0	0	0	0
Mycobacterium_colombiense_CECT_3035	59.09448818897638	57.278461728728715	60.0	15.059758020806807
Mycobacterium_dioxanotrophicus	59.096045197740104	57.004103267817946	60.0	16.05239661733468
Mycobacterium_intracellulare	60.36538461538461	58.52128087462238	60.0	15.296085307039382
Mycobacterium_intracellulare_subsp._yongonense	58.12962962962963	56.177460426027	59.0	15.780378920297988
Mycobacterium_kansasii	57.64606741573034	55.55778345762041	59.0	16.294594670538235
Mycobacterium_leprae	0	0	0	0
Mycobacterium_leprae_Kyoto-2	62.5625	59.87687787234233	60.5	19.582198548681912
Mycobacterium_marseillense	58.51587301587302	56.647121512341286	60.0	15.056988226532228
Mycobacterium_paragordonae	59.946107784431135	58.16797683674312	60.0	15.122029149090586
Mycobacterium_sp._DL90	0	0	0	0
Mycobacterium_sp._JS623	60.70228310502282	58.62611948611738	60.0	16.051418302367715
Mycobacterium_sp._YC-RL4	58.10920770877945	56.00852538947759	60.0	16.109831615905144
Mycobacterium_tuberculosis	57.972972972972975	56.94840478520881	60.0	11.225344262353552
Mycobacterium_tuberculosis_KZN_1435	59.41428571428571	58.123423124079245	60.0	12.937411045292851
Mycobacterium_tuberculosis_complex	58.23076923076923	56.094621344776684	60.0	16.089606404234264
Mycobacterium_tuberculosis_variant_africanum	0	0	0	0
Mycobacterium_tuberculosis_variant_bovis	0	0	0	0
Mycobacteroides_abscessus	57.66486486486487	55.86471041112132	60.0	14.6631046933432
Mycobacteroides_abscessus_subsp._abscessus	58.70930232558139	56.83631759618409	59.0	15.729976088437578
Mycobacteroides_abscessus_subsp._bolletii	58.0	57.297604052880416	54.0	9.746794344808963
Mycobacteroides_abscessus_subsp._bolletii_50594	65.22222222222223	64.4503611494607	60.0	11.850925889754118
Mycobacteroides_abscessus_subsp._massiliense	55.604651162790695	54.712722418129324	60.0	9.887797999563766
Mycobacteroides_abscessus_subsp._massiliense_CCUG_48898_=_JCM_15300	63.05555555555556	61.59594847210523	60.0	15.171460134554586
Mycoplasma_pneumoniae	39.0	38.99999999999999	39.0	0.0
Neisseria	52.625	51.00650996226153	56.5	13.1045306441801
Neisseria_animalis	53.666666666666664	50.68393532635542	60.0	20.256686138984662
Neisseria_animaloris	46.54545454545455	45.96119625109417	47.0	7.68587843208096
Neisseria_bacilliformis	53.131578947368425	50.73618590018927	53.0	17.192347531845698
Neisseria_brasiliensis	48.5	47.11687595755899	48.5	16.263455967290593
Neisseria_canis	52.6	51.89328731025616	51.0	9.710818709048173
Neisseria_chenwenguii	54.5	53.27728572402965	60.0	11.796892246124258
Neisseria_cinerea	74.0	74.00000000000003	74.0	0.0
Neisseria_dentiae	65.4090909090909	62.71597884768535	60.0	19.877383872390997
Neisseria_dumasiana	63.0	60.416402276346616	60.0	21.840329667841555
Neisseria_elongata	0	0	0	0
Neisseria_elongata_subsp._glycolytica	60.785714285714285	60.625099351600745	60.0	4.6604484998528
Neisseria_flavescens	59.5	56.55086206239477	59.5	26.16295090390226
Neisseria_gonorrhoeae	55.333333333333336	54.91446760554319	60.0	8.082903768654761
Neisseria_gonorrhoeae_NG-k51.05	40.0	40.0	40.0	0.0
Neisseria_lactamica	69.2	65.6848616551426	60.0	25.46958971008367
Neisseria_macacae_ATCC_33926	60.0	59.999999999999986	60.0	0.0
Neisseria_meningitidis	58.55555555555556	54.751030682658566	60.0	22.439424631165963
Neisseria_meningitidis_8013	60.0	59.999999999999986	60.0	0.0
Neisseria_meningitidis_M01-240355	60.0	59.999999999999986	60.0	0.0
Neisseria_meningitidis_M0579	39.0	38.99999999999999	39.0	0.0
Neisseria_meningitidis_MC58	48.0	48.00000000000001	48.0	0.0
Neisseria_meningitidis_NZ-05/33	60.0	59.999999999999986	60.0	0.0
Neisseria_mucosa	43.666666666666664	42.21656844374274	38.0	14.364307617610162
Neisseria_musculi	50.2	48.14080727955329	46.0	15.942953859864796
Neisseria_perflava	60.0	59.999999999999986	60.0	0.0
Neisseria_shayeganii	60.76	58.77293865187641	60.0	16.551132891738856
Neisseria_sicca	68.0	64.67611614808047	68.0	29.698484809834994
Neisseria_sp._10022	56.36363636363637	54.64008213543177	51.0	16.31730815589831
Neisseria_sp._KEM232	55.523809523809526	54.16709450194421	60.0	12.302922610579357
Neisseria_sp._ZJ785	53.5	53.07961615959305	54.5	7.681145747868608
Neisseria_subflava	106.0	105.99999999999997	106.0	0.0
Neisseria_wadsworthii	59.0	58.982854349493536	60.0	1.7320508075688772
Neisseria_weaveri	43.333333333333336	43.00306450126385	47.0	6.3508529610858835
Neisseria_zalophi	43.0	41.252066012224226	39.0	15.394804318340652
Neisseria_zoodegmatis	42.0	42.00000000000001	42.0	0.0
Ochrobactrum	64.1	59.91427771553777	60.0	24.464400596616386
Orthohepadnavirus	0	0	0	0
Parvimonas_micra	63.48148148148148	61.3419038214205	60.0	17.622909849594972
Pasteurella_multocida	37.0	36.99999999999999	37.0	0.0
Pasteurella_multocida_subsp._multocida	41.0	40.89009660052175	41.0	4.242640687119285
Peptostreptococcus_anaerobius	0	0	0	0
Plasmodium_falciparum	0	0	0	0
Plasmodium_vivax	0	0	0	0
Pneumocystis_carinii	0	0	0	0
Pneumocystis_jirovecii	0	0	0	0
Porphyromonas_gingivalis	57.666666666666664	56.199730245925444	60.0	12.564982605590343
Porphyromonas_gingivalis_AJW4	56.0	56.00000000000002	56.0	0.0
Porphyromonas_gingivalis_W83	45.5	45.03332099679082	45.5	9.192388155425117
Pseudochrobactrum	60.523809523809526	58.40277318540892	60.0	16.981222122153184
Pseudomonas_aeruginosa	58.91293532338309	57.4711933191015	60.0	13.110883820749523
Pseudomonas_aeruginosa_19BR	58.666666666666664	58.635888355129524	60.0	2.309401076758503
Pseudomonas_aeruginosa_213BR	46.5	46.281745861624536	46.5	6.363961030678928
Pseudomonas_aeruginosa_39016	53.2	53.01160047431504	53.0	4.969909455915671
Pseudomonas_aeruginosa_C-NN2	63.44444444444444	61.58240820614062	60.0	16.35627640319696
Pseudomonas_aeruginosa_CI27	57.1	56.422257824699216	60.0	8.86253036352736
Pseudomonas_aeruginosa_DHS01	59.5	58.90334937769652	60.0	8.834905520465714
Pseudomonas_aeruginosa_NCGM2.S1	55.6	55.332006230174926	58.0	5.89915248150105
Pseudomonas_aeruginosa_PA96	59.22222222222222	58.98380976950566	60.0	5.6075346137535735
Pseudomonas_aeruginosa_SG17M	55.5	53.59955465045581	55.5	16.084153692376855
Pseudomonas_aeruginosa_SJTD-1	58.8	57.151589104602415	54.0	16.208022704821214
Pseudomonas_aeruginosa_VRFPA04	57.333333333333336	55.187676112044585	54.5	17.951787283350555
Pseudomonas_aeruginosa_YL84	63.833333333333336	61.863635889890524	60.0	15.42626646242366
Pseudomonas_alcaligenes	60.863049095607224	59.29383097392523	60.0	14.230681077980064
Pseudomonas_arsenicoxydans	53.92307692307692	52.740904016084244	57.5	10.91759342317922
Pseudomonas_azotoformans	56.125	54.829039104104496	59.0	12.120096498396157
Pseudomonas_brenneri	54.92307692307692	51.72951489254653	44.0	21.665877697666815
Pseudomonas_fluorescens	54.61658031088083	53.29807746466063	60.0	11.856702337840492
Pseudomonas_fluorescens_BBc6R8	50.0	49.91836026618004	48.5	3.366501646120693
Pseudomonas_fluorescens_Q2-87	54.666666666666664	53.46365345573215	60.0	11.420741365311331
Pseudomonas_fluorescens_Q8r1-96	55.57142857142857	54.213096902644295	60.0	11.282097069504156
Pseudomonas_fluorescens_SBW25	68.0	65.3248732629718	60.0	19.17898155099309
Pseudomonas_fluorescens_WH6	53.111111111111114	52.470523981038006	60.0	8.506533436783231
Pseudomonas_litoralis	0	0	0	0
Pseudomonas_moraviensis	54.6	53.0701718352549	60.0	12.419848291301602
Pseudomonas_mucidolens	54.714285714285715	53.896455545102114	60.0	9.302014433845635
Pseudomonas_protegens	54.7	53.18777902023813	59.5	13.210865463403028
Pseudomonas_protegens_CHA0	59.44444444444444	58.09742682720588	60.0	12.854003143978025
Pseudomonas_psychrophila	55.54545454545455	54.50029134317024	60.0	9.832229008354478
Pseudomonas_putida	55.38974358974359	54.032891463351454	60.0	12.149493962390451
Pseudomonas_putida_B6-2	60.0	59.999999999999986	60.0	0.0
Pseudomonas_putida_BIRD-1	52.0	52.00000000000001	52.0	0.0
Pseudomonas_putida_DOT-T1E	48.75	48.610263137657746	47.0	4.166190448976482
Pseudomonas_putida_H8234	56.785714285714285	55.288947259394725	60.0	14.46576101552358
Pseudomonas_putida_KT2440	54.0	52.806704207603566	60.0	12.0
Pseudomonas_putida_ND6	63.5	62.21212760779716	66.5	14.153915830374764
Pseudomonas_putida_S12	51.0	51.0	51.0	0.0
Pseudomonas_putida_S13.1.2	54.09090909090909	53.5060087936167	59.5	7.794436910595066
Pseudomonas_rhizosphaerae	53.45454545454545	52.55645200251375	60.0	9.450829689407266
Pseudomonas_silesiensis	55.0	53.658704523275816	59.5	12.528754805234914
Pseudomonas_sp._02C_26	57.30434782608695	56.14501913536641	60.0	11.718894180698722
Pseudomonas_sp._ACM7	54.96	53.402185516240216	60.0	13.602940858505562
Pseudomonas_sp._ATCC_13867	59.06666666666667	57.66483817843453	60.0	12.829793591621176
Pseudomonas_sp._CC6-YY-74	64.01886792452831	62.56471312122224	60.0	14.124602738332962
Pseudomonas_sp._M30-35	64.66666666666667	62.91762683668664	60.0	17.635192088548397
Pseudomonas_sp._RU47	55.63636363636363	54.53732755407989	58.0	10.984286297003798
Pseudomonas_sp._S09G_359	56.42857142857143	54.15427767312197	55.0	17.284592643656456
Pseudomonas_stutzeri	58.0539629005059	56.50064430436507	60.0	13.786026095974584
Pseudomonas_stutzeri_A1501	58.70967741935484	56.981292190768066	60.0	15.582454980708482
Pseudomonas_stutzeri_CCUG_29243	57.421052631578945	56.6522727124573	60.0	9.635608450605043
Pseudomonas_stutzeri_DSM_10701	57.397260273972606	55.42781242862619	60.0	15.783025099091072
Pseudomonas_stutzeri_DSM_4166	54.65217391304348	52.81535106773568	60.0	13.53651189007706
Pseudomonas_stutzeri_RCH2	56.422222222222224	54.902192555272045	60.0	13.31009338278984
Pseudomonas_synxantha	56.18867924528302	55.38053611405834	60.0	9.286169624715242
Pseudomonas_synxantha_BG33R	55.166666666666664	54.21800236135454	60.0	10.008329864001619
Pseudomonas_taetrolens	49.1	48.206015592722714	51.0	9.562077877393246
Recombinant_Human_herpesvirus_03/10478	0	0	0	0
Rickettsia_africae	0	0	0	0
Rickettsia_akari	0	0	0	0
Rickettsia_conorii	42.0	42.00000000000001	42.0	0.0
Rickettsia_felis	0	0	0	0
Rickettsia_japonica	0	0	0	0
Rickettsia_prowazekii	0	0	0	0
Rickettsia_prowazekii_str._Dachau	60.0	59.999999999999986	60.0	0.0
Rickettsia_rickettsii	0	0	0	0
Rickettsia_sibirica	0	0	0	0
Rickettsia_typhi	30.0	30.000000000000004	30.0	0.0
Salmonella_enterica	53.588235294117645	50.19094290739738	51.0	21.621918345539473
Salmonella_enterica_subsp._VII	38.0	37.99999999999999	38.0	0.0
Salmonella_enterica_subsp._diarizonae_serovar_48:i:z	60.0	59.999999999999986	60.0	0.0
Salmonella_enterica_subsp._diarizonae_serovar_61:k:1,5,(7)	60.0	59.999999999999986	60.0	0.0
Salmonella_enterica_subsp._enterica	52.82608695652174	51.11046385889032	58.0	13.586932806303414
Salmonella_enterica_subsp._enterica_serovar_Agona	66.0	65.99999999999997	66.0	0.0
Salmonella_enterica_subsp._enterica_serovar_Choleraesuis	56.0	55.76988907421349	59.0	6.082762530298219
Salmonella_enterica_subsp._enterica_serovar_Hillingdon_str._N1529-D3	60.0	59.999999999999986	60.0	0.0
Salmonella_enterica_subsp._enterica_serovar_Paratyphi_A	48.0	48.00000000000001	48.0	0.0
Salmonella_enterica_subsp._enterica_serovar_Paratyphi_A_str._ATCC_11511	48.0	48.00000000000001	48.0	0.0
Salmonella_enterica_subsp._enterica_serovar_Paratyphi_C_str._RKS4594	60.0	59.999999999999986	60.0	0.0
Salmonella_enterica_subsp._enterica_serovar_Senftenberg	55.0	55.000000000000014	55.0	0.0
Salmonella_enterica_subsp._enterica_serovar_Typhi	60.0	59.999999999999986	60.0	0.0
Salmonella_enterica_subsp._enterica_serovar_Typhimurium	60.75	60.39963536400357	64.0	7.22841614740048
Salmonella_enterica_subsp._enterica_serovar_Weltevreden	35.0	34.99999999999999	35.0	0.0
Salmonella_enterica_subsp._salamae	60.0	59.999999999999986	60.0	0.0
Salmonella_enterica_subsp._salamae_serovar_55:k:z39_str._1315K	59.5	59.329587896765304	59.5	6.363961030678928
Schistosoma_mansoni	59.967275494672755	59.9567187851434	60.0	1.0405315466977358
Shigella_boydii	0	0	0	0
Shigella_dysenteriae	0	0	0	0
Shigella_flexneri	0	0	0	0
Shigella_flexneri_3a	35.0	34.99999999999999	35.0	0.0
Shigella_sonnei	0	0	0	0
Simian_virus_42	0	0	0	0
Staphylococcus_aureus	60.9296875	58.62215769074826	60.0	16.806065456318063
Staphylococcus_aureus_RF122	53.0	51.84592558726289	53.0	15.556349186104045
Staphylococcus_aureus_subsp._aureus_71193	63.0	61.84658438426491	63.0	16.97056274847714
Staphylococcus_aureus_subsp._aureus_ED133	60.0	59.999999999999986	60.0	0.0
Staphylococcus_aureus_subsp._aureus_LGA251	59.0	59.000000000000014	59.0	0.0
Staphylococcus_aureus_subsp._aureus_M013	42.0	42.00000000000001	42.0	0.0
Staphylococcus_aureus_subsp._aureus_NCTC_8325	59.75	59.510714121153754	60.0	6.13052471924984
Staphylococcus_aureus_subsp._aureus_SA40	47.0	46.99999999999999	47.0	0.0
Staphylococcus_aureus_subsp._aureus_ST398	66.0	65.99999999999997	66.0	0.0
Staphylococcus_aureus_subsp._aureus_TCH60	59.5	58.37246788923832	60.0	13.076696830622021
Staphylococcus_aureus_subsp._aureus_Z172	60.0	59.999999999999986	60.0	0.0
Staphylococcus_cohnii	64.52631578947368	63.50400709982345	60.0	12.859792727950476
Staphylococcus_epidermidis	57.36666666666667	56.68368121653467	60.0	8.442435231831993
Staphylococcus_epidermidis_ATCC_12228	64.33333333333333	58.85225890736551	70.0	29.90540642314251
Staphylococcus_epidermidis_PM221	59.833333333333336	58.45136273671501	65.5	13.3628839202721
Staphylococcus_equorum	59.77777777777778	58.43617032866999	60.0	13.173473499438334
Staphylococcus_hominis	55.6	53.97981117651455	60.0	14.662878298615176
Staphylococcus_hominis_subsp._hominis	59.642857142857146	59.139946663948585	60.0	8.034609203623102
Staphylococcus_nepalensis	56.23529411764706	53.80940653014322	58.0	17.736013545061027
Staphylococcus_saprophyticus	58.6	56.985214273908305	60.0	14.52870721479834
Staphylococcus_sciuri	0	0	0	0
Staphylococcus_simulans	65.13513513513513	62.83113162715551	60.0	17.81098625094161
Staphylococcus_succinus	53.55555555555556	52.55538271174068	51.0	11.446736555795184
Streptococcus	58.972972972972975	56.614817991898455	60.0	16.831496157479965
Streptococcus_acidominimus	48.0	48.00000000000001	48.0	0.0
Streptococcus_agalactiae	47.75	47.14968123670675	45.0	8.99536917900909
Streptococcus_anginosus	43.2	42.34973778756559	40.0	10.084641788382967
Streptococcus_anginosus_C1051	71.4	67.75151477059356	89.0	24.099792530227308
Streptococcus_anginosus_group	60.0	59.999999999999986	60.0	0.0
Streptococcus_canis	0	0	0	0
Streptococcus_cristatus	0	0	0	0
Streptococcus_cristatus_ATCC_51100	62.0	62.00000000000001	62.0	0.0
Streptococcus_dysgalactiae	58.5	58.48076606885378	58.5	2.1213203435596424
Streptococcus_dysgalactiae_subsp._dysgalactiae	52.666666666666664	51.95212556258535	57.0	10.214368964029708
Streptococcus_dysgalactiae_subsp._equisimilis	60.0	59.999999999999986	60.0	0.0
Streptococcus_equi_subsp._zooepidemicus	49.6	48.897280880752966	47.0	9.154233993076646
Streptococcus_equinus	71.5	67.5906024805698	68.5	25.85122268454075
Streptococcus_ferus	54.2	52.8164708638188	48.0	13.881642554107204
Streptococcus_gallolyticus	34.0	33.98529093593285	34.0	1.4142135623730951
Streptococcus_gallolyticus_UCN34	53.0	52.04805471869243	53.0	14.142135623730951
Streptococcus_gordonii	57.5	55.444433713294224	60.0	16.583123951777
Streptococcus_gordonii_str._Challis_substr._CH1	0	0	0	0
Streptococcus_halichoeri	55.333333333333336	54.574121294983996	60.0	10.785793124908958
Streptococcus_halotolerans	53.5	53.103672189407	53.5	7.505553499465135
Streptococcus_infantarius_subsp._infantarius_CJ18	51.0	49.159276236038764	60.0	15.588457268119896
Streptococcus_infantis	51.0	51.0	51.0	0.0
Streptococcus_iniae	59.0	58.982854349493536	60.0	1.7320508075688772
Streptococcus_intermedius	60.0	59.999999999999986	60.0	0.0
Streptococcus_intermedius_B196	60.0	59.999999999999986	60.0	0.0
Streptococcus_koreensis	46.0	46.0	46.0	0.0
Streptococcus_lutetiensis	52.4	51.59855409434665	59.0	9.964938534682489
Streptococcus_marmotae	55.0	53.99103497529748	60.0	10.63014581273465
Streptococcus_merionis	84.8	84.33615321403194	89.0	9.391485505499118
Streptococcus_milleri	0	0	0	0
Streptococcus_mitis	65.83333333333333	64.77587818245708	60.0	14.288690166235206
Streptococcus_mitis_B6	62.833333333333336	60.62357198187067	60.0	18.65922470700931
Streptococcus_mutans	54.0	53.66563145999496	54.0	8.48528137423857
Streptococcus_mutans_UA159	54.833333333333336	52.38495013941263	51.5	18.988593067067043
Streptococcus_oralis	58.0	57.999999999999986	58.0	0.0
Streptococcus_oralis_subsp._tigurinus	45.0	44.99999999999999	45.0	0.0
Streptococcus_pantholopis	64.25	63.719598145335475	66.0	9.394147114027968
Streptococcus_parasanguinis	65.0	64.99999999999999	65.0	0.0
Streptococcus_parasanguinis_ATCC_15912	48.666666666666664	48.657615964587194	48.0	1.1547005383792517
Streptococcus_parasanguinis_FW213	30.0	30.000000000000004	30.0	0.0
Streptococcus_parasuis	51.0	50.009999000199954	51.0	14.142135623730951
Streptococcus_parauberis	54.0	53.83902679087803	51.0	5.196152422706632
Streptococcus_parauberis_NCFD_2020	56.72727272727273	55.80300634005634	60.0	10.402796826727984
Streptococcus_periodonticum	60.0	59.999999999999986	60.0	0.0
Streptococcus_pluranimalium	53.0	52.535702146254785	53.0	9.899494936611665
Streptococcus_pneumoniae	62.0	60.414240533022166	60.0	16.673332000533065
Streptococcus_pneumoniae_SPN032672	84.0	83.99999999999999	84.0	0.0
Streptococcus_porcinus	58.75	58.413150316920095	60.0	7.088723439378913
Streptococcus_pseudoporcinus	51.0	50.14451523783389	53.0	11.135528725660043
Streptococcus_pyogenes	62.0	60.789564229210676	60.0	15.0996688705415
Streptococcus_pyogenes_A20	45.0	44.99999999999999	45.0	0.0
Streptococcus_ratti	60.32795698924731	57.65398652277583	60.0	17.893528140561294
Streptococcus_rubneri	60.0	59.999999999999986	60.0	0.0
Streptococcus_salivarius	61.48275862068966	59.39113434728695	60.0	16.659661910596192
Streptococcus_salivarius_57.I	57.0	54.990908339470096	57.0	21.213203435596427
Streptococcus_salivarius_CCHSS3	62.0	62.00000000000001	62.0	0.0
Streptococcus_salivarius_JIM8777	84.0	80.41451517178115	100.0	27.712812921102035
Streptococcus_sanguinis	48.666666666666664	48.05029450512366	43.0	9.814954576223638
Streptococcus_sobrinus	41.0	41.00000000000001	41.0	0.0
Streptococcus_sp._A12	54.0	54.00000000000001	54.0	0.0
Streptococcus_sp._CNU_G2	71.5	67.86751800382858	71.5	31.81980515339464
Streptococcus_sp._CNU_G3	66.5	66.48308055437865	66.5	2.1213203435596424
Streptococcus_sp._HSISM1	0	0	0	0
Streptococcus_sp._HSISS3	60.0	59.999999999999986	60.0	0.0
Streptococcus_sp._LPB0220	48.5	48.08473629084103	45.0	7.681145747868608
Streptococcus_sp._oral_taxon_061	40.5	40.42276586281546	40.5	3.5355339059327378
Streptococcus_sp._oral_taxon_064	40.0	40.0	40.0	0.0
Streptococcus_sp._oral_taxon_431	67.0	66.99999999999997	67.0	0.0
Streptococcus_sp._zg-86	43.333333333333336	43.00306450126385	47.0	6.3508529610858835
Streptococcus_suis	53.333333333333336	48.44493697809959	38.0	30.088757590391353
Streptococcus_suis_D12	63.0	62.99999999999999	63.0	0.0
Streptococcus_suis_JS14	70.0	70.00000000000003	70.0	0.0
Streptococcus_thermophilus	61.4	61.338896808166126	60.0	3.1304951684997055
Streptococcus_thermophilus_1F8CT	60.0	59.999999999999986	60.0	0.0
Streptococcus_thermophilus_ND03	65.5	65.26867548832287	65.5	7.7781745930520225
Streptococcus_troglodytae	79.0	79.0	79.0	0.0
Streptococcus_uberis	63.6	61.97262355962793	60.0	16.994116628998402
Streptococcus_urinalis	48.0	46.475800154488994	48.0	16.97056274847714
Streptococcus_vestibularis	57.333333333333336	57.205170119664565	60.0	4.618802153517007
Taenia_solium	0	0	0	0
Tannerella_forsythia	50.875	50.437330087122795	48.0	7.2197645390968255
Tannerella_forsythia_92A2	48.0	47.04316090098693	40.0	10.954451150103322
Tannerella_forsythia_KS16	39.75	39.42080668885405	37.0	6.18465843842649
Toxoplasma_gondii	0	0	0	0
Treponema	55.8125	54.75886140400236	60.0	10.329367518552786
Treponema_azotonutricium_ZAS-9	51.125	49.75491835852863	46.5	13.663690152057335
Treponema_brennaborense_DSM_12168	56.84615384615385	54.86230701518155	60.0	15.550166954335003
Treponema_caldarium_DSM_7334	41.6	40.750051241190526	37.0	10.310189135025603
Treponema_denticola	0	0	0	0
Treponema_denticola_AL-2	39.0	38.99999999999999	39.0	0.0
Treponema_denticola_ATCC_35405	0	0	0	0
Treponema_denticola_H-22	44.5	43.6806593356831	44.5	12.020815280171307
Treponema_medium	43.0	43.0	43.0	0.0
Treponema_pallidum	0	0	0	0
Treponema_pallidum_subsp._pallidum	0	0	0	0
Treponema_pallidum_subsp._pertenue	0	0	0	0
Treponema_paraluiscuniculi_Cuniculi_A	51.0	50.82988301105872	48.0	5.196152422706632
Treponema_parvum	60.0	59.999999999999986	60.0	0.0
Treponema_pedis	49.666666666666664	48.29262790293047	41.0	15.01110699893027
Treponema_phagedenis	44.5	44.342879073851485	43.5	4.358898943540674
Treponema_primitia_ZAS-2	55.5	55.05487649314654	59.0	7.724420150837645
Treponema_ruminis	48.0	47.26076687772971	46.5	9.83192080250175
Treponema_socranskii_subsp._buccale	48.833333333333336	47.38631508109173	51.0	12.655697004379753
Treponema_sp._OMZ_838	65.25	60.1577104285066	60.0	30.412442629073166
Treponema_succinifaciens_DSM_2489	62.4	62.1907400174098	60.0	5.941380311005179
Treponema_vincentii	51.0	50.802214236033564	48.5	5.354126134736337
Trichinella_spiralis	51.2	50.32353494502562	58.0	10.2810505299799
Trypanosoma_brucei	0	0	0	0
Trypanosoma_cruzi	44.833333333333336	43.39715975218589	40.0	12.875040453010882
Variola_major_virus	0	0	0	0
Variola_minor_virus	0	0	0	0
Veillonella_parvula	63.111111111111114	61.1779501780455	60.0	16.435057380828066
Veillonella_parvula_HSIVP1	60.75	59.5661988997111	60.0	13.471350070697172
Vibrio_anguillarum	41.5	41.35214625627066	41.5	4.949747468305833
Vibrio_cholerae	50.833333333333336	50.17626617700994	50.0	8.681397736923858
Vibrio_cholerae_O1_biovar_El_Tor	50.0	49.99999999999999	50.0	0.0
Vibrio_furnissii	51.0	50.19028330085257	45.0	9.493031499938443
Vibrio_furnissii_NCTC_11218	45.75	44.256205816336134	45.5	13.375973484822204
Vibrio_parahaemolyticus	57.15384615384615	56.6011969941561	60.0	7.641777354359603
Vibrio_parahaemolyticus_O1:Kuk_str._FDA_R31	80.0	79.99999999999997	80.0	0.0
Vibrio_parahaemolyticus_UCM-V493	74.0	74.00000000000003	74.0	0.0
Vibrio_splendidus	0	0	0	0
Vibrio_vulnificus	55.09090909090909	53.142008554564384	50.0	15.807938166975132
Vibrio_vulnificus_CMCP6	49.0	48.99999999999999	49.0	0.0
Vibrio_vulnificus_YJ016	60.0	59.999999999999986	60.0	0.0
Yersinia_aldovae	0	0	0	0
Yersinia_aldovae_670-83	67.0	66.99999999999997	67.0	0.0
Yersinia_aleksiciae	0	0	0	0
Yersinia_enterocolitica	70.0	70.00000000000003	70.0	0.0
Yersinia_enterocolitica_subsp._palearctica	39.0	38.99999999999999	39.0	0.0
Yersinia_enterocolitica_subsp._palearctica_105.5R(r)	60.0	59.999999999999986	60.0	0.0
Yersinia_intermedia	48.0	48.00000000000001	48.0	0.0
Yersinia_pestis	53.5	52.05748312925521	60.0	13.0
Yersinia_pestis_CO92	0	0	0	0
Yersinia_pseudotuberculosis	50.0	49.99999999999999	50.0	0.0
Yersinia_pseudotuberculosis_complex	0	0	0	0
Yersinia_rohdei	0	0	0	0
Yersinia_ruckeri	60.0	59.999999999999986	60.0	0.0
synthetic_human_alphaherpesvirus_1	0	0	0	0
unclassified_Bordetella	60.0	59.999999999999986	60.0	0.0
unclassified_Brucella	63.285714285714285	62.95448623533744	60.0	7.454624643228428
unclassified_Human_adenovirus_A	0	0	0	0
unclassified_Human_adenovirus_B	0	0	0	0
unclassified_Human_adenovirus_C	0	0	0	0
unclassified_Human_adenovirus_D	0	0	0	0
unclassified_Human_adenoviruses	0	0	0	0
unclassified_Neisseria	53.0	53.00000000000001	53.0	0.0
unidentified_human_adenovirus	0	0	0	0
untyped_Human_adenovirus	0	0	0	0
