Taxon	Mean	GeometricMean	Median	StandardDev
African_swine_fever_virus	0	0	0	0
Aspergillus_fumigatus	0	0	0	0
BK_virus_strain_AS	0	0	0	0
BK_virus_strain_GS	0	0	0	0
BK_virus_variant_RF	0	0	0	0
Bacillus_albus	51.0	50.91168824543142	51.0	4.242640687119285
Bacillus_anthracis	57.0	57.00000000000001	57.0	0.0
Bacillus_cereus	62.2	60.13932199702206	60.0	16.55042799043779
Bacillus_cereus_AH1272	60.0	59.999999999999986	60.0	0.0
Bacillus_cereus_AH1273	59.5	59.49789912257407	59.5	0.5773502691896257
Bacillus_cereus_BDRD-Cer4	53.333333333333336	52.414827884177924	60.0	11.547005383792515
Bacillus_cereus_Rock1-3	43.0	43.0	43.0	0.0
Bacillus_cereus_Rock3-28	77.33333333333333	76.15113047853214	80.0	16.165807537309522
Bacillus_cereus_Rock3-44	60.0	59.999999999999986	60.0	0.0
Bacillus_cereus_Rock4-18	52.0	51.70643256076522	48.0	6.928203230275509
Bacillus_cereus_group	60.388888888888886	58.65355924915937	60.0	15.394391887544685
Bacillus_cytotoxicus	57.083333333333336	56.54968157725862	60.0	7.786448990315668
Bacillus_luti	61.333333333333336	61.13398837379675	60.0	6.110100926607787
Bacillus_mobilis	57.5	52.91502622129178	57.5	31.81980515339464
Bacillus_mycoides	61.72727272727273	61.10161198423585	60.0	8.94528824679126
Bacillus_pacificus	57.0	56.11595138639279	57.0	14.142135623730951
Bacillus_pseudomycoides	61.26315789473684	60.356428918985664	60.0	11.50286005625054
Bacillus_pseudomycoides_DSM_12442	59.75	59.74842213275968	60.0	0.5
Bacillus_sp._ABP14	59.0	59.000000000000014	59.0	0.0
Bacillus_sp._FDAARGOS_235	54.0	54.00000000000001	54.0	0.0
Bacillus_thuringiensis	59.666666666666664	59.66479747515951	60.0	0.5773502691896258
Bacillus_thuringiensis_HD-771	87.0	87.0	87.0	0.0
Bacillus_thuringiensis_serovar_andalousiensis	72.5	71.41428428542847	72.5	17.67766952966369
Bacillus_thuringiensis_serovar_chinensis_CT-43	45.0	44.99999999999999	45.0	0.0
Bacillus_thuringiensis_serovar_galleriae	60.0	59.999999999999986	60.0	0.0
Bacillus_thuringiensis_serovar_indiana	56.5	52.9803381980852	48.0	22.483327155917117
Bacillus_tropicus	89.0	88.99999999999999	89.0	0.0
Bacillus_wiedmannii	63.5	61.81932659744202	67.0	15.436968614336172
Bartonella_bacilliformis	60.0	59.999999999999986	60.0	0.0
Bartonella_henselae	44.0	43.99999999999999	44.0	0.0
Bartonella_quintana	0	0	0	0
Blastomyces_dermatitidis	0	0	0	0
Bordetella	56.813880126182966	55.31428479452887	60.0	13.434559973037034
Bordetella_avium_197N	55.19230769230769	53.20326195304304	55.0	14.985377488122829
Bordetella_bronchialis	58.16	56.75374349460804	60.0	12.69820161772226
Bordetella_bronchiseptica	57.45054945054945	56.527139263021056	60.0	10.365823906005028
Bordetella_flabilis	53.666666666666664	52.746034235249176	55.5	10.271417041096548
Bordetella_genomosp._13	56.91150442477876	55.59382481034739	60.0	12.072369221050003
Bordetella_genomosp._6	58.71111111111111	57.14790996522963	60.0	14.317221388343068
Bordetella_genomosp._8	55.782051282051285	54.42431943576847	60.0	12.511446640428803
Bordetella_genomosp._9	56.45454545454545	55.30461399234061	60.0	11.684723768922627
Bordetella_hinzii	59.2	57.83452867570354	60.0	13.510190691668733
Bordetella_holmesii	51.5625	49.52011710992117	59.5	13.944446229419126
Bordetella_parapertussis	57.53333333333333	56.59205463321853	60.0	10.27386884052843
Bordetella_pertussis	57.84375	56.74739284160866	60.0	11.534266969171862
Bordetella_pertussis_137	54.625	54.344761008004454	54.0	5.705573715987852
Bordetella_pertussis_18323	41.0	41.00000000000001	41.0	0.0
Bordetella_petrii	58.0945945945946	57.09338202648586	60.0	10.501361841129293
Bordetella_pseudohinzii	57.361111111111114	56.35983373708122	60.0	10.57261361869234
Bordetella_sp._H567	59.0	57.81068926980325	60.0	12.101790501133845
Bordetella_sp._HZ20	0	0	0	0
Bordetella_sp._N	53.31481481481482	51.95832878232835	60.0	11.627592547712764
Bordetella_trematum	54.13559322033898	52.79979570197029	57.0	12.67288393152964
Borrelia	51.333333333333336	50.35480958096894	56.0	11.71893055416463
Borrelia_crocidurae	0	0	0	0
Borrelia_miyamotoi	58.0	57.999999999999986	58.0	0.0
Borrelia_recurrentis	0	0	0	0
Borreliaceae	37.0	36.99999999999999	37.0	0.0
Borreliella_afzelii	0	0	0	0
Borreliella_afzelii_Tom3107	40.0	40.0	40.0	0.0
Borreliella_burgdorferi	0	0	0	0
Borreliella_burgdorferi_B31	55.0	55.000000000000014	55.0	0.0
Borreliella_garinii	0	0	0	0
Borreliella_valaisiana_Tom4006	60.0	59.999999999999986	60.0	0.0
Brucella	56.452488687782804	54.92861088020544	60.0	13.64363839957218
Brucella_abortus	0	0	0	0
Brucella_canis	0	0	0	0
Brucella_inopinata	58.333333333333336	58.20420692674802	60.0	4.0824829046386295
Brucella_melitensis	60.0	59.999999999999986	60.0	0.0
Brucella_melitensis_bv._2_str._63/9	49.5	48.37354648979129	49.5	14.849242404917497
Brucella_microti	0	0	0	0
Brucella_microti_CCM_4915	82.0	78.99367063252595	82.0	31.11269837220809
Brucella_ovis	0	0	0	0
Brucella_pinnipedialis	0	0	0	0
Brucella_sp._09RB8471	49.77777777777778	48.97354281236829	45.0	9.549578233851191
Brucella_sp._09RB8910	54.666666666666664	54.3467866987753	57.0	6.377042156569663
Brucella_sp._10RB9215	57.333333333333336	57.160007595213315	59.0	4.472135954999579
Brucella_sp._141012304	0	0	0	0
Brucella_sp._2280	67.375	65.70801945408358	71.0	14.598801320656433
Brucella_sp._BO2	59.0	57.5336429713474	59.5	13.88917171429207
Brucella_suis	57.6	57.38114998740222	60.0	5.366563145999495
Brucella_vulpis	0	0	0	0
Brucellaceae	55.75	55.20527170305453	60.0	8.5
Burkholderia_cepacia	57.3046357615894	55.82557736154268	60.0	13.116398579632259
Burkholderia_cepacia_ATCC_25416	55.523809523809526	54.265556686589406	55.0	12.022636100366812
Burkholderia_cepacia_JBK9	57.196969696969695	55.35575813582398	59.0	15.130427516426522
Burkholderia_gladioli	57.734693877551024	56.48216644578123	60.0	12.086484098137326
Burkholderia_gladioli_BSR3	57.96551724137931	56.00821373704701	60.0	16.935766798239015
Burkholderia_gladioli_pv._gladioli	56.94117647058823	55.38291335695611	60.0	13.736828760535849
Burkholderia_mallei	50.57142857142857	49.69441681397623	51.0	9.589371405678476
Burkholderia_mallei_NCTC_10247	39.0	38.99999999999999	39.0	0.0
Burkholderia_multivorans	58.121710526315795	56.239511363018295	60.0	15.131382455619786
Burkholderia_multivorans_ATCC_17616	57.896907216494846	56.09116599552516	60.0	15.248281690135395
Burkholderia_multivorans_ATCC_BAA-247	60.830357142857146	59.124193997130746	60.0	14.599079566726944
Burkholderia_pseudomallei	57.83802816901409	55.796865824331675	60.0	15.820194170807056
Burkholderia_pseudomallei_1106b	56.5	55.0327003476362	60.0	13.173665190274669
Burkholderia_pseudomallei_1710a	47.0	46.99999999999999	47.0	0.0
Burkholderia_pseudomallei_1710b	47.0	46.82947789587238	47.0	5.656854249492381
Burkholderia_pseudomallei_7894	54.0	53.83902679087803	51.0	5.196152422706632
Burkholderia_pseudomallei_B03	56.4	56.08239980156679	58.0	6.58027355054484
Burkholderia_pseudomallei_MSHR1153	48.0	47.23783395707785	48.0	9.2951600308978
Burkholderia_pseudomallei_MSHR2543	57.0	56.077712538323766	60.0	11.16542281629615
Burkholderia_pseudomallei_MSHR346	68.42857142857143	63.67005710858762	72.0	26.336648374822634
Burkholderia_pseudomallei_MSHR435	64.33333333333333	63.324852665614145	57.0	14.46835627614047
Burkholderia_pseudomallei_NCTC_13179	56.75	55.40730935482412	60.5	11.901380472149318
Burkholderia_pseudomallei_Pasteur_52237	60.0	59.999999999999986	60.0	0.0
Burkholderia_sp._OLGA172	0	0	0	0
Campylobacter_coli	0	0	0	0
Campylobacter_gracilis	59.666666666666664	59.154816997007174	60.0	9.50438495292217
Campylobacter_showae	0	0	0	0
Chlamydia_abortus	0	0	0	0
Chlamydia_caviae	0	0	0	0
Chlamydia_felis	0	0	0	0
Chlamydia_muridarum	0	0	0	0
Chlamydia_pecorum	0	0	0	0
Chlamydia_pecorum_P787	60.0	59.999999999999986	60.0	0.0
Chlamydia_pneumoniae	0	0	0	0
Chlamydia_psittaci	0	0	0	0
Chlamydia_trachomatis	0	0	0	0
Chlamydia_trachomatis_6276	48.57142857142857	47.995079061260874	43.0	8.383657572069263
Clostridium	61.657015590200444	59.93873893797853	60.0	14.908738778524318
Clostridium_aceticum	69.4	68.47975941838733	60.0	12.876334882255899
Clostridium_acetobutylicum	66.66666666666667	65.1601573230863	60.0	17.95364401266031
Clostridium_acetobutylicum_EA_2018	50.6	49.18034774146589	60.0	12.876334882255897
Clostridium_argentinense	68.375	66.98050434215317	60.0	16.629899922385928
Clostridium_baratii	60.214285714285715	59.052143800394994	60.0	12.02035818888152
Clostridium_baratii_str._Sullivan	63.21052631578947	61.33812758742068	60.0	16.00974797038317
Clostridium_beijerinckii	64.46428571428571	63.08538298892597	60.0	14.948013971532196
Clostridium_beijerinckii_NRRL_B-598	60.857142857142854	60.849119141679395	60.0	1.0690449676496976
Clostridium_bornimense	72.33333333333333	70.37272043150521	69.0	17.304957048820967
Clostridium_botulinum	64.28571428571429	62.7605715059677	60.0	14.92466564447268
Clostridium_botulinum_202F	62.111111111111114	61.798340461097744	60.0	6.569885744273675
Clostridium_botulinum_A2_str._Kyoto	59.0	58.97739246832983	59.0	2.0
Clostridium_botulinum_A3_str._Loch_Maree	50.6	49.29452131017408	58.0	12.239281024635394
Clostridium_botulinum_A_str._ATCC_3502	60.0	59.999999999999986	60.0	0.0
Clostridium_botulinum_B1_str._Okra	47.0	46.99999999999999	47.0	0.0
Clostridium_botulinum_BKT015925	55.2	53.717993167099934	60.0	13.516656391282572
Clostridium_botulinum_B_str._Eklund_17B_(NRP)	71.5	70.54177194869393	69.5	12.84912448379266
Clostridium_botulinum_CDC_1436	56.5	53.385391260156545	56.5	26.16295090390226
Clostridium_botulinum_E3_str._Alaska_E43	0	0	0	0
Clostridium_botulinum_Prevot_594	61.0	61.00000000000001	61.0	0.0
Clostridium_butyricum	63.3394495412844	61.10591241318739	60.0	16.97722885791994
Clostridium_cadaveris	60.1875	58.62275949734397	60.0	15.625699984320702
Clostridium_carboxidivorans_P7	68.58333333333333	67.46733789523812	62.5	14.002975874196649
Clostridium_cellulovorans_743B	61.375	61.0049930204178	60.0	7.726346392146069
Clostridium_chauvoei	63.69158878504673	61.824443649637956	60.0	15.596571475538177
Clostridium_cochlearium	61.6	61.52091453946394	60.0	3.5777087639996634
Clostridium_drakei	74.0	73.18827583689767	68.0	12.30853362509117
Clostridium_estertheticum	0	0	0	0
Clostridium_estertheticum_subsp._estertheticum	56.0	55.615133123439605	60.0	7.810249675906654
Clostridium_formicaceticum	52.6	51.93725488344422	47.0	9.964938534682489
Clostridium_gasigenes	63.43478260869565	61.59981805744856	60.0	16.41361518024059
Clostridium_intestinale	62.388888888888886	61.62192053671243	60.0	9.665821464064159
Clostridium_isatidis	64.0	62.28173205420198	60.0	15.334156763133851
Clostridium_kluyveri	58.5	58.48076606885378	58.5	2.1213203435596424
Clostridium_ljungdahlii_DSM_13528	76.0	74.29670248402687	76.0	22.627416997969522
Clostridium_novyi	0	0	0	0
Clostridium_novyi_NT	64.33333333333333	64.04532526155015	60.0	6.831300510639733
Clostridium_pasteurianum	60.0	59.999999999999986	60.0	0.0
Clostridium_pasteurianum_BC1	44.666666666666664	44.47960181138632	44.0	5.033222956847167
Clostridium_perfringens	65.61284764952006	63.635863287086096	60.0	16.50479250448557
Clostridium_perfringens_ATCC_13124	67.65929203539824	65.66242812047685	60.0	17.002060723038593
Clostridium_perfringens_F262	66.92857142857143	64.82378082920586	60.0	17.154645743814463
Clostridium_perfringens_str._13	67.16746411483253	65.149148192507	60.0	16.989930542437126
Clostridium_saccharobutylicum	67.0	65.32925723676095	60.0	16.016296049038143
Clostridium_saccharoperbutylacetonicum	66.58823529411765	64.080407546232	60.0	20.15582677394248
Clostridium_scatologenes	58.0	57.922361830298335	58.0	4.242640687119285
Clostridium_septicum	69.49180327868852	67.15201820757504	62.0	18.484411972727443
Clostridium_sp._AWRP	101.0	101.00000000000003	101.0	0.0
Clostridium_sp._BNL1100	62.75	60.33572721053748	65.0	19.207203509794617
Clostridium_sp._C1	63.0	61.05518860710881	58.0	17.76231966833161
Clostridium_sp._C5S11	69.16666666666667	67.74451370210224	60.5	15.296068023178275
Clostridium_sp._DL-VIII	63.5	62.12517168518557	60.0	14.020589255695464
Clostridium_sp._JN-1	61.6	59.130671271081944	60.0	19.37266114915553
Clostridium_sp._JN-9	54.285714285714285	53.217633063916445	60.0	10.6256652452805
Clostridium_sp._M62/1	35.0	34.99999999999999	35.0	0.0
Clostridium_sp._MF28	63.0	61.55297905043116	64.0	13.19090595827292
Clostridium_sp._SY8519	55.5	54.27431522050088	60.0	11.058287131636359
Clostridium_sporogenes	55.5	55.28531911420244	57.0	5.282045058497703
Clostridium_taeniosporum	66.54838709677419	64.3716752537617	62.0	16.400891662096544
Clostridium_tetani	56.25	56.06239563994843	58.0	5.188127472091127
Clostridium_tetani_12124569	61.666666666666664	60.71071483364906	69.0	12.701705922171767
Clostridium_tetani_E88	59.857142857142854	59.8561117939918	60.0	0.37796447300922725
Clostridium_tyrobutyricum	58.9	57.92351830869805	60.0	10.72328722402272
Coccidioides_immitis	0	0	0	0
Coccidioides_posadasii	0	0	0	0
Corynebacterium_ammoniagenes	52.26470588235294	50.61100232293931	50.5	13.302873704645286
Corynebacterium_crudilactis	46.42857142857143	45.44878145964099	45.0	10.35788174704241
Corynebacterium_diphtheriae	56.57142857142857	56.0752298112191	57.0	8.383657572069263
Corynebacterium_diphtheriae_HC04	60.0	59.999999999999986	60.0	0.0
Corynebacterium_diphtheriae_NCTC_13129	32.0	32.0	32.0	0.0
Corynebacterium_glutamicum	49.13333333333333	48.03062408622406	49.0	10.33405984077859
Corynebacterium_glutamicum_K051	57.666666666666664	56.91029287184101	64.0	10.969655114602888
Corynebacterium_glutamicum_R	47.285714285714285	45.544151723098835	47.0	13.948886284267592
Corynebacterium_glutamicum_SCgG1	61.0	61.00000000000001	61.0	0.0
Corynebacterium_glutamicum_SCgG2	42.666666666666664	41.08686718181898	34.0	15.01110699893027
Corynebacterium_glutamicum_ZL-6	40.2	38.89476463979935	38.0	12.24563414264674
Corynebacterium_glyciniphilum	0	0	0	0
Corynebacterium_glyciniphilum_AJ_3170	50.31578947368421	48.94213263752442	51.0	11.638311406628578
Corynebacterium_jeikeium	42.5	40.82422589382483	36.0	13.180564203677804
Corynebacterium_jeikeium_K411	54.42857142857143	52.86456589295868	58.0	14.093227012258321
Corynebacterium_kroppenstedtii	51.0	49.88745609388163	51.0	11.022703842524301
Corynebacterium_kroppenstedtii_DSM_44385	55.0	54.76677770316594	55.5	5.830951894845301
Corynebacterium_maris	0	0	0	0
Corynebacterium_maris_DSM_45190	54.36585365853659	52.04821955493104	50.0	16.95929199774388
Corynebacterium_matruchotii	49.93333333333333	48.16670892710288	52.0	13.624907164384469
Corynebacterium_segmentosum	52.92307692307692	52.10089422934416	60.0	9.160254167339268
Corynebacterium_sphenisci	0	0	0	0
Corynebacterium_sphenisci_DSM_44792	61.51428571428571	59.75140966627592	60.0	14.92662523100079
Corynebacterium_stationis	52.741099999999996	50.651363487718484	50.0	15.516956801668238
Corynebacterium_urealyticum	52.25	49.887445875607206	55.5	17.40198113343481
Corynebacterium_ureicelerivorans	50.07692307692308	49.262451250246514	50.0	9.12379250879752
Corynebacterium_variabile	0	0	0	0
Corynebacterium_variabile_DSM_44702	61.17948717948718	59.65982350060491	60.0	13.447503769281177
Corynebacterium_xerosis	63.13793103448276	60.92400830177087	60.0	17.016219443164545
Cowpox-Vaccinia_virus	0	0	0	0
Cowpox_virus	0	0	0	0
Coxiella_burnetii	60.41379310344828	58.773261560438435	60.0	14.256620620858703
Coxiella_burnetii_Dugway_5J108-111	56.916666666666664	56.09622845659397	60.0	9.472048192956843
Coxiella_burnetii_str._Schperling	57.2	56.954043864494096	60.0	5.890670590009256
Cryptococcus_gattii_species_complex	0	0	0	0
Cryptococcus_neoformans	0	0	0	0
Cynomolgus_Epstein-Barr_Virus_A4	0	0	0	0
Cynomolgus_Epstein-Barr_Virus_Si-IIA	0	0	0	0
Cynomolgus_Epstein-Barr_Virus_TsB-B6	0	0	0	0
Ehrlichia_canis	0	0	0	0
Enterobius_vermicularis	62.02564102564103	60.80354406251381	60.0	13.328386571305787
Enterococcus_avium	49.5	49.43682837723311	49.5	3.5355339059327378
Enterococcus_casseliflavus	0	0	0	0
Enterococcus_cecorum	60.0	59.999999999999986	60.0	0.0
Enterococcus_durans	65.23076923076923	63.76106898949712	60.0	16.037216332403442
Enterococcus_faecalis	42.666666666666664	41.94323396877399	43.0	9.50438495292217
Enterococcus_faecalis_R712	60.0	59.999999999999986	60.0	0.0
Enterococcus_faecium	54.2	53.439994517988474	54.5	9.635582205785203
Enterococcus_faecium_ATCC_8459_=_NRRL_B-2354	51.0	51.0	51.0	0.0
Enterococcus_faecium_Com15	59.0	59.000000000000014	59.0	0.0
Enterococcus_hirae	69.5	68.76459903063807	75.0	11.0
Enterococcus_hirae_ATCC_9790	42.75	41.807878904409	39.0	10.843584893075414
Enterococcus_mundtii	55.0	54.51361778496418	60.0	8.660254037844387
Epstein-barr_virus_strain_ag876	0	0	0	0
Epstein-barr_virus_strain_p3hr-1	0	0	0	0
Erysipelothrix_rhusiopathiae	69.33333333333333	64.99487139022646	60.0	31.069813860616115
Escherichia_coli	52.71111111111111	51.43050540148205	51.0	11.643613587445149
Escherichia_coli_ED1a	40.0	40.0	40.0	0.0
Escherichia_coli_O111	0	0	0	0
Escherichia_coli_O157:H7	0	0	0	0
Escherichia_coli_O26	0	0	0	0
Escherichia_coli_O26_str._RM8426	38.0	37.99999999999999	38.0	0.0
Escherichia_coli_O39:NM_str._F8704-2	38.0	37.99999999999999	38.0	0.0
Escherichia_coli_O7:K1_str._CE10	46.5	44.78839135311739	46.5	17.67766952966369
Escherichia_coli_PMV-1	75.0	74.99999999999997	75.0	0.0
Escherichia_coli_UTI89	61.0	60.99180272790762	61.0	1.4142135623730951
Francisella_tularensis	35.0	34.99999999999999	35.0	0.0
Francisella_tularensis_subsp._novicida	48.0	48.00000000000001	48.0	0.0
Fusobacterium	53.75	52.033638970261386	48.5	16.520189667999176
Fusobacterium_gonidiaformans_ATCC_25563	59.5	59.49789912257407	59.5	0.7071067811865476
Fusobacterium_necrophorum	67.0	64.508095397598	66.5	18.026550466995353
Fusobacterium_necrophorum_subsp._funduliforme	58.611111111111114	55.793369277870546	58.0	19.091540747267498
Fusobacterium_necrophorum_subsp._necrophorum	46.5	46.36809247747851	46.5	4.949747468305833
Fusobacterium_nucleatum	0	0	0	0
Fusobacterium_nucleatum_subsp._animalis_4_8	30.0	30.000000000000004	30.0	0.0
Fusobacterium_sp._oral_taxon_203	65.0	64.99999999999999	65.0	0.0
Fusobacterium_ulcerans	59.5	59.49789912257407	59.5	0.7071067811865476
Fusobacterium_varium_ATCC_27725	51.5	51.303021353522645	51.5	6.363961030678928
Haemophilus_influenzae	56.0	55.82770171658424	58.0	5.291502622129181
Haemophilus_influenzae_2019	89.0	88.99999999999999	89.0	0.0
Haemophilus_influenzae_CGSHiCZ412602	68.0	68.00000000000001	68.0	0.0
Haemophilus_influenzae_Rd_KW20	0	0	0	0
Haemophilus_parainfluenzae	54.333333333333336	53.69373958207253	60.0	9.814954576223638
Helicobacter_cinaedi	60.0	59.999999999999986	60.0	0.0
Helicobacter_pylori	42.42857142857143	42.338668257883214	43.0	2.9920529661723823
Helicobacter_pylori_J99	40.0	40.0	40.0	0.0
Hepatitis_B_virus	0	0	0	0
Hepatitis_E_virus	0	0	0	0
Hepatitis_delta_virus	0	0	0	0
Herpes_simplex_virus_unknown_type	0	0	0	0
Histoplasma_capsulatum	0	0	0	0
Human_adenovirus_1	0	0	0	0
Human_adenovirus_11	0	0	0	0
Human_adenovirus_11+34	0	0	0	0
Human_adenovirus_11a	0	0	0	0
Human_adenovirus_11p	0	0	0	0
Human_adenovirus_12	0	0	0	0
Human_adenovirus_14	0	0	0	0
Human_adenovirus_14a	0	0	0	0
Human_adenovirus_14p	0	0	0	0
Human_adenovirus_14p1	0	0	0	0
Human_adenovirus_15	0	0	0	0
Human_adenovirus_15/H9	0	0	0	0
Human_adenovirus_16	0	0	0	0
Human_adenovirus_16p	0	0	0	0
Human_adenovirus_17	0	0	0	0
Human_adenovirus_18	0	0	0	0
Human_adenovirus_19	0	0	0	0
Human_adenovirus_19C	0	0	0	0
Human_adenovirus_19a	0	0	0	0
Human_adenovirus_19p	0	0	0	0
Human_adenovirus_1_strain_Adenoid_71	0	0	0	0
Human_adenovirus_2	0	0	0	0
Human_adenovirus_20	0	0	0	0
Human_adenovirus_21	0	0	0	0
Human_adenovirus_21a	0	0	0	0
Human_adenovirus_22	0	0	0	0
Human_adenovirus_22H8	0	0	0	0
Human_adenovirus_23	0	0	0	0
Human_adenovirus_24	0	0	0	0
Human_adenovirus_25	0	0	0	0
Human_adenovirus_26	0	0	0	0
Human_adenovirus_27	0	0	0	0
Human_adenovirus_28	0	0	0	0
Human_adenovirus_29	0	0	0	0
Human_adenovirus_3+11p	0	0	0	0
Human_adenovirus_3+7	0	0	0	0
Human_adenovirus_30	0	0	0	0
Human_adenovirus_31	0	0	0	0
Human_adenovirus_32	0	0	0	0
Human_adenovirus_33	0	0	0	0
Human_adenovirus_34	0	0	0	0
Human_adenovirus_34a	0	0	0	0
Human_adenovirus_35	0	0	0	0
Human_adenovirus_35+11	0	0	0	0
Human_adenovirus_36	0	0	0	0
Human_adenovirus_38	0	0	0	0
Human_adenovirus_38H44	0	0	0	0
Human_adenovirus_39	0	0	0	0
Human_adenovirus_3p	0	0	0	0
Human_adenovirus_40	0	0	0	0
Human_adenovirus_41	0	0	0	0
Human_adenovirus_41_Wisconsin	0	0	0	0
Human_adenovirus_42	0	0	0	0
Human_adenovirus_43	0	0	0	0
Human_adenovirus_44	0	0	0	0
Human_adenovirus_45	0	0	0	0
Human_adenovirus_46	0	0	0	0
Human_adenovirus_47	0	0	0	0
Human_adenovirus_48	0	0	0	0
Human_adenovirus_49	0	0	0	0
Human_adenovirus_4a	0	0	0	0
Human_adenovirus_4p	0	0	0	0
Human_adenovirus_5	0	0	0	0
Human_adenovirus_50	0	0	0	0
Human_adenovirus_50_prototype_strain_Wan	0	0	0	0
Human_adenovirus_51	0	0	0	0
Human_adenovirus_52	0	0	0	0
Human_adenovirus_53	0	0	0	0
Human_adenovirus_54	0	0	0	0
Human_adenovirus_55	0	0	0	0
Human_adenovirus_56	0	0	0	0
Human_adenovirus_57	0	0	0	0
Human_adenovirus_58	0	0	0	0
Human_adenovirus_59_MSJ-2011	0	0	0	0
Human_adenovirus_6	0	0	0	0
Human_adenovirus_60	0	0	0	0
Human_adenovirus_60a	0	0	0	0
Human_adenovirus_61	0	0	0	0
Human_adenovirus_62	0	0	0	0
Human_adenovirus_63	0	0	0	0
Human_adenovirus_64	0	0	0	0
Human_adenovirus_65	0	0	0	0
Human_adenovirus_66	0	0	0	0
Human_adenovirus_67	0	0	0	0
Human_adenovirus_68	0	0	0	0
Human_adenovirus_69	0	0	0	0
Human_adenovirus_7	0	0	0	0
Human_adenovirus_71	0	0	0	0
Human_adenovirus_7428	0	0	0	0
Human_adenovirus_76	0	0	0	0
Human_adenovirus_7620	0	0	0	0
Human_adenovirus_77	0	0	0	0
Human_adenovirus_78	0	0	0	0
Human_adenovirus_7961	0	0	0	0
Human_adenovirus_7a	0	0	0	0
Human_adenovirus_7d	0	0	0	0
Human_adenovirus_7d2	0	0	0	0
Human_adenovirus_7h	0	0	0	0
Human_adenovirus_7l	0	0	0	0
Human_adenovirus_7m	0	0	0	0
Human_adenovirus_7p	0	0	0	0
Human_adenovirus_81	0	0	0	0
Human_adenovirus_86	0	0	0	0
Human_adenovirus_8E	0	0	0	0
Human_adenovirus_9042	0	0	0	0
Human_adenovirus_9052	0	0	0	0
Human_adenovirus_9431	0	0	0	0
Human_adenovirus_A02-2B-2	0	0	0	0
Human_adenovirus_A03-2B-1	0	0	0	0
Human_adenovirus_ATCC_VR-1501	0	0	0	0
Human_adenovirus_ATCC_VR-1502	0	0	0	0
Human_adenovirus_AdV/Berlin	0	0	0	0
Human_adenovirus_AdV/Berlin003/02/DE	0	0	0	0
Human_adenovirus_AdV/Berlin004/02/DE	0	0	0	0
Human_adenovirus_AdV/Berlin131/01/DE	0	0	0	0
Human_adenovirus_AdV/Berlin524/01/DE	0	0	0	0
Human_adenovirus_AdV/Berlin604/01/DE	0	0	0	0
Human_adenovirus_AdV/Berlin619/01/DE	0	0	0	0
Human_adenovirus_AdV/Berlin643/01/DE	0	0	0	0
Human_adenovirus_AdV/Berlin682/01/DE	0	0	0	0
Human_adenovirus_AdV/Berlin718/01/DE	0	0	0	0
Human_adenovirus_AdV/Berlin749/01/DE	0	0	0	0
Human_adenovirus_AdV/Berlin769/01/DE	0	0	0	0
Human_adenovirus_AdV/Berlin859/01/DE	0	0	0	0
Human_adenovirus_B1	0	0	0	0
Human_adenovirus_B11/35	0	0	0	0
Human_adenovirus_B14/55	0	0	0	0
Human_adenovirus_B16	0	0	0	0
Human_adenovirus_B2	0	0	0	0
Human_adenovirus_B3	0	0	0	0
Human_adenovirus_B72	0	0	0	0
Human_adenovirus_B79	0	0	0	0
Human_adenovirus_Chiba_E086/2012	0	0	0	0
Human_adenovirus_D10	0	0	0	0
Human_adenovirus_D13	0	0	0	0
Human_adenovirus_D15H9	0	0	0	0
Human_adenovirus_D17H29	0	0	0	0
Human_adenovirus_D19H30	0	0	0	0
Human_adenovirus_D30H44	0	0	0	0
Human_adenovirus_D37	0	0	0	0
Human_adenovirus_D37H13	0	0	0	0
Human_adenovirus_D37H17	0	0	0	0
Human_adenovirus_D46H13	0	0	0	0
Human_adenovirus_D8	0	0	0	0
Human_adenovirus_D9	0	0	0	0
Human_adenovirus_E4	0	0	0	0
Human_adenovirus_H02-2B-2	0	0	0	0
Human_adenovirus_H02-2B-3	0	0	0	0
Human_adenovirus_H03-2B-1	0	0	0	0
Human_adenovirus_H08-2B-2	0	0	0	0
Human_adenovirus_I02-2B-2	0	0	0	0
Human_adenovirus_I05-2B-2	0	0	0	0
Human_adenovirus_LZY153B	0	0	0	0
Human_adenovirus_MKJ/Chennai/2010	0	0	0	0
Human_adenovirus_RKI-2797/04	0	0	0	0
Human_adenovirus_S02-2B-1	0	0	0	0
Human_adenovirus_S03-2B-1	0	0	0	0
Human_adenovirus_S03-2B-2	0	0	0	0
Human_adenovirus_S03-2B-3	0	0	0	0
Human_adenovirus_S05-2B-2	0	0	0	0
Human_adenovirus_S06-2B-3	0	0	0	0
Human_adenovirus_S07-2B-2	0	0	0	0
Human_adenovirus_S08-2B-3	0	0	0	0
Human_adenovirus_S10-1-6	0	0	0	0
Human_adenovirus_isolate_MY7/1	0	0	0	0
Human_adenovirus_isolate_MY8/1	0	0	0	0
Human_adenovirus_isolate_SGH2289	0	0	0	0
Human_adenovirus_isolate_SGH5253	0	0	0	0
Human_adenovirus_sp.	0	0	0	0
Human_adenovirus_type_35p	0	0	0	0
Human_alphaherpesvirus_1	0	0	0	0
Human_alphaherpesvirus_1_strain_17	0	0	0	0
Human_alphaherpesvirus_1_strain_A44	0	0	0	0
Human_alphaherpesvirus_1_strain_Angelotti	0	0	0	0
Human_alphaherpesvirus_1_strain_CL101	0	0	0	0
Human_alphaherpesvirus_1_strain_CVG-2	0	0	0	0
Human_alphaherpesvirus_1_strain_F	0	0	0	0
Human_alphaherpesvirus_1_strain_H129	0	0	0	0
Human_alphaherpesvirus_1_strain_HFEM	0	0	0	0
Human_alphaherpesvirus_1_strain_HZT	0	0	0	0
Human_alphaherpesvirus_1_strain_KOS	0	0	0	0
Human_alphaherpesvirus_1_strain_MGH-10	0	0	0	0
Human_alphaherpesvirus_1_strain_MP	0	0	0	0
Human_alphaherpesvirus_1_strain_Patton	0	0	0	0
Human_alphaherpesvirus_1_strain_R-15	0	0	0	0
Human_alphaherpesvirus_1_strain_R19	0	0	0	0
Human_alphaherpesvirus_1_strain_RH2	0	0	0	0
Human_alphaherpesvirus_1_strain_SC16	0	0	0	0
Human_alphaherpesvirus_2	0	0	0	0
Human_alphaherpesvirus_3	0	0	0	0
Human_gammaherpesvirus_4	0	0	0	0
Human_hepatitis_A_virus	0	0	0	0
Human_herpesvirus_2_strain_186	0	0	0	0
Human_herpesvirus_2_strain_333	0	0	0	0
Human_herpesvirus_2_strain_B4327UR	0	0	0	0
Human_herpesvirus_2_strain_G	0	0	0	0
Human_herpesvirus_2_strain_HG52	0	0	0	0
Human_herpesvirus_2_strain_SA8	0	0	0	0
Human_herpesvirus_2_strain_SD90	0	0	0	0
Human_herpesvirus_2_strain_SN03	0	0	0	0
Human_herpesvirus_2_strain_SS01	0	0	0	0
Human_herpesvirus_2_strain_ST04	0	0	0	0
Human_herpesvirus_3_VZV-32	0	0	0	0
Human_herpesvirus_3_strain_Dumas	0	0	0	0
Human_herpesvirus_3_strain_Oka_vaccine	0	0	0	0
Human_herpesvirus_4_strain_B95-8	0	0	0	0
Human_herpesvirus_4_strain_CAO	0	0	0	0
Human_herpesvirus_4_strain_RAJI	0	0	0	0
Human_herpesvirus_4_type_1	0	0	0	0
Human_herpesvirus_4_type_2	0	0	0	0
Human_herpesvirus_5_(strain_1042)	0	0	0	0
Human_herpesvirus_5_(strain_119)	0	0	0	0
Human_herpesvirus_5_(strain_2387)	0	0	0	0
Human_herpesvirus_5_(strain_4654)	0	0	0	0
Human_herpesvirus_5_(strain_5035)	0	0	0	0
Human_herpesvirus_5_strain_5040	0	0	0	0
Human_herpesvirus_5_strain_5160	0	0	0	0
Human_herpesvirus_5_strain_5508	0	0	0	0
Human_herpesvirus_5_strain_AD169	0	0	0	0
Human_herpesvirus_5_strain_Colburn	0	0	0	0
Human_herpesvirus_5_strain_Eisenhardt	0	0	0	0
Human_herpesvirus_5_strain_Merlin	0	0	0	0
Human_herpesvirus_5_strain_PT	0	0	0	0
Human_herpesvirus_5_strain_Toledo	0	0	0	0
Human_herpesvirus_5_strain_Towne	0	0	0	0
Human_herpesvirus_6_(strain_GS)	0	0	0	0
Human_herpesvirus_6_(strain_Uganda-1102)	0	0	0	0
Human_herpesvirus_6_strain_Z29	0	0	0	0
Human_herpesvirus_7_strain_JI	0	0	0	0
Human_herpesvirus_7_strain_MUK	0	0	0	0
Human_herpesvirus_7_strain_RK	0	0	0	0
Human_herpesvirus_8_strain_GK18	0	0	0	0
Human_herpesvirus_8_strain_rKSHV.219	0	0	0	0
Human_herpesvirus_8_type_M	0	0	0	0
Human_mastadenovirus_C	0	0	0	0
JC_polyomavirus	0	0	0	0
JC_virus_x_BK_virus	0	0	0	0
Klebsiella_aerogenes	48.47826086956522	47.951197861277926	47.0	7.0894900779405425
Klebsiella_aerogenes_EA1509E	60.5	60.461318963571	60.0	2.516611478423583
Klebsiella_michiganensis	55.77272727272727	54.82179829686458	60.0	10.51951392223867
Klebsiella_michiganensis_HKOPL1	37.0	36.99999999999999	37.0	0.0
Klebsiella_michiganensis_KCTC_1686	55.0	55.000000000000014	55.0	0.0
Klebsiella_oxytoca	57.9	56.87045806005933	60.0	9.962561496871544
Klebsiella_pneumoniae	54.642857142857146	53.993600275285836	60.0	8.129572380509757
Klebsiella_pneumoniae_subsp._pneumoniae	58.111111111111114	56.212693627800014	60.0	17.44594827205191
Klebsiella_pneumoniae_subsp._pneumoniae_KPNIH27	55.6	55.40828844521849	57.0	4.979959839195493
Klebsiella_pneumoniae_subsp._rhinoscleromatis	0	0	0	0
Legionella_anisa	52.0	51.380930314660496	52.0	11.313708498984761
Legionella_lansingensis	40.0	40.0	40.0	0.0
Legionella_pneumophila	50.0	48.93872953789441	54.0	11.224972160321824
Legionella_pneumophila_str._Corby	74.0	73.75635565834305	74.0	8.48528137423857
Legionella_pneumophila_subsp._pneumophila	44.0	43.954521951671815	44.0	2.8284271247461903
Legionella_pneumophila_subsp._pneumophila_str._Philadelphia_1	48.0	47.645537007857314	52.0	6.928203230275509
Leptospira_alexanderi	0	0	0	0
Leptospira_alstonii	0	0	0	0
Leptospira_biflexa	0	0	0	0
Leptospira_borgpetersenii	47.5	47.49736834815168	47.5	0.7071067811865476
Leptospira_borgpetersenii_serovar_Ceylonica	59.2	59.0646199369075	60.0	4.3817804600413295
Leptospira_broomii	0	0	0	0
Leptospira_fainei	0	0	0	0
Leptospira_inadai	0	0	0	0
Leptospira_interrogans	64.85714285714286	63.97422756394797	60.0	12.850792082313726
Leptospira_interrogans_serovar_Hardjo-prajitno	45.0	44.99999999999999	45.0	0.0
Leptospira_kirschneri	0	0	0	0
Leptospira_kmetyi	38.0	37.99999999999999	38.0	0.0
Leptospira_licerasiae	0	0	0	0
Leptospira_noguchii	43.5	42.44997055358225	43.5	13.435028842544403
Leptospira_santarosai	65.6	65.2840067829817	62.0	7.368853370776216
Leptospira_santarosai_serovar_Shermani_str._LT_821	45.333333333333336	44.50654282452184	40.0	11.015141094572204
Leptospira_weilii	60.39473684210526	59.143748820949675	60.0	12.805276517343662
Leptospira_wolffii	0	0	0	0
Listeria_monocytogenes	54.625	53.90539933229314	56.5	8.782084035125148
Listeria_monocytogenes_FSL_J1-208	60.0	59.999999999999986	60.0	0.0
Listeria_monocytogenes_J1816	53.0	53.00000000000001	53.0	0.0
Methanobrevibacter_oralis	0	0	0	0
Moraxella_catarrhalis	43.5	43.428101501216936	43.5	3.5355339059327378
Moraxella_catarrhalis_BBH18	49.166666666666664	47.60839061392926	43.5	15.144856112445133
Mycobacterium_avium	57.29411764705882	55.530115098089674	60.0	14.274757227996746
Mycobacterium_avium_subsp._avium	59.34615384615385	58.52322563685816	60.0	10.051635917371094
Mycobacterium_avium_subsp._hominissuis	57.76119402985075	56.23555326365336	60.0	13.228859123303351
Mycobacterium_avium_subsp._paratuberculosis	55.8235294117647	54.491934872952484	59.0	12.66508633072455
Mycobacterium_canettii	60.3	59.11497337504726	60.0	12.631970023185879
Mycobacterium_colombiense	0	0	0	0
Mycobacterium_colombiense_CECT_3035	61.7	59.687323703480764	60.0	16.318575868235158
Mycobacterium_dioxanotrophicus	55.541666666666664	54.15226073729563	60.0	12.893014564538566
Mycobacterium_intracellulare	54.709090909090904	53.29043434812436	55.0	13.374481959192577
Mycobacterium_intracellulare_subsp._yongonense	58.41379310344828	57.13695884438145	60.0	12.117040071672712
Mycobacterium_kansasii	55.27777777777778	54.45618118717884	60.0	9.065057852292764
Mycobacterium_leprae	0	0	0	0
Mycobacterium_leprae_Kyoto-2	52.8	52.59238539326576	49.0	5.310367218940701
Mycobacterium_marseillense	61.96969696969697	59.492030816075506	60.0	18.850538534225038
Mycobacterium_paragordonae	56.76923076923077	55.99499456447792	60.0	9.940511313920736
Mycobacterium_sp._DL90	0	0	0	0
Mycobacterium_sp._JS623	57.95505617977528	56.75789062299992	60.0	12.060369088615259
Mycobacterium_sp._YC-RL4	55.65853658536585	54.650171144205544	60.0	10.260628041444544
Mycobacterium_tuberculosis	55.53846153846154	53.95299973571015	59.0	13.99783094822411
Mycobacterium_tuberculosis_KZN_1435	62.0	61.03811568297042	61.0	12.324321031557433
Mycobacterium_tuberculosis_complex	55.55	54.542191886300444	60.0	10.36995166024883
Mycobacterium_tuberculosis_variant_africanum	0	0	0	0
Mycobacterium_tuberculosis_variant_bovis	0	0	0	0
Mycobacteroides_abscessus	54.132075471698116	52.83854500972372	57.0	11.85657515709039
Mycobacteroides_abscessus_subsp._abscessus	56.8	55.37782394630106	60.0	12.599603168354154
Mycobacteroides_abscessus_subsp._bolletii	52.36363636363637	51.9546226326403	52.0	6.756814741765935
Mycobacteroides_abscessus_subsp._bolletii_50594	45.666666666666664	43.89921837259379	47.0	15.044378795195676
Mycobacteroides_abscessus_subsp._massiliense	50.916666666666664	50.27778493343422	48.5	8.306167843381463
Mycobacteroides_abscessus_subsp._massiliense_CCUG_48898_=_JCM_15300	51.833333333333336	49.1662461673117	47.0	19.579751445477203
Mycoplasma_pneumoniae	62.0	62.00000000000001	62.0	0.0
Neisseria	52.205882352941174	50.93933406027414	52.5	11.643126237905365
Neisseria_animalis	39.7	39.028545525089115	37.0	8.35397443669113
Neisseria_animaloris	50.333333333333336	49.35051274215546	52.0	10.764137989949157
Neisseria_bacilliformis	62.54545454545455	62.18513145517689	60.0	7.132511988964847
Neisseria_brasiliensis	50.6	49.90627327007572	49.0	9.289779329994873
Neisseria_canis	41.0	40.70520250551725	41.0	6.0
Neisseria_chenwenguii	59.333333333333336	59.197654668577215	60.0	4.2130748865881795
Neisseria_dentiae	50.8	49.81934988020869	48.5	10.347302385968367
Neisseria_elongata	0	0	0	0
Neisseria_elongata_subsp._glycolytica	43.333333333333336	42.774008150925305	43.0	8.504900548115383
Neisseria_flavescens	58.0	57.999999999999986	58.0	0.0
Neisseria_gonorrhoeae	52.5	52.49761899362676	52.5	0.7071067811865476
Neisseria_lactamica	46.666666666666664	46.65723165265878	46.0	1.1547005383792517
Neisseria_macacae_ATCC_33926	46.6	45.341924749207095	39.0	12.340988615179905
Neisseria_meningitidis	59.375	58.372615255529574	60.0	11.488348134398734
Neisseria_meningitidis_8013	49.0	48.99999999999999	49.0	0.0
Neisseria_meningitidis_H44/76	60.0	59.999999999999986	60.0	0.0
Neisseria_meningitidis_M01-240355	51.0	50.91168824543142	51.0	4.242640687119285
Neisseria_meningitidis_NZ-05/33	59.75	59.14176059967644	59.5	9.810708435174291
Neisseria_mucosa	0	0	0	0
Neisseria_musculi	51.0	50.19960159204454	51.0	12.727922061357855
Neisseria_shayeganii	52.57142857142857	51.67340097584455	60.0	9.549178665561412
Neisseria_sicca	61.13333333333333	59.81064270689013	60.0	13.958441719550763
Neisseria_sp._10022	47.714285714285715	46.08464683867848	52.0	13.136644494368742
Neisseria_sp._KEM232	58.6	55.99469692798726	60.0	18.434521391871513
Neisseria_sp._ZJ785	54.714285714285715	54.08686169558762	51.0	9.14174100330066
Neisseria_sp._oral_taxon_014_str._F0314	54.714285714285715	52.846240122048	60.0	15.467323467170889
Neisseria_subflava	0	0	0	0
Neisseria_wadsworthii	44.5	44.42971978304613	44.5	3.5355339059327378
Neisseria_weaveri	44.333333333333336	43.933784700554824	40.0	7.505553499465135
Neisseria_zalophi	60.0	59.999999999999986	60.0	0.0
Neisseria_zoodegmatis	54.333333333333336	53.27424010455602	60.0	12.503332889007368
Ochrobactrum	54.30434782608695	50.99038097603457	43.0	20.483773583916467
Orthohepadnavirus	0	0	0	0
Parvimonas_micra	50.5	47.72839825512689	50.5	23.33452377915607
Pasteurella_multocida	49.857142857142854	48.062665397423125	42.0	15.889499377771173
Pasteurella_multocida_subsp._multocida	61.294117647058826	59.67730657519012	60.0	14.770013462509418
Pasteurella_multocida_subsp._multocida_OH4807	34.0	34.00000000000001	34.0	0.0
Peptostreptococcus_anaerobius	0	0	0	0
Plasmodium_falciparum	0	0	0	0
Plasmodium_vivax	0	0	0	0
Pneumocystis_carinii	0	0	0	0
Pneumocystis_jirovecii	0	0	0	0
Porphyromonas_gingivalis	53.333333333333336	52.31448772662763	53.0	11.37834199989905
Porphyromonas_gingivalis_A7A1-28	48.0	48.00000000000001	48.0	0.0
Porphyromonas_gingivalis_AJW4	52.0	50.348783500696406	52.0	18.384776310850235
Porphyromonas_gingivalis_TDC60	48.0	47.30241097863145	42.0	10.392304845413264
Porphyromonas_gingivalis_W83	60.0	59.999999999999986	60.0	0.0
Pseudochrobactrum	55.84	54.67170817222781	60.0	11.42613962222879
Pseudomonas_aeruginosa	56.94174757281554	55.340290662676956	60.0	13.911616294654435
Pseudomonas_aeruginosa_19BR	56.333333333333336	55.85624267160319	51.0	9.237604307034013
Pseudomonas_aeruginosa_213BR	60.375	58.83652502593763	60.0	15.828884086649046
Pseudomonas_aeruginosa_39016	56.81818181818182	56.30310342182611	60.0	7.884391946347947
Pseudomonas_aeruginosa_C-NN2	59.333333333333336	59.325785626899034	60.0	1.1547005383792517
Pseudomonas_aeruginosa_CI27	53.666666666666664	53.27424010455602	56.0	7.767453465154029
Pseudomonas_aeruginosa_DHS01	64.8	64.23508981624495	60.0	10.183319694480774
Pseudomonas_aeruginosa_NCGM2.S1	57.666666666666664	55.737719080299726	60.0	17.61628034896508
Pseudomonas_aeruginosa_PA96	44.75	44.73106092779046	45.0	1.5
Pseudomonas_aeruginosa_SG17M	47.0	46.99999999999999	47.0	0.0
Pseudomonas_aeruginosa_SJTD-1	39.0	38.99999999999999	39.0	0.0
Pseudomonas_aeruginosa_VRFPA04	52.0	51.380930314660496	52.0	11.313708498984761
Pseudomonas_aeruginosa_YL84	57.7	57.37397330584472	60.0	6.395310782127793
Pseudomonas_alcaligenes	58.796052631578945	57.63564033165472	60.0	11.946535875073995
Pseudomonas_arsenicoxydans	55.666666666666664	54.31905806610706	60.0	12.709778186044849
Pseudomonas_azotoformans	49.25	48.86370253504309	46.5	6.840008354213778
Pseudomonas_brenneri	51.666666666666664	50.11060089226652	47.5	14.259499757471625
Pseudomonas_fluorescens	57.13333333333333	55.229548547613014	60.0	15.806584386439571
Pseudomonas_fluorescens_BBc6R8	48.5	47.96284751264981	46.0	8.54400374531753
Pseudomonas_fluorescens_Q2-87	55.9	53.808705391629054	57.0	16.17577063250946
Pseudomonas_fluorescens_Q8r1-96	48.5	48.18713521262703	48.5	7.7781745930520225
Pseudomonas_fluorescens_SBW25	60.46153846153846	58.61411456260494	60.0	15.692967557770288
Pseudomonas_fluorescens_WH6	54.0	53.177968968166226	58.5	9.939818911831342
Pseudomonas_litoralis	0	0	0	0
Pseudomonas_moraviensis	53.73913043478261	51.41571020876836	50.0	17.4465870361365
Pseudomonas_mucidolens	57.333333333333336	56.68022001636412	60.0	8.414839499926531
Pseudomonas_protegens	57.421052631578945	56.11449994140729	60.0	12.18744577778569
Pseudomonas_protegens_CHA0	51.903225806451616	50.91809109967462	58.0	9.9242290673203
Pseudomonas_psychrophila	44.38095238095238	43.457685920094164	40.0	10.027343568843099
Pseudomonas_putida	56.07185628742515	54.411982207093224	60.0	13.829673380472428
Pseudomonas_putida_B6-2	53.0	53.00000000000001	53.0	0.0
Pseudomonas_putida_BIRD-1	52.0	52.00000000000001	52.0	0.0
Pseudomonas_putida_DOT-T1E	50.75	50.36667864649937	51.0	7.135591542869215
Pseudomonas_putida_H8234	54.4	53.271683266832255	60.0	11.197221877670273
Pseudomonas_putida_KT2440	53.333333333333336	52.414827884177924	60.0	11.547005383792515
Pseudomonas_putida_ND6	50.0	49.99999999999999	50.0	0.0
Pseudomonas_putida_S12	56.25	55.439152536522116	60.0	10.3400515794974
Pseudomonas_putida_S13.1.2	57.6	57.33098334546503	57.0	6.308724118235002
Pseudomonas_rhizosphaerae	55.05263157894737	53.38521983332608	57.0	14.423980348844099
Pseudomonas_silesiensis	57.22222222222222	56.74312038702734	60.0	6.795808011998846
Pseudomonas_sp._02C_26	55.666666666666664	54.675415459318984	60.0	10.199673197379088
Pseudomonas_sp._ACM7	58.88235294117647	57.49817854229352	60.0	13.851364341379771
Pseudomonas_sp._ATCC_13867	58.26086956521739	56.29953013004176	60.0	16.408079227582334
Pseudomonas_sp._CC6-YY-74	52.791666666666664	51.435967088206866	56.0	12.060805452747095
Pseudomonas_sp._M30-35	50.0	49.749371855331	50.0	7.0710678118654755
Pseudomonas_sp._RU47	54.125	53.39575936301585	56.5	9.402697181432266
Pseudomonas_sp._S09G_359	65.1	63.625564421367365	60.0	15.673402807162061
Pseudomonas_stutzeri	59.069579288025885	57.55808061214061	60.0	13.794627479948831
Pseudomonas_stutzeri_A1501	54.354838709677416	53.4084626303264	60.0	9.99182461514337
Pseudomonas_stutzeri_CCUG_29243	60.68181818181818	57.30765818117231	57.0	21.03372884007372
Pseudomonas_stutzeri_DSM_10701	56.943820224719104	55.209716171910515	60.0	14.570642612772152
Pseudomonas_stutzeri_DSM_4166	57.588235294117645	55.835190029264254	59.5	15.503895203735532
Pseudomonas_stutzeri_RCH2	58.79245283018868	57.10654960210612	60.0	14.62263589119233
Pseudomonas_synxantha	54.18421052631579	52.30827877436266	50.0	15.29326872446846
Pseudomonas_synxantha_BG33R	54.375	52.00690520670854	50.5	19.16796061884817
Pseudomonas_taetrolens	49.583333333333336	48.75002316898593	49.0	9.356167954236327
Recombinant_Human_herpesvirus_03/10478	0	0	0	0
Rickettsia_africae	0	0	0	0
Rickettsia_akari	0	0	0	0
Rickettsia_conorii	0	0	0	0
Rickettsia_felis	0	0	0	0
Rickettsia_japonica	0	0	0	0
Rickettsia_prowazekii	0	0	0	0
Rickettsia_rickettsii	0	0	0	0
Rickettsia_rickettsii_str._R	60.0	59.999999999999986	60.0	0.0
Rickettsia_sibirica	0	0	0	0
Rickettsia_typhi	0	0	0	0
Salmonella_enterica	47.31428571428572	45.26921779816312	45.0	15.236896836629302
Salmonella_enterica_subsp._diarizonae_serovar_48:i:z	60.0	59.999999999999986	60.0	0.0
Salmonella_enterica_subsp._diarizonae_serovar_61:k:1,5,(7)	57.5	56.33826408401308	57.5	16.263455967290593
Salmonella_enterica_subsp._enterica	62.666666666666664	61.41933293931811	60.0	12.172373091006811
Salmonella_enterica_subsp._enterica_serovar_Choleraesuis	70.33333333333333	67.00274734408934	64.0	27.061657993059725
Salmonella_enterica_subsp._enterica_serovar_Derby	55.0	53.692698985557136	63.0	13.856406460551018
Salmonella_enterica_subsp._enterica_serovar_Djakarta_str._S-1087	60.0	59.999999999999986	60.0	0.0
Salmonella_enterica_subsp._enterica_serovar_Enteritidis	51.0	51.0	51.0	0.0
Salmonella_enterica_subsp._enterica_serovar_Gallinarum_str._SG9	61.666666666666664	61.44402225552782	63.5	5.501514942874068
Salmonella_enterica_subsp._enterica_serovar_Gaminara	40.0	40.0	40.0	0.0
Salmonella_enterica_subsp._enterica_serovar_India_str._SA20085604	60.0	59.999999999999986	60.0	0.0
Salmonella_enterica_subsp._enterica_serovar_Macclesfield_str._S-1643	61.333333333333336	61.30475459148419	60.0	2.309401076758503
Salmonella_enterica_subsp._enterica_serovar_Minnesota	54.0	54.00000000000001	54.0	0.0
Salmonella_enterica_subsp._enterica_serovar_Senftenberg	54.0	54.00000000000001	54.0	0.0
Salmonella_enterica_subsp._enterica_serovar_Thompson	70.33333333333333	68.93629911736878	60.0	17.8978583448784
Salmonella_enterica_subsp._enterica_serovar_Typhimurium	85.75	85.57423809271299	84.0	6.4485140407177015
Salmonella_enterica_subsp._enterica_serovar_Weltevreden	52.5	51.95510803576948	53.0	8.698658900466592
Salmonella_enterica_subsp._houtenae_str._ATCC_BAA-1581	53.666666666666664	52.84802792494707	60.0	10.969655114602888
Salmonella_enterica_subsp._salamae_serovar_55:k:z39_str._1315K	54.5	53.66563145999494	54.5	13.435028842544403
Schistosoma_mansoni	59.95538395538396	59.91402822658586	60.0	2.2361984843765597
Shigella_boydii	38.0	37.99999999999999	38.0	0.0
Shigella_dysenteriae	0	0	0	0
Shigella_flexneri	0	0	0	0
Shigella_sonnei	0	0	0	0
Simian_virus_42	0	0	0	0
Staphylococcus_aureus	53.2	51.07062501806318	50.5	15.842493976158407
Staphylococcus_aureus_subsp._aureus_JKD6159	61.0	61.00000000000001	61.0	0.0
Staphylococcus_aureus_subsp._aureus_ST398	48.0	48.00000000000001	48.0	0.0
Staphylococcus_cohnii	59.25806451612903	55.81941755881141	60.0	20.71548171768397
Staphylococcus_epidermidis	57.1764705882353	55.73838948292365	60.0	13.453557799660496
Staphylococcus_epidermidis_PM221	59.0	58.63688552171944	60.0	7.014271166700073
Staphylococcus_equorum	56.91788856304986	54.620036813323196	56.0	17.03678553633504
Staphylococcus_hominis	67.88888888888889	65.35056766847929	64.0	20.5575074148378
Staphylococcus_hominis_subsp._hominis	60.2	58.06658375626518	60.0	17.275912214906132
Staphylococcus_nepalensis	64.46363636363635	62.52246943456515	60.0	16.289745747675166
Staphylococcus_saprophyticus	62.368421052631575	61.18606054594421	60.0	12.956102710288489
Staphylococcus_sciuri	0	0	0	0
Staphylococcus_simulans	51.18181818181818	50.26919376298568	52.0	9.96813103664054
Staphylococcus_succinus	56.607142857142854	54.519517298174044	59.0	16.148246747429674
Streptococcus	59.13881748071979	56.72834671121389	59.0	17.09256966559746
Streptococcus_agalactiae	0	0	0	0
Streptococcus_anginosus	41.0	41.00000000000001	41.0	0.0
Streptococcus_canis	0	0	0	0
Streptococcus_cristatus	0	0	0	0
Streptococcus_cristatus_ATCC_51100	44.0	43.99999999999999	44.0	0.0
Streptococcus_dysgalactiae	0	0	0	0
Streptococcus_equi_subsp._zooepidemicus	71.5	70.56911505750938	71.5	16.263455967290593
Streptococcus_equinus	56.25	54.03273947565834	57.5	16.2810143594135
Streptococcus_gallolyticus	53.666666666666664	51.09325498215805	45.0	21.361959960016154
Streptococcus_gallolyticus_UCN34	58.857142857142854	54.89004733909939	52.0	24.456959278349736
Streptococcus_gordonii	60.5	60.49793384901669	60.5	0.7071067811865476
Streptococcus_gordonii_str._Challis_substr._CH1	0	0	0	0
Streptococcus_iniae	59.0	59.000000000000014	59.0	0.0
Streptococcus_intermedius	0	0	0	0
Streptococcus_lutetiensis	48.8125	47.03347484284254	45.0	13.765748556955897
Streptococcus_merionis	44.0	43.99999999999999	44.0	0.0
Streptococcus_milleri	0	0	0	0
Streptococcus_mitis	57.375	57.12342277162063	60.0	5.423164600647327
Streptococcus_mutans	60.0	59.999999999999986	60.0	0.0
Streptococcus_mutans_UA159	76.33333333333333	75.27043112880531	67.0	16.165807537309522
Streptococcus_oralis	56.166666666666664	55.35535785172959	60.0	9.389710680668848
Streptococcus_oralis_Uo5	44.0	43.99999999999999	44.0	0.0
Streptococcus_oralis_subsp._oralis	51.0	51.0	51.0	0.0
Streptococcus_pantholopis	41.333333333333336	41.089236530026895	41.0	5.507570547286102
Streptococcus_parasanguinis	60.0	59.999999999999986	60.0	0.0
Streptococcus_parasuis	66.8	65.2924283527644	66.0	16.146206984923737
Streptococcus_parauberis	0	0	0	0
Streptococcus_pluranimalium	98.0	98.00000000000004	98.0	0.0
Streptococcus_pneumoniae	60.0	59.999999999999986	60.0	0.0
Streptococcus_pseudopneumoniae_IS7493	63.25	63.015030793183236	60.0	6.5
Streptococcus_pyogenes	0	0	0	0
Streptococcus_ruminantium	38.0	37.99999999999999	38.0	0.0
Streptococcus_salivarius	58.5	58.48076606885378	58.5	2.1213203435596424
Streptococcus_sanguinis	50.5	49.598387070548974	50.5	13.435028842544403
Streptococcus_sanguinis_SK36	48.0	48.00000000000001	48.0	0.0
Streptococcus_sp._116-D4	52.0	51.223166599499784	56.0	10.583005244258363
Streptococcus_sp._1643	61.0	61.00000000000001	61.0	0.0
Streptococcus_sp._A12	41.0	41.00000000000001	41.0	0.0
Streptococcus_sp._HSISM1	45.0	44.99999999999999	45.0	0.0
Streptococcus_sp._NPS_308	45.0	44.99999999999999	45.0	0.0
Streptococcus_sp._oral_taxon_064	60.0	59.999999999999986	60.0	0.0
Streptococcus_sp._zg-86	47.333333333333336	47.33099682089877	47.0	0.5773502691896258
Streptococcus_suis	44.5	43.966296038881794	45.0	7.634508123364221
Streptococcus_thermophilus	67.5	64.68804360775681	76.0	20.024984394500787
Streptococcus_thermophilus_ND03	75.0	74.99999999999997	75.0	0.0
Streptococcus_urinalis	45.0	44.99999999999999	45.0	0.0
Streptococcus_viridans	45.0	44.99999999999999	45.0	0.0
Taenia_solium	0	0	0	0
Tannerella_forsythia	82.0	80.35983736996488	93.0	19.05255888325765
Tannerella_forsythia_92A2	54.75	51.10932739516682	58.5	22.01136070305514
Toxoplasma_gondii	0	0	0	0
Treponema	63.892857142857146	62.17679270535024	60.0	15.461635402251902
Treponema_azotonutricium_ZAS-9	60.0	55.32801708626203	50.0	29.23468259904093
Treponema_brennaborense_DSM_12168	52.0	51.09992961662174	60.0	10.14889156509222
Treponema_caldarium_DSM_7334	77.5	77.13624310270762	77.5	10.606601717798213
Treponema_denticola	60.0	59.999999999999986	60.0	0.0
Treponema_denticola_ATCC_35405	0	0	0	0
Treponema_medium	52.0	51.380930314660496	52.0	11.313708498984761
Treponema_pallidum	0	0	0	0
Treponema_pallidum_subsp._pallidum	0	0	0	0
Treponema_pallidum_subsp._pertenue	0	0	0	0
Treponema_parvum	54.75	54.49631621480022	55.0	6.075908711186061
Treponema_pedis	45.0	44.23992600849072	45.0	8.717797887081348
Treponema_phagedenis	57.666666666666664	57.56954408450279	60.0	4.041451884327381
Treponema_primitia_ZAS-2	40.5	40.472212689696136	40.5	2.1213203435596424
Treponema_putidum	49.0	48.99999999999999	49.0	0.0
Treponema_ruminis	47.0	46.813356977925764	49.0	4.47213595499958
Treponema_sp._OMZ_838	60.0	59.999999999999986	60.0	0.0
Treponema_succinifaciens_DSM_2489	36.0	36.0	36.0	0.0
Treponema_vincentii	52.5	51.961524227066306	52.5	10.606601717798213
Trichinella_spiralis	69.75	67.47683549066349	60.0	18.15837944823399
Trypanosoma_brucei	0	0	0	0
Trypanosoma_cruzi	59.0	58.991524815010486	59.0	1.4142135623730951
Variola_major_virus	0	0	0	0
Variola_minor_virus	0	0	0	0
Veillonella_parvula	0	0	0	0
Veillonella_parvula_HSIVP1	60.0	59.999999999999986	60.0	0.0
Vibrio_anguillarum	69.85714285714286	66.60984869907898	63.0	22.930536928068733
Vibrio_anguillarum_775	60.0	59.999999999999986	60.0	0.0
Vibrio_cholerae	45.4	44.54021491299268	44.0	9.939818911831342
Vibrio_furnissii	53.82608695652174	52.71971569622025	60.0	11.292202353486887
Vibrio_furnissii_NCTC_11218	51.4	50.763534567886865	49.0	8.848728722251575
Vibrio_parahaemolyticus	60.0	59.999999999999986	60.0	0.0
Vibrio_parahaemolyticus_O1:Kuk_str._FDA_R31	44.0	43.99999999999999	44.0	0.0
Vibrio_parahaemolyticus_UCM-V493	60.0	59.999999999999986	60.0	0.0
Vibrio_splendidus	0	0	0	0
Vibrio_vulnificus	55.888888888888886	55.10143974599166	60.0	9.892477501167798
Vibrio_vulnificus_CMCP6	40.0	40.0	40.0	0.0
Vibrio_vulnificus_Env1	60.0	59.999999999999986	60.0	0.0
Vibrio_vulnificus_NBRC_15645_=_ATCC_27562	42.0	42.00000000000001	42.0	0.0
Vibrio_vulnificus_VVyb1(BT3)	60.0	59.999999999999986	60.0	0.0
Vibrio_vulnificus_YJ016	60.0	59.999999999999986	60.0	0.0
Yersinia_aldovae	0	0	0	0
Yersinia_aldovae_670-83	44.666666666666664	43.46952549143724	37.0	13.279056191361391
Yersinia_aleksiciae	47.0	46.99999999999999	47.0	0.0
Yersinia_enterocolitica	36.0	36.0	36.0	0.0
Yersinia_enterocolitica_subsp._palearctica	40.0	40.0	40.0	0.0
Yersinia_enterocolitica_subsp._palearctica_105.5R(r)	64.0	63.99999999999998	64.0	0.0
Yersinia_intermedia	0	0	0	0
Yersinia_pestis	0	0	0	0
Yersinia_pestis_1412	74.0	74.00000000000003	74.0	0.0
Yersinia_pestis_CO92	0	0	0	0
Yersinia_pseudotuberculosis	0	0	0	0
Yersinia_pseudotuberculosis_complex	60.0	59.999999999999986	60.0	0.0
Yersinia_rohdei	0	0	0	0
Yersinia_ruckeri	53.666666666666664	52.87665633137234	55.0	11.06044001535804
synthetic_human_alphaherpesvirus_1	0	0	0	0
unclassified_Brucella	56.125	55.0089987295673	58.5	12.100029515902607
unclassified_Human_adenovirus_A	0	0	0	0
unclassified_Human_adenovirus_B	0	0	0	0
unclassified_Human_adenovirus_C	0	0	0	0
unclassified_Human_adenovirus_D	0	0	0	0
unclassified_Human_adenoviruses	0	0	0	0
unclassified_Neisseria	42.0	42.00000000000001	42.0	0.0
unidentified_human_adenovirus	0	0	0	0
untyped_Human_adenovirus	0	0	0	0
