Node	C>T_1	C>T_2	C>T_3	C>T_4	C>T_5	C>T_6	C>T_7	C>T_8	C>T_9	C>T_10	G>A_11	G>A_12	G>A_13	G>A_14	G>A_15	G>A_16	G>A_17	G>A_18	G>A_19	G>A_20	D>V(11Substitution)_1	D>V(11Substitution)_2	D>V(11Substitution)_3	D>V(11Substitution)_4	D>V(11Substitution)_5	D>V(11Substitution)_6	D>V(11Substitution)_7	D>V(11Substitution)_8	D>V(11Substitution)_9	D>V(11Substitution)_10	H>B(11Substitution)_11	H>B(11Substitution)_12	H>B(11Substitution)_13	H>B(11Substitution)_14	H>B(11Substitution)_15	H>B(11Substitution)_16	H>B(11Substitution)_17	H>B(11Substitution)_18	H>B(11Substitution)_19	H>B(11Substitution)_20	considered_Matches
Actinobacillus_equuli	0	0	0	0	0	0	0	0	0	0	0	0	0	0	0	0	0	0	0	0	0	0	0	0	0	0	0	0	0	0	0	0	0	0	0	0	0	0	0	0	0
Actinobacillus_pleuropneumoniae	0	1.0	0	0	0	0	0	0	0	0	0	0	0	0	0	0	0	0	0	0	0.0	0.09090909090909091	0.0	0.0	0.0	0.0	0.0	0.0	0.0	0.0	0.0	0.011363636363636364	0.0	0.0	0.0	0.0	0.0	0.0	0.022727272727272728	0.0	8
Actinobacillus_pleuropneumoniae_serovar_4_str._M62	0	0	0	0	0	0	0	0	0	0	0	0	0	0	0	1.0	0	0	0	0	0.0	0.0	0.0	0.0	0.0	0.0	0.0	0.0	0.0	0.0	0.0	0.0	0.0	0.0	0.045454545454545456	0.045454545454545456	0.0	0.0	0.0	0.0	2
Actinobacillus_pleuropneumoniae_serovar_6_str._Femo	0	1.0	0	1.0	0	0	0	0	0	0	0	0	0	0	0	0	0	0	0	0	0.0	0.09090909090909091	0.0	0.09090909090909091	0.09090909090909091	0.0	0.0	0.09090909090909091	0.0	0.0	0.09090909090909091	0.0	0.0	0.0	0.0	0.0	0.0	0.0	0.0	0.0	1
Actinobacillus_pleuropneumoniae_serovar_9_str._CVJ13261	0	0	0	0	0	0	0	0	0	0	0	0	0	0	0	0	0	0	0	0	0	0	0	0	0	0	0	0	0	0	0	0	0	0	0	0	0	0	0	0	0
African_swine_fever_virus	0	0	0	0	0	0	0	0	0	0	0	0	0	0	0	0	0	0	0	0	0	0	0	0	0	0	0	0	0	0	0	0	0	0	0	0	0	0	0	0	0
Aphthovirus	0	0	0	0	0	0	0	0	0	0	0	0	0	0	0	0	0	0	0	0	0	0	0	0	0	0	0	0	0	0	0	0	0	0	0	0	0	0	0	0	0
Arcanobacterium_haemolyticum	0	0	0	0	0	0	0	0	0	0	0	0	0	0	0	0	0	0	0	0	0	0	0	0	0	0	0	0	0	0	0	0	0	0	0	0	0	0	0	0	0
Aspergillus_fumigatus	0	0	0	0	0	0	0	0	0	0	0	0	0	0	0	0	0	0	0	0	0	0	0	0	0	0	0	0	0	0	0	0	0	0	0	0	0	0	0	0	0
Bartonella_bacilliformis	0	0	0	0	0	0	0	0	0	0	0	0	0	0	0	0	0	0	0	0	0	0	0	0	0	0	0	0	0	0	0	0	0	0	0	0	0	0	0	0	0
Bartonella_henselae	0	0	0	0	0	0	0	0	0	0	0	0	0	0	0	0	0	0	0	0	0	0	0	0	0	0	0	0	0	0	0	0	0	0	0	0	0	0	0	0	0
Bartonella_quintana	0	0	0	0	0	0	0	0	0	0	0	0	0	0	0	0	0	0	0	0	0	0	0	0	0	0	0	0	0	0	0	0	0	0	0	0	0	0	0	0	0
Blastomyces_dermatitidis	0	0	0	0	0	0	0	0	0	0	0	0	0	0	0	0	0	0	0	0	0	0	0	0	0	0	0	0	0	0	0	0	0	0	0	0	0	0	0	0	0
Bordetella_bronchialis	0	0	0.6666666666666666	0.5	0.6666666666666666	0	0	0.25	0	0	0	0	0	0	0	0	0.16666666666666666	0	0.5	0.16666666666666666	0.006993006993006993	0.006993006993006993	0.027972027972027972	0.013986013986013986	0.03496503496503496	0.013986013986013986	0.0	0.027972027972027972	0.03496503496503496	0.0	0.006993006993006993	0.006993006993006993	0.0	0.0	0.027972027972027972	0.0	0.027972027972027972	0.020979020979020976	0.020979020979020976	0.013986013986013986	13
Bordetella_bronchiseptica	0.25	1.0	0	0.16666666666666666	0.125	0	0	0	0	0	0	0	0	0	0	0.3333333333333333	0.5714285714285714	1.0	0.4	0	0.012987012987012988	0.012987012987012988	0.025974025974025976	0.03896103896103896	0.006493506493506494	0.025974025974025976	0.032467532467532464	0.03896103896103896	0.006493506493506494	0.012987012987012988	0.012987012987012988	0.0	0.006493506493506494	0.0	0.006493506493506494	0.012987012987012988	0.032467532467532464	0.01948051948051948	0.01948051948051948	0.0	14
Bordetella_genomosp._13	0.5384615384615384	0.25	0.3333333333333333	0.3333333333333333	0.21428571428571427	0.125	0.3333333333333333	0	0	0	0	0.07692307692307693	0	0	0	0.6	0.23076923076923078	0.625	0.1	0.25	0.02909090909090909	0.014545454545454545	0.025454545454545455	0.021818181818181816	0.014545454545454545	0.04	0.02909090909090909	0.025454545454545455	0.010909090909090908	0.014545454545454545	0.010909090909090908	0.0036363636363636364	0.01818181818181818	0.0036363636363636364	0.007272727272727273	0.021818181818181816	0.014545454545454545	0.02909090909090909	0.0036363636363636364	0.025454545454545455	25
Bordetella_pertussis	0	1.0	1.0	0	0	0	0	0	0	0	0	0	0	0	0	0	0	0	0	0	0.0	0.09090909090909091	0.04132231404958678	0.0	0.028925619834710745	0.02066115702479339	0.0	0.0	0.0	0.0	0.028925619834710745	0.0	0.0	0.004132231404958678	0.04132231404958678	0.028925619834710745	0.0	0.004132231404958678	0.01652892561983471	0.0	22
Bordetella_pertussis_137	0	0	1.0	0	0.25	0	0	0	0	0	0	0	0	0	0	0	0	0.47619047619047616	0	0	0.0	0.0	0.045454545454545456	0.0	0.022727272727272728	0.0	0.06818181818181818	0.022727272727272728	0.0	0.0	0.025	0.0022727272727272726	0.0022727272727272726	0.022727272727272728	0.0	0.0	0.06818181818181818	0.022727272727272728	0.0	0.022727272727272728	40
Bordetella_pertussis_18323	0	0	0	0	1.0	0	0	0	1.0	0	0	0	0	0	0	0	0	0	1.0	0	0.045454545454545456	0.0	0.045454545454545456	0.0	0.045454545454545456	0.0	0.0	0.0	0.045454545454545456	0.0	0.0	0.0	0.0	0.0	0.0	0.0	0.0	0.045454545454545456	0.04090909090909091	0.0	20
Bordetella_petrii	0.5	0	0.6666666666666666	1.0	0	0	0	0	0	0	0	0	0	0	0	0	0	0	1.0	1.0	0.01818181818181818	0.0	0.03636363636363636	0.03636363636363636	0.0	0.03636363636363636	0.03636363636363636	0.01818181818181818	0.0	0.0	0.0	0.0	0.0	0.01818181818181818	0.0	0.0	0.0	0.0	0.01818181818181818	0.01818181818181818	5
Bordetella_trematum	0.4	0	0.5	0.5	0.5	0	0.25	0	0.6666666666666666	0	0	0	0	0	0.25	0	0	0	0.5	0	0.025974025974025976	0.025974025974025976	0.03896103896103896	0.03896103896103896	0.025974025974025976	0.025974025974025976	0.012987012987012988	0.025974025974025976	0.03896103896103896	0.012987012987012988	0.0	0.0	0.0	0.012987012987012988	0.012987012987012988	0.012987012987012988	0.0	0.0	0.025974025974025976	0.0	7
Borrelia_crocidurae	0	0	0	0	0	0	0	0	0	0	0	0	0	0	0	0	0	0	0	0	0	0	0	0	0	0	0	0	0	0	0	0	0	0	0	0	0	0	0	0	0
Borrelia_crocidurae_DOU	0	0	0	0	0	0	0	0	0	0	0	0	0	0	0	0	0	0	0	0	0	0	0	0	0	0	0	0	0	0	0	0	0	0	0	0	0	0	0	0	0
Borrelia_crocidurae_str._Achema	0	0	0	0	0	0	0	0	0	0	0	0	0	0	0	0	0	0	0	0	0	0	0	0	0	0	0	0	0	0	0	0	0	0	0	0	0	0	0	0	0
Borrelia_recurrentis	0	0	0	0	0	0	0	0	0	0	0	0	0	0	0	0	0	0	0	0	0	0	0	0	0	0	0	0	0	0	0	0	0	0	0	0	0	0	0	0	0
Borreliella_afzelii	0	0	0	0	0	0	0	0	0	0	0	0	0	0	0	0	0	0	0	0	0	0	0	0	0	0	0	0	0	0	0	0	0	0	0	0	0	0	0	0	0
Borreliella_burgdorferi	0	0	0	0	0	0	0	0	0	0	0	0	0	0	0	0	0	0	0	0	0	0	0	0	0	0	0	0	0	0	0	0	0	0	0	0	0	0	0	0	0
Borreliella_garinii	0	0	0	0	0	0	0	0	0	0	0	0	0	0	0	0	0	0	0	0	0	0	0	0	0	0	0	0	0	0	0	0	0	0	0	0	0	0	0	0	0
Bovine_rhinitis_A_virus	0	0	0	0	0	0	0	0	0	0	0	0	0	0	0	0	0	0	0	0	0	0	0	0	0	0	0	0	0	0	0	0	0	0	0	0	0	0	0	0	0
Brucella_abortus	0	0	0	0	0	0	0	0	0	0	0	0	0	0	0	0	0	0	0	0	0	0	0	0	0	0	0	0	0	0	0	0	0	0	0	0	0	0	0	0	0
Brucella_canis	0	0	0	0	0	0	0	0	0	0	0	0	0	0	0	0	0	0	0	0	0	0	0	0	0	0	0	0	0	0	0	0	0	0	0	0	0	0	0	0	0
Brucella_melitensis	0	0	0	0	0	0	0	0	0	0	0	0	0	0	0	0	0	0	0	0	0	0	0	0	0	0	0	0	0	0	0	0	0	0	0	0	0	0	0	0	0
Brucella_microti	0	0	0	0	0	0	0	0	0	0	0	0	0	0	0	0	0	0	0	0	0	0	0	0	0	0	0	0	0	0	0	0	0	0	0	0	0	0	0	0	0
Brucella_microti_CCM_4915	0	0	0	0	0	0	0	0	0	0	0	0	0	0	0	0	0	0	0	0	0	0	0	0	0	0	0	0	0	0	0	0	0	0	0	0	0	0	0	0	0
Brucella_ovis	0	0	0	0	0	0	0	0	0	0	0	0	0	0	0	0	0	0	0	0	0	0	0	0	0	0	0	0	0	0	0	0	0	0	0	0	0	0	0	0	0
Brucella_ovis_ATCC_25840	0	0	0	0	0	0	0	0	0	0	0	0	0	0	0	0	0	0	0	0	0	0	0	0	0	0	0	0	0	0	0	0	0	0	0	0	0	0	0	0	0
Brucella_suis	0	0	0	0	0	0	0	0	0	0	0	0	0	0	0	0	0	0	0	0	0	0	0	0	0	0	0	0	0	0	0	0	0	0	0	0	0	0	0	0	0
Burkholderia_cepacia	0.3	0.1111111111111111	0.4	0	0.75	0.35	0	0.2	0	0.15384615384615385	0	0	0	0	0	0.3333333333333333	0.16666666666666666	0.3157894736842105	0.625	0.5384615384615384	0.024064171122994655	0.013368983957219251	0.013368983957219251	0.005347593582887701	0.013368983957219251	0.029411764705882353	0.010695187165775402	0.0160427807486631	0.005347593582887701	0.005347593582887701	0.010695187165775402	0.00802139037433155	0.0026737967914438505	0.0160427807486631	0.005347593582887701	0.010695187165775402	0.010695187165775402	0.021390374331550804	0.024064171122994655	0.029411764705882353	34
Burkholderia_cepacia_ATCC_25416	0.8	0	0.5161290322580645	0.13333333333333333	0	0	0	0	0	0	0.07407407407407407	0	0	0	0	0.1	0	0.8	0.375	0.4	0.018518518518518517	0.0	0.03535353535353535	0.0033670033670033673	0.0	0.00505050505050505	0.0	0.0033670033670033673	0.0	0.03198653198653199	0.008417508417508417	0.0033670033670033673	0.00505050505050505	0.0	0.0033670033670033673	0.0033670033670033673	0.0	0.04713804713804714	0.006734006734006735	0.021885521885521887	54
Burkholderia_cepacia_JBK9	0	0.3333333333333333	0	0.375	0.16666666666666666	0	0	0	0.125	0	0.4	0.125	0	0	0	0.5	0.5	0.6	0.2	0.5	0.012987012987012988	0.012987012987012988	0.01948051948051948	0.01948051948051948	0.012987012987012988	0.006493506493506494	0.01948051948051948	0.01948051948051948	0.012987012987012988	0.006493506493506494	0.012987012987012988	0.012987012987012988	0.006493506493506494	0.012987012987012988	0.006493506493506494	0.006493506493506494	0.025974025974025976	0.025974025974025976	0.012987012987012988	0.025974025974025976	14
Burkholderia_gladioli	0.45098039215686275	0.20833333333333334	0.3673469387755102	0.47058823529411764	0.3225806451612903	0	0	0	0	0.3142857142857143	0	0	0	0.1016949152542373	0.21739130434782608	0.23376623376623376	0.3333333333333333	0.19047619047619047	0.38	0.2553191489361702	0.02186421173762946	0.010356731875719219	0.020713463751438437	0.02819332566168009	0.01726121979286536	0.006329113924050633	0.005178365937859609	0.007479861910241657	0.006904487917146145	0.015535097813578827	0.004027617951668585	5.753739930955121E-4	0.01380897583429229	0.0189873417721519	0.023014959723820484	0.017836593785960874	0.026467203682393557	0.006904487917146145	0.01726121979286536	0.012658227848101266	158
Burkholderia_gladioli_BSR3	0	0.42857142857142855	0.3	0	0.16666666666666666	0.4444444444444444	0	0	0.6666666666666666	0.1111111111111111	0	0	0.14285714285714285	0	0	0.4	0.8	0.07142857142857142	0.25	0.3333333333333333	0.015810276679841896	0.011857707509881422	0.03557312252964427	0.011857707509881422	0.007905138339920948	0.02766798418972332	0.0	0.0	0.03162055335968379	0.003952569169960474	0.0	0.011857707509881422	0.015810276679841896	0.0	0.0	0.019762845849802372	0.023715415019762844	0.003952569169960474	0.05138339920948617	0.019762845849802372	23
Burkholderia_gladioli_pv._gladioli	0.391304347826087	0.30952380952380953	0.16666666666666666	0	0.13333333333333333	0	0	0	0	0.05357142857142857	0	0	0	0	0.09090909090909091	0.23809523809523808	0.05555555555555555	0.6511627906976745	0.37142857142857144	0.41025641025641024	0.02356902356902357	0.026094276094276097	0.007575757575757576	0.0361952861952862	0.021043771043771045	0.017676767676767676	0.009259259259259259	0.021885521885521887	0.008417508417508417	0.012626262626262626	0.00505050505050505	0.012626262626262626	0.005892255892255892	0.011784511784511785	0.006734006734006735	0.01346801346801347	0.010942760942760943	0.027777777777777776	0.030303030303030304	0.0202020202020202	108
Burkholderia_mallei	0	0	0	0	0	0	0	0	0	0	0	0	0	0	0	0	0	0	0	0	0.0	0.09090909090909091	0.0	0.0	0.0	0.0	0.0	0.0	0.0	0.0	0.0	0.0	0.0	0.0	0.0	0.0	0.0	0.0	0.0	0.0	1
Burkholderia_multivorans	0.2926829268292683	0.35135135135135137	0.4264705882352941	0.30303030303030304	0.5365853658536586	0	0	0	0	0.025	0	0.02040816326530612	0.05	0.10714285714285714	0.029411764705882353	0.3076923076923077	0.10526315789473684	0.1951219512195122	0.4222222222222222	0.3404255319148936	0.010176390773405698	0.01424694708276798	0.02849389416553596	0.011533242876526458	0.032564450474898234	0.010176390773405698	0.011533242876526458	0.004070556309362279	0.00542740841248304	0.004070556309362279	0.007462686567164179	0.006784260515603799	0.00542740841248304	0.015603799185888738	0.009497964721845319	0.014925373134328358	0.02849389416553596	0.008819538670284939	0.024423337856173677	0.012211668928086838	134
Burkholderia_multivorans_ATCC_17616	0.47058823529411764	0.3333333333333333	0	0.058823529411764705	0	0	0.3333333333333333	0	0	0	0	0	0	0.25	0	0	0.4	0.14814814814814814	0.625	0.42857142857142855	0.016913319238900635	0.021141649048625793	0.0021141649048625794	0.02959830866807611	0.008456659619450317	0.0	0.021141649048625793	0.0	0.021141649048625793	0.0	0.0	0.006342494714587738	0.006342494714587738	0.008456659619450317	0.019027484143763214	0.008456659619450317	0.027484143763213533	0.019027484143763214	0.03805496828752643	0.019027484143763214	43
Burkholderia_multivorans_ATCC_BAA-247	0.7142857142857143	0.5714285714285714	0	0	0.875	0	0	0	0	0	0	0	0	0	0	0.2857142857142857	0.2222222222222222	0	0.2	0	0.023923444976076555	0.019138755980861243	0.03349282296650718	0.04784688995215311	0.04784688995215311	0.0	0.0	0.0	0.0	0.028708133971291863	0.0	0.0	0.0	0.009569377990430622	0.0	0.03349282296650718	0.03827751196172249	0.0	0.009569377990430622	0.014354066985645932	19
Burkholderia_pseudomallei	0.1864406779661017	0	0.04	0.037037037037037035	0.36	0.1	0.022222222222222223	0	0	0	0	0	0	0	0	0	0.38181818181818183	0.7209302325581395	0.029411764705882353	0.6153846153846154	0.015454545454545453	0.034545454545454546	9.090909090909091E-4	0.004545454545454545	0.010909090909090908	0.01818181818181818	0.01	0.007272727272727273	0.0	0.023636363636363636	0.0	0.0018181818181818182	0.010909090909090908	0.011818181818181818	0.03363636363636364	0.008181818181818182	0.019090909090909092	0.03909090909090909	0.014545454545454545	0.024545454545454547	100
Burkholderia_pseudomallei_1106b	1.0	0	0	0	0	0	0	0	0	0	0	0	0	0	0	0	0.5	0	0	0	0.09090909090909091	0.0	0.0	0.0	0.0	0.0	0.0	0.0	0.0	0.0	0.0	0.0	0.045454545454545456	0.0	0.0	0.0	0.045454545454545456	0.0	0.0	0.045454545454545456	2
Burkholderia_pseudomallei_1710a	0	0	0	0	0	0	0	0	0	0	0	0	0	0	0	0	0	0	0	0	0	0	0	0	0	0	0	0	0	0	0	0	0	0	0	0	0	0	0	0	0
Burkholderia_pseudomallei_1710b	0	0	0	0	0	0	0	0	0	0	0	0	0	0	0	0	0	0	0	0	0	0	0	0	0	0	0	0	0	0	0	0	0	0	0	0	0	0	0	0	0
Burkholderia_pseudomallei_7894	0	0	0	0	0	0	0	0	0	0	0	0	0	0	0	0	0	0	0	0	0	0	0	0	0	0	0	0	0	0	0	0	0	0	0	0	0	0	0	0	0
Burkholderia_pseudomallei_B03	0	0	0	0	0	0	0	0	0	0	0	0	0	0	0	1.0	0	0	0	0	0.0	0.0	0.09090909090909091	0.0	0.0	0.0	0.09090909090909091	0.09090909090909091	0.0	0.09090909090909091	0.0	0.0	0.0	0.0	0.045454545454545456	0.045454545454545456	0.0	0.0	0.0	0.0	2
Burkholderia_pseudomallei_MSHR1153	0	0	0	0	0	0	0	0	0	0	0	0	0	0	0	0	0	0	0	0	0	0	0	0	0	0	0	0	0	0	0	0	0	0	0	0	0	0	0	0	0
Burkholderia_pseudomallei_MSHR2543	0	0	0	0	0	0	0	0	0	0	0	0	0	0	0	0	0	0	0	0	0	0	0	0	0	0	0	0	0	0	0	0	0	0	0	0	0	0	0	0	0
Burkholderia_pseudomallei_MSHR346	0	0	0	0	0	0	0	0	0	0	0	0	0	0	0	0	0	0	0	0	0	0	0	0	0	0	0	0	0	0	0	0	0	0	0	0	0	0	0	0	0
Burkholderia_pseudomallei_MSHR435	0	0	0	0	1.0	0	0	0	0	0	0	0.5	0	0	0	0	0	0	0	0	0.0	0.0	0.0	0.0	0.09090909090909091	0.0	0.09090909090909091	0.0	0.0	0.0	0.0	0.045454545454545456	0.0	0.0	0.045454545454545456	0.045454545454545456	0.0	0.0	0.0	0.0	2
Burkholderia_pseudomallei_NCTC_13179	0	0	0	0	0	0	0	0	0	0	0	0	0	0	0	0	0	0	0	0	0	0	0	0	0	0	0	0	0	0	0	0	0	0	0	0	0	0	0	0	0
Burkholderia_pseudomallei_Pasteur_52237	0	1.0	0	0	0	0	0	0	0	0	0	0	0	0	0	0	0	0	0	0	0.0	0.09090909090909091	0.09090909090909091	0.0	0.0	0.09090909090909091	0.09090909090909091	0.09090909090909091	0.0	0.0	0.0	0.0	0.0	0.0	0.0	0.0	0.0	0.0	0.0	0.0	2
Campylobacter_coli	0	0	0	0	0	0	0	0	0	0	0	0	0	0	0	0	0	0	0	0	0	0	0	0	0	0	0	0	0	0	0	0	0	0	0	0	0	0	0	0	0
Campylobacter_fetus	0	0	0	0	0	0	0	0	0	0	0	0	0	0	0	0	0	0	0	0	0	0	0	0	0	0	0	0	0	0	0	0	0	0	0	0	0	0	0	0	0
Campylobacter_gracilis	0	0	0	0	0	0	0	0	0	0	0	0	0	0	0	0	0	0	0	0	0	0	0	0	0	0	0	0	0	0	0	0	0	0	0	0	0	0	0	0	0
Campylobacter_showae	0	0	0	0	0	0	0	0	0	0	0	0	0	0	0	0	0	0	0	0	0	0	0	0	0	0	0	0	0	0	0	0	0	0	0	0	0	0	0	0	0
Canine_morbillivirus	0	0	0	0	0	0	0	0	0	0	0	0	0	0	0	0	0	0	0	0	0	0	0	0	0	0	0	0	0	0	0	0	0	0	0	0	0	0	0	0	0
Chlamydia_abortus	0	0	0	0	0	0	0	0	0	0	0	0	0	0	0	0	0	0	0	0	0	0	0	0	0	0	0	0	0	0	0	0	0	0	0	0	0	0	0	0	0
Chlamydia_caviae	0	0	0	0	0	0	0	0	0	0	0	0	0	0	0	0	0	0	0	0	0	0	0	0	0	0	0	0	0	0	0	0	0	0	0	0	0	0	0	0	0
Chlamydia_caviae_GPIC	1.0	0	0	0	0	0	0	0	0	0	0	0	0	0	0	1.0	0	0	0	0	0.045454545454545456	0.0	0.0	0.0	0.09090909090909091	0.0	0.0	0.0	0.0	0.0	0.09090909090909091	0.0	0.0	0.045454545454545456	0.0	0.045454545454545456	0.0	0.0	0.0	0.045454545454545456	2
Chlamydia_felis	0	0	0	0	0	0	0	0	0	0	0	0	0	0	0	0	0	0	0	0	0	0	0	0	0	0	0	0	0	0	0	0	0	0	0	0	0	0	0	0	0
Chlamydia_felis_Fe/C-56	0	0	0	0	0	0	0	0	0	0	0	0	0	0	0	0	0	0	0	0	0	0	0	0	0	0	0	0	0	0	0	0	0	0	0	0	0	0	0	0	0
Chlamydia_muridarum	0	0	0	0	0	0	0	0	0	0	0	0	0	0	0	0	0	0	0	0	0	0	0	0	0	0	0	0	0	0	0	0	0	0	0	0	0	0	0	0	0
Chlamydia_pecorum	0	0	0	0	0	0	0	0	0	0	0	0	0	0	0	0	0	0	0	0	0	0	0	0	0	0	0	0	0	0	0	0	0	0	0	0	0	0	0	0	0
Chlamydia_pneumoniae	0	0	0	0	0	0	0	0	0	0	0	0	0	0	0	0	0	0	0	0	0	0	0	0	0	0	0	0	0	0	0	0	0	0	0	0	0	0	0	0	0
Chlamydia_pneumoniae_AR39	0	0	0	0	0	0	0	0	0	0	0	0	0	0	0	0	0	0	0	0	0	0	0	0	0	0	0	0	0	0	0	0	0	0	0	0	0	0	0	0	0
Chlamydia_psittaci	0	0	0	0	0	0	0	0	0	0	0	0	0	0	0	0	0	0	0	0	0	0	0	0	0	0	0	0	0	0	0	0	0	0	0	0	0	0	0	0	0
Chlamydia_suis	0	0	0	1.0	0	0	0	0	0	0	0	0	0	0	0	0	0	0	0	0	0.0	0.0	0.0	0.0909090909090909	0.0	0.0909090909090909	0.0909090909090909	0.0	0.0	0.0	0.0	0.0	0.0	0.0	0.015151515151515152	0.0	0.0	0.0	0.0	0.0	6
Chlamydia_trachomatis	0	0	0	0	0	0	0	0	0	0	0	0	0	0	0	0	0	0	0	0	0	0	0	0	0	0	0	0	0	0	0	0	0	0	0	0	0	0	0	0	0
Chlamydia_trachomatis_6276	0	0	0	0	0	0	0	0	0	0	0	0	0	0	0	0	0	0	0	0	0	0	0	0	0	0	0	0	0	0	0	0	0	0	0	0	0	0	0	0	0
Corynebacterium_ammoniagenes	0	0	0	0	0	0	0	0	0	0	0	0	0	0	0	0	0	0	0	0	0	0	0	0	0	0	0	0	0	0	0	0	0	0	0	0	0	0	0	0	0
Corynebacterium_amycolatum	0	0	0	0	0	0	0	0	0	0	0	0	0	0	0	1.0	0	0	1.0	1.0	0.0	0.0	0.0	0.030303030303030304	0.030303030303030304	0.030303030303030304	0.0	0.0	0.0	0.0	0.0	0.0	0.0	0.030303030303030304	0.030303030303030304	0.030303030303030304	0.030303030303030304	0.0	0.030303030303030304	0.0909090909090909	3
Corynebacterium_bovis	0.5714285714285714	0	0	0	0	0	0	0.4	0	0	0	0	0.3333333333333333	0	0	0.6	0.6666666666666666	0	0	0.3333333333333333	0.045454545454545456	0.0	0.0	0.00909090909090909	0.0	0.00909090909090909	0.00909090909090909	0.01818181818181818	0.00909090909090909	0.01818181818181818	0.00909090909090909	0.01818181818181818	0.045454545454545456	0.0	0.0	0.045454545454545456	0.01818181818181818	0.01818181818181818	0.00909090909090909	0.00909090909090909	10
Corynebacterium_crudilactis	0	0	0	0	0	0	0	0	0	0	0	0	0	0	0	0	0	0	0	0	0	0	0	0	0	0	0	0	0	0	0	0	0	0	0	0	0	0	0	0	0
Corynebacterium_diphtheriae	0	0	0	0	0	0	0	0	0	0	0	0	0	0	0	0	0	0	0	0	0	0	0	0	0	0	0	0	0	0	0	0	0	0	0	0	0	0	0	0	0
Corynebacterium_diphtheriae_NCTC_13129	0	0	0	0	0	0	0	0	0	0	0	0	0	0	0	0	0	0	0	0	0	0	0	0	0	0	0	0	0	0	0	0	0	0	0	0	0	0	0	0	0
Corynebacterium_jeikeium	1.0	0	0	0	0	0	0	0	0	0	0	0	0	0	0	1.0	0	1.0	0	0	0.0909090909090909	0.0	0.0	0.030303030303030304	0.030303030303030304	0.030303030303030304	0.030303030303030304	0.0	0.0	0.0	0.06060606060606061	0.030303030303030304	0.0	0.0	0.0	0.030303030303030304	0.0	0.030303030303030304	0.0	0.030303030303030304	3
Corynebacterium_jeikeium_K411	0	0	0	0	0	0	0.25	0	0	0	0	0	0	0	0	1.0	0.6666666666666666	0.3333333333333333	0	0	0.0	0.0	0.0	0.01818181818181818	0.0	0.0	0.01818181818181818	0.0	0.0	0.0	0.01818181818181818	0.0	0.01818181818181818	0.01818181818181818	0.01818181818181818	0.01818181818181818	0.03636363636363636	0.01818181818181818	0.01818181818181818	0.01818181818181818	5
Corynebacterium_kroppenstedtii	0	0	0	0	0	0	0	0	0	0	0	0	0	0	0	0	0	0	0	0	0	0	0	0	0	0	0	0	0	0	0	0	0	0	0	0	0	0	0	0	0
Corynebacterium_kroppenstedtii_DSM_44385	0	0	0	0	0	0	0	0	0	0	0	0	0	0	0.5	0.5	0	0	0	0	0.0	0.0	0.0	0.0	0.0	0.0	0.0	0.0	0.09090909090909091	0.0	0.0	0.0	0.0	0.0	0.045454545454545456	0.045454545454545456	0.0	0.0	0.0	0.0	2
Corynebacterium_maris	0	0	0	0	0	0	0	0	0	0	0	0	0	0	0	0	0	0	0	0	0	0	0	0	0	0	0	0	0	0	0	0	0	0	0	0	0	0	0	0	0
Corynebacterium_maris_DSM_45190	1.0	0.3333333333333333	0.3333333333333333	0	0.5	0	0	0	0.2	0	0.5	0	0	0	0	0.3333333333333333	0	0	0.5	0.3333333333333333	0.0303030303030303	0.020202020202020204	0.020202020202020204	0.010101010101010102	0.04040404040404041	0.010101010101010102	0.020202020202020204	0.010101010101010102	0.010101010101010102	0.010101010101010102	0.020202020202020204	0.0	0.0	0.010101010101010102	0.0	0.020202020202020204	0.0	0.0	0.020202020202020204	0.010101010101010102	9
Corynebacterium_matruchotii	1.0	0	0	0	0	0	0	0	0	0	0	0	0	0	0	0	0	0	0	1.0	0.045454545454545456	0.0	0.0	0.0	0.0	0.0	0.0	0.045454545454545456	0.0	0.0	0.045454545454545456	0.0	0.045454545454545456	0.0	0.045454545454545456	0.0	0.0	0.0	0.0	0.045454545454545456	2
Corynebacterium_minutissimum	0	0	0	0	0	0	0	0	0	0	0	0	0	0	0	0	0	0	0	0	0.0	0.0	0.0	0.0	0.0	0.0	0.0	0.0	0.0	0.0	0.0	0.0	0.0	0.0	0.0	0.0	0.0	0.0	0.0	0.0	1
Corynebacterium_pseudotuberculosis	0	0	0	0	0	0	0	0	0	0	0	0	0	0	0	1.0	0	0	0	1.0	0.0	0.0	0.0	0.0	0.0	0.0	0.0	0.0	0.0	0.0	0.0	0.0	0.0	0.0	0.0	0.045454545454545456	0.045454545454545456	0.0	0.0	0.045454545454545456	2
Corynebacterium_renale	0	0	0.6666666666666666	0	0	0	0	0	0	0	0	0	0	0	0	0	0	0	0.2	0	0.030303030303030304	0.0	0.06060606060606061	0.0	0.0	0.030303030303030304	0.030303030303030304	0.030303030303030304	0.0	0.0	0.0	0.0	0.030303030303030304	0.06060606060606061	0.0	0.0	0.06060606060606061	0.0	0.015151515151515152	0.06060606060606061	6
Corynebacterium_segmentosum	0	0	0	0	0	0	0	0	0	0	0	0	0	0	0	0	0	0	0	0	0	0	0	0	0	0	0	0	0	0	0	0	0	0	0	0	0	0	0	0	0
Corynebacterium_sphenisci	0	0	0	0	0	0	0	0	0	0	0	0	0	0	0	0	0	0	0	0	0	0	0	0	0	0	0	0	0	0	0	0	0	0	0	0	0	0	0	0	0
Corynebacterium_sphenisci_DSM_44792	0.1111111111111111	0	0.7142857142857143	0.6	0.5	0	0	0	0	0	0	0	0	0	0	0	0.2	0.6666666666666666	0.2	0	0.012121212121212121	0.01818181818181818	0.04242424242424243	0.03636363636363636	0.0303030303030303	0.024242424242424242	0.0	0.0	0.0	0.006060606060606061	0.01818181818181818	0.0303030303030303	0.0	0.006060606060606061	0.0	0.012121212121212121	0.024242424242424242	0.01818181818181818	0.012121212121212121	0.0	15
Corynebacterium_stationis	0	0	0	1.0	0	0	0	0	0	0	0	0	0	0	0	0	0	0	1.0	0	0.0	0.0	0.0	0.09090909090909091	0.0	0.0	0.0	0.09090909090909091	0.0	0.0	0.09090909090909091	0.0	0.0	0.0	0.0	0.0	0.0	0.0	0.09090909090909091	0.09090909090909091	1
Corynebacterium_striatum	0	0	0	0	0	0	0	0	0	0	0	0	0	0	0	1.0	0	0	0	0	0.09090909090909091	0.0	0.0	0.0	0.0	0.0	0.0	0.0	0.0	0.0	0.0	0.0	0.06818181818181818	0.0	0.0	0.09090909090909091	0.0	0.0	0.0	0.0	4
Corynebacterium_urealyticum	0	0	0	1.0	0	0	0	0	0	0	0	0	0	0	0	0	0	0	0	0	0.0	0.0	0.0	0.09090909090909091	0.0	0.0	0.0	0.0	0.0	0.0	0.045454545454545456	0.0	0.045454545454545456	0.0	0.0	0.0	0.0	0.0	0.0	0.0	2
Corynebacterium_ureicelerivorans	0	0	0	0	0	0	0	0	0	0	0	0	0	0	0	0	0	1.0	0	0	0.045454545454545456	0.0	0.0	0.045454545454545456	0.0	0.0	0.0	0.0	0.045454545454545456	0.0	0.0	0.0	0.045454545454545456	0.045454545454545456	0.0	0.0	0.0	0.045454545454545456	0.0	0.0	2
Corynebacterium_xerosis	0.3333333333333333	0	0.2857142857142857	0.6666666666666666	0	0	0	0	0	0	0	0	0	0.5	0	0	0.8333333333333334	1.0	0	0	0.03787878787878788	0.0	0.015151515151515152	0.015151515151515152	0.015151515151515152	0.007575757575757576	0.007575757575757576	0.015151515151515152	0.0	0.0	0.0	0.007575757575757576	0.03787878787878788	0.030303030303030304	0.007575757575757576	0.015151515151515152	0.06060606060606061	0.05303030303030303	0.030303030303030304	0.015151515151515152	12
Cowpox_virus	0	0	0	0	0	0	0	0	0	0	0	0	0	0	0	0	0	0	0	0	0	0	0	0	0	0	0	0	0	0	0	0	0	0	0	0	0	0	0	0	0
Coxiella_burnetii	0	0	0.6666666666666666	1.0	0	0	0	0	0	0	0	0	0	0	0	0.8333333333333334	0	0	0	0	0.0606060606060606	0.0	0.0606060606060606	0.0606060606060606	0.0	0.0	0.0	0.0	0.0	0.0	0.0	0.0	0.0606060606060606	0.08585858585858586	0.0	0.025252525252525252	0.0	0.025252525252525252	0.025252525252525252	0.0	18
Coxiella_burnetii_Dugway_5J108-111	0	0	0	0	0	0	0	0	0	0	0	0	0	0	0	0	0	0	0	0	0	0	0	0	0	0	0	0	0	0	0	0	0	0	0	0	0	0	0	0	0
Coxiella_burnetii_str._Schperling	0	0	0	0	0	0	0	0	0	0	0	0	0	0	0	0	0	0	0	0	0	0	0	0	0	0	0	0	0	0	0	0	0	0	0	0	0	0	0	0	0
Cryptosporidium	0	0	0	0	0	0	0	0	0	0	0	0	0	0	0	0	0	0	0	0	0	0	0	0	0	0	0	0	0	0	0	0	0	0	0	0	0	0	0	0	0
Cryptosporidium_parvum	0	0	0	0	0	0	0	0	0	0	0	0	0	0	0	0	0	0	0	0	0	0	0	0	0	0	0	0	0	0	0	0	0	0	0	0	0	0	0	0	0
Deltaretrovirus	0	0	0	0	0	0	0	0	0	0	0	0	0	0	0	0	0	0	0	0	0	0	0	0	0	0	0	0	0	0	0	0	0	0	0	0	0	0	0	0	0
Ehrlichia_canis	0	0	0	0	0	0	0	0	0	0	0	0	0	0	0	0	0	0	0	0	0	0	0	0	0	0	0	0	0	0	0	0	0	0	0	0	0	0	0	0	0
Enterococcus_avium	0	0	0	0	0	0	0	0	0	0	0	0	0	0	0	0	0	0	0	0	0	0	0	0	0	0	0	0	0	0	0	0	0	0	0	0	0	0	0	0	0
Enterococcus_casseliflavus	0	0	0	0	0	0	0	0	0	0	0	0	0	0	0	0	0	0	0	0	0	0	0	0	0	0	0	0	0	0	0	0	0	0	0	0	0	0	0	0	0
Enterococcus_cecorum	0	0	0	0	0	0	0	0	0	0	0	0	0	0	0	0	0	0	0	0	0	0	0	0	0	0	0	0	0	0	0	0	0	0	0	0	0	0	0	0	0
Enterococcus_durans	0	0	0	0	0	0	0	0	0	0	0	0	0	0	0	0	0	0	0	0	0	0	0	0	0	0	0	0	0	0	0	0	0	0	0	0	0	0	0	0	0
Enterococcus_faecalis	1.0	0	0.3333333333333333	0.25	0	0	0	0	0	0	0	0	0	0	0	0	1.0	0	0	0	0.04545454545454545	0.0	0.06060606060606061	0.015151515151515152	0.0	0.0	0.0	0.0	0.0	0.0	0.015151515151515152	0.0	0.04545454545454545	0.04545454545454545	0.015151515151515152	0.030303030303030304	0.030303030303030304	0.015151515151515152	0.0	0.030303030303030304	6
Enterococcus_faecalis_ATCC_29212	0	0	0	0	0	0	0	0	0	0	0	0	0	0	0	0	0	0	0	0	0	0	0	0	0	0	0	0	0	0	0	0	0	0	0	0	0	0	0	0	0
Enterococcus_faecalis_R712	0	0	0	0	0	0	0	0	0	0	0	0	0	0	0	0	0	0	0	0	0	0	0	0	0	0	0	0	0	0	0	0	0	0	0	0	0	0	0	0	0
Enterococcus_faecium	1.0	1.0	1.0	0	0	0	0	0	0	0	0	0	0	0	0	0	0	0	0	0	0.030303030303030304	0.06060606060606061	0.06060606060606061	0.0	0.0	0.0	0.030303030303030304	0.0	0.0	0.0	0.0	0.0	0.0	0.0	0.0	0.030303030303030304	0.030303030303030304	0.0	0.030303030303030304	0.0	3
Enterococcus_hirae	0	0	0	0	0	0	0	0	0	0	0	0	0	0	0	0	0	0	0	0	0	0	0	0	0	0	0	0	0	0	0	0	0	0	0	0	0	0	0	0	0
Enterococcus_mundtii	0	0	0	0	0	0	0	0	0	0	0	0	0	0	0	0	0	0	0	0	0	0	0	0	0	0	0	0	0	0	0	0	0	0	0	0	0	0	0	0	0
Enterovirus_B	0	0	0	0	0	0	0	0	0	0	0	0	0	0	0	0	0	0	0	0	0	0	0	0	0	0	0	0	0	0	0	0	0	0	0	0	0	0	0	0	0
Epizootic_hemorrhagic_disease_virus_(serotype_1_/_strain_New_Jersey)	0	0	0	0	0	0	0	0	0	0	0	0	0	0	0	0	0	0	0	0	0	0	0	0	0	0	0	0	0	0	0	0	0	0	0	0	0	0	0	0	0
Equine_rhinitis_A_virus	0	0	0	0	0	0	0	0	0	0	0	0	0	0	0	0	0	0	0	0	0	0	0	0	0	0	0	0	0	0	0	0	0	0	0	0	0	0	0	0	0
Erysipelothrix_rhusiopathiae	0	0	0	0	0	0	0	0	0	0	0	0	0	0	0	0	0	0	0	0	0	0	0	0	0	0	0	0	0	0	0	0	0	0	0	0	0	0	0	0	0
Erythroparvovirus	0	0	0	0	0	0	0	0	0	0	0	0	0	0	0	0	0	0	0	0	0	0	0	0	0	0	0	0	0	0	0	0	0	0	0	0	0	0	0	0	0
Escherichia_coli	0	0	0	0	0	1.0	0	0	0	0	0	0	0	0	0	0	0	1.0	0	0	0.0	0.0	0.0	0.09090909090909091	0.0	0.09090909090909091	0.0	0.0	0.0	0.0	0.0	0.0	0.0	0.0	0.0	0.0	0.0	0.045454545454545456	0.045454545454545456	0.0	2
Escherichia_coli_NCCP15648	0	0	0	0	0	0	0	0	0	0	0	0	0	0	0	0	0	0	1.0	0	0.0	0.0	0.0	0.0	0.0909090909090909	0.0	0.0	0.0	0.0	0.0	0.0	0.0	0.0	0.007575757575757576	0.007575757575757576	0.0	0.0	0.0	0.0909090909090909	0.007575757575757576	12
Escherichia_coli_O111	0	0	0	0	0	0	0	0	0	0	0	0	0	0	0	0	0	0	0	0	0	0	0	0	0	0	0	0	0	0	0	0	0	0	0	0	0	0	0	0	0
Escherichia_coli_O157:H7	0	0	0	0	0	0	0	0	0	0	0	0	0	0	0	0	1.0	0	0	0	0.0	0.0	0.0	0.0	0.09090909090909091	0.0	0.0	0.0	0.0	0.0	0.07792207792207792	0.0	0.0	0.0	0.0	0.0	0.07792207792207792	0.0	0.0	0.0	7
Escherichia_coli_O18:H1	0	0	0	0	0	0	0	0	0	0	0	0	0	0	0	0	0	0	0	0	0	0	0	0	0	0	0	0	0	0	0	0	0	0	0	0	0	0	0	0	0
Escherichia_coli_O26	0	0	0	0	0	0	0	0	0	0	0	0	0	0	0	0	0	0	0	0	0	0	0	0	0	0	0	0	0	0	0	0	0	0	0	0	0	0	0	0	0
Escherichia_coli_O80:H26	0	0	0	0	0	0	0	0	0	0	0	0	0	0	0	0	0	0	0	0	0	0	0	0	0	0	0	0	0	0	0	0	0	0	0	0	0	0	0	0	0
Francisella_tularensis	0	0	0	0	0	0	0	0	0	0	0	0	0	0	0	0	0	0	0	0	0	0	0	0	0	0	0	0	0	0	0	0	0	0	0	0	0	0	0	0	0
Fusobacterium	0	0	0	0	0	0	0	0	0	0	0	0	0	0	0	0	0	0	0	0	0	0	0	0	0	0	0	0	0	0	0	0	0	0	0	0	0	0	0	0	0
Fusobacterium_gonidiaformans_ATCC_25563	0	0	0	0	0	0	0	0	0	0	0	0	0	0	0	0	0	0	0	0	0	0	0	0	0	0	0	0	0	0	0	0	0	0	0	0	0	0	0	0	0
Fusobacterium_hwasookii_ChDC_F174	0	0	0	0	0	0	0	0	0	0	0	0	0	0	0	0	0	0	0	0	0	0	0	0	0	0	0	0	0	0	0	0	0	0	0	0	0	0	0	0	0
Fusobacterium_mortiferum_ATCC_9817	0	0	0	0	0	0	0	0	0	0	0	0	0	0	0	0	0	0	0	0	0	0	0	0	0	0	0	0	0	0	0	0	0	0	0	0	0	0	0	0	0
Fusobacterium_necrophorum	0	0	0	0	0	0	0	0	0	0	0	0	0	0	0	0	0	0	0	0	0	0	0	0	0	0	0	0	0	0	0	0	0	0	0	0	0	0	0	0	0
Fusobacterium_necrophorum_subsp._funduliforme	0	0	0	0	0	0	0	0	0	0	0	0	0	0	0	0	0	0	0	0	0	0	0	0	0	0	0	0	0	0	0	0	0	0	0	0	0	0	0	0	0
Fusobacterium_nucleatum	0	0	0	0	0	0	0	0	0	0	0	0	0	0	0	0	0	0	0	0	0	0	0	0	0	0	0	0	0	0	0	0	0	0	0	0	0	0	0	0	0
Fusobacterium_periodonticum	0	0	0	0	0	0	1.0	0	0	0	0	0	0	0	0	0	0	0	0	0	0.0	0.0	0.0	0.0	0.0	0.0	0.09090909090909091	0.0	0.0	0.0	0.0	0.0	0.0	0.09090909090909091	0.0	0.0	0.0	0.0	0.0	0.09090909090909091	1
Fusobacterium_sp._oral_taxon_203	0	0	0	0	0	0	0	0	0	0	0	0	0	0	0	0	0	0	0	0	0.0	0.0	0.0	0.0	0.0	0.0	0.0	0.0	0.0	0.0	0.0	0.0	0.0	0.0	0.0	0.0	0.0	0.0	0.0	0.09090909090909091	1
Fusobacterium_ulcerans	0	0	0	0	0	0	0	0	0	0	0	0	0	0	0	0	0	0	0	0	0.0	0.0	0.0	0.0	0.0	0.0	0.0	0.0	0.0	0.0	0.09090909090909091	0.0	0.0	0.09090909090909091	0.0	0.0	0.0	0.0	0.0	0.0	1
Goatpox_virus	0	0	0	0	0	0	0	0	0	0	0	0	0	0	0	0	0	0	0	0	0	0	0	0	0	0	0	0	0	0	0	0	0	0	0	0	0	0	0	0	0
Haemophilus_influenzae	0	0	0	0	0	0	0	0	0	0	0	0	0	0	0	0	0	0	0	0	0.0	0.09090909090909091	0.0	0.0	0.0	0.0	0.0	0.09090909090909091	0.0	0.0	0.0	0.0	0.0	0.09090909090909091	0.0	0.0	0.09090909090909091	0.0	0.0	0.0	1
Helicobacter_cinaedi	0	0	0	0	0	0	0	0	0	0	0	0	0	0	0	0	0	0	0	0	0	0	0	0	0	0	0	0	0	0	0	0	0	0	0	0	0	0	0	0	0
Helicobacter_pylori	0	0	0	0	0	0	0	0	0	0	0	0	0	0	0	0	0	0	0	0	0	0	0	0	0	0	0	0	0	0	0	0	0	0	0	0	0	0	0	0	0
Helicobacter_pylori_B128	0	0	0	0	0	0	0	0	0	0	0	0	0	0	0	0	0	0	0	0	0	0	0	0	0	0	0	0	0	0	0	0	0	0	0	0	0	0	0	0	0
Helicobacter_pylori_Lithuania75	0	0	0	0	0	0	0	0	0	0	0	0	0	0	0	0	0	0	0	0	0	0	0	0	0	0	0	0	0	0	0	0	0	0	0	0	0	0	0	0	0
Helicobacter_pylori_OK113	0	0	0	0	0	0	0	0	0	0	0	0	0	0	0	0	0	0	0	0	0	0	0	0	0	0	0	0	0	0	0	0	0	0	0	0	0	0	0	0	0
Helicobacter_pylori_Shi112	0	0	0	0	0	0	0	0	0	0	0	0	0	0	0	0	0	0	0	0	0	0	0	0	0	0	0	0	0	0	0	0	0	0	0	0	0	0	0	0	0
Hepatitis_B_virus	0	0	0	0	0	0	0	0	0	0	0	0	0	0	0	0	0	0	0	0	0	0	0	0	0	0	0	0	0	0	0	0	0	0	0	0	0	0	0	0	0
Hepatitis_E_virus	0	0	0	0	0	0	0	0	0	0	0	0	0	0	0	0	0	0	0	0	0	0	0	0	0	0	0	0	0	0	0	0	0	0	0	0	0	0	0	0	0
Hepatitis_delta_virus	0	0	0	0	0	0	0	0	0	0	0	0	0	0	0	0	0	0	0	0	0	0	0	0	0	0	0	0	0	0	0	0	0	0	0	0	0	0	0	0	0
Human_adenovirus_1	0	0	0	0	0	0	0	0	0	0	0	0	0	0	0	0	0	0	0	0	0	0	0	0	0	0	0	0	0	0	0	0	0	0	0	0	0	0	0	0	0
Human_adenovirus_2	0	0	0	0	0	0	0	0	0	0	0	0	0	0	0	0	0	0	0	0	0	0	0	0	0	0	0	0	0	0	0	0	0	0	0	0	0	0	0	0	0
Human_adenovirus_35	0	0	0	0	0	0	0	0	0	0	0	0	0	0	0	0	0	0	0	0	0	0	0	0	0	0	0	0	0	0	0	0	0	0	0	0	0	0	0	0	0
Human_adenovirus_5	0	0	0	0	0	0	0	0	0	0	0	0	0	0	0	0	0	0	0	0	0	0	0	0	0	0	0	0	0	0	0	0	0	0	0	0	0	0	0	0	0
Human_adenovirus_54	0	0	0	0	0	0	0	0	0	0	0	0	0	0	0	0	0	0	0	0	0	0	0	0	0	0	0	0	0	0	0	0	0	0	0	0	0	0	0	0	0
Human_adenovirus_7	0	0	0	0	0	0	0	0	0	0	0	0	0	0	0	0	0	0	0	0	0	0	0	0	0	0	0	0	0	0	0	0	0	0	0	0	0	0	0	0	0
Human_alphaherpesvirus_1	0	0	0	0	0	0	0	0	0	0	0	0	0	0	0	0	0	0	0	0	0	0	0	0	0	0	0	0	0	0	0	0	0	0	0	0	0	0	0	0	0
Human_alphaherpesvirus_2	0	0	0	0	0	0	0	0	0	0	0	0	0	0	0	0	0	0	0	0	0	0	0	0	0	0	0	0	0	0	0	0	0	0	0	0	0	0	0	0	0
Human_alphaherpesvirus_3	0	0	0	0	0	0	0	0	0	0	0	0	0	0	0	0	0	0	0	0	0	0	0	0	0	0	0	0	0	0	0	0	0	0	0	0	0	0	0	0	0
Human_gammaherpesvirus_4	0	0	0	0	0	0	0	0	0	0	0	0	0	0	0	0	0	0	0	0	0	0	0	0	0	0	0	0	0	0	0	0	0	0	0	0	0	0	0	0	0
Human_herpesvirus_4_type_2	0	0	0	0	0	0	0	0	0	0	0	0	0	0	0	0	0	0	0	0	0	0	0	0	0	0	0	0	0	0	0	0	0	0	0	0	0	0	0	0	0
Human_mastadenovirus_C	0	0	0	0	0	0	0	0	0	0	0	0	0	0	0	0	0	0	0	0	0	0	0	0	0	0	0	0	0	0	0	0	0	0	0	0	0	0	0	0	0
JC_polyomavirus	0	0	0	0	0	0	0	0	0	0	0	0	0	0	0	0	0	0	0	0	0	0	0	0	0	0	0	0	0	0	0	0	0	0	0	0	0	0	0	0	0
Klebsiella_aerogenes	0	0	1.0	0	0	0	0	0	0	0	0	0	0	0	0	0	0	0.5	0	0.6666666666666666	0.0	0.0	0.03636363636363636	0.0	0.03636363636363636	0.0	0.0	0.0	0.0	0.0	0.0	0.0	0.01818181818181818	0.01818181818181818	0.05454545454545454	0.01818181818181818	0.0	0.05454545454545454	0.0	0.05454545454545454	5
Klebsiella_aerogenes_EA1509E	0	0	0	0	0	0	0	0	0	0	0	0	0	0	0	0	0	0	0	0	0	0	0	0	0	0	0	0	0	0	0	0	0	0	0	0	0	0	0	0	0
Klebsiella_michiganensis	0	1.0	0	0	0	0	0	0	0	0	0	0	0	0	0	0	0	0	0	0	0.0	0.0909090909090909	0.0	0.0	0.0	0.0	0.0	0.0	0.0	0.0	0.0	0.030303030303030304	0.0909090909090909	0.0	0.0	0.0	0.0	0.0	0.0	0.06060606060606061	3
Klebsiella_oxytoca	0	0	0	0	0	0	0	0	0	0	0	0	0	0	0	0	0	0	0	0	0	0	0	0	0	0	0	0	0	0	0	0	0	0	0	0	0	0	0	0	0
Klebsiella_pneumoniae	0.3333333333333333	0	1.0	0	0.23076923076923078	0	0	0	0	0	0	0	0	0	0	0	0	0	0	0	0.025252525252525252	0.0	0.050505050505050504	0.01515151515151515	0.01515151515151515	0.0	0.0	0.0	0.04040404040404041	0.0	0.025252525252525252	0.04797979797979798	0.0	0.0	0.0025252525252525255	0.0	0.0	0.01515151515151515	0.0025252525252525255	0.0	36
Klebsiella_pneumoniae_subsp._pneumoniae	1.0	0	0	0	0	0	0	0	0	1.0	0	0	0	0	0	0	0	0	0	0	0.0909090909090909	0.0	0.0	0.0	0.0909090909090909	0.0909090909090909	0.0	0.0	0.0909090909090909	0.0909090909090909	0.0	0.0	0.0	0.0	0.06060606060606061	0.0	0.0	0.0	0.0	0.0	3
Klebsiella_pneumoniae_subsp._pneumoniae_KPNIH24	0	0	0	1.0	0	0	0	0	0	0	0	0	0	0	0	0	0	0	0	0	0.0	0.0	0.0	0.09090909090909091	0.0	0.0	0.0	0.0	0.0	0.0	0.07792207792207792	0.0	0.012987012987012988	0.07792207792207792	0.0	0.0	0.0	0.0	0.0	0.0	7
Klebsiella_pneumoniae_subsp._pneumoniae_KPNIH27	0	0	0	0	0	0	0	0	0	0	0	0	0	0	0	0	0	0	0	0	0	0	0	0	0	0	0	0	0	0	0	0	0	0	0	0	0	0	0	0	0
Klebsiella_pneumoniae_subsp._rhinoscleromatis	0	0	0	0	0	0	0	0	0	0	0	0	0	0	0	0	0	0	0	0	0	0	0	0	0	0	0	0	0	0	0	0	0	0	0	0	0	0	0	0	0
Klebsiella_pneumoniae_subsp._rhinoscleromatis_SB3432	0	0	0	0	0	0	0	0	0	0	0	0	0	0	0	0	0	0	0	0	0	0	0	0	0	0	0	0	0	0	0	0	0	0	0	0	0	0	0	0	0
Legionella_anisa	0	0	0	0	0	0	0	0	0	0	0	0	0	0	0	0	0	0	0	0	0.0	0.09090909090909091	0.0	0.0	0.0	0.0	0.0	0.0	0.0	0.0	0.0	0.0	0.0	0.0	0.0	0.0	0.0	0.0	0.0	0.0	1
Legionella_lansingensis	0	0	0	0	0	0	0	0	0	0	0	0	0	0	0	0	0	0	0	0	0	0	0	0	0	0	0	0	0	0	0	0	0	0	0	0	0	0	0	0	0
Legionella_pneumophila	0	0	0	0	0	0	0	0	0	0	0	0	0	0	0	0	0	0	0	0	0	0	0	0	0	0	0	0	0	0	0	0	0	0	0	0	0	0	0	0	0
Legionella_pneumophila_str._Corby	0	0	0	0	0	0	0	0	0	0	0	0	0	0	0	0	0	0	0	0	0	0	0	0	0	0	0	0	0	0	0	0	0	0	0	0	0	0	0	0	0
Legionella_pneumophila_subsp._fraseri	0	0	0	0	0	0	0	0	0	0	0	0	0	0	0	0	0	0	0	0	0	0	0	0	0	0	0	0	0	0	0	0	0	0	0	0	0	0	0	0	0
Legionella_pneumophila_subsp._pascullei	0	0	0	0	0	0	0	0	0	0	0	0	0	0	0	0	0	0	0	0	0	0	0	0	0	0	0	0	0	0	0	0	0	0	0	0	0	0	0	0	0
Legionella_pneumophila_subsp._pneumophila	0	0	0	0	0	0	0	0	0	0	0	0	0	0	0	0	0	0	0	0	0	0	0	0	0	0	0	0	0	0	0	0	0	0	0	0	0	0	0	0	0
Legionella_pneumophila_subsp._pneumophila_str._Philadelphia_1	0	0	0	0	0	0	0	0	0	0	0	0	0	0	0	0	0	0	0	0	0	0	0	0	0	0	0	0	0	0	0	0	0	0	0	0	0	0	0	0	0
Leptospira_alexanderi	0	0	0	0	0	0	0	0	0	0	0	0	0	0	0	0	0	0	0	0	0	0	0	0	0	0	0	0	0	0	0	0	0	0	0	0	0	0	0	0	0
Leptospira_alstonii	0	0	0	0	0	0	0	0	0	0	0	0	0	0	0	0	0	0	0	0	0	0	0	0	0	0	0	0	0	0	0	0	0	0	0	0	0	0	0	0	0
Leptospira_biflexa	0	0	0	0	0	0	0	0	0	0	0	0	0	0	0	0	0	0	0	0	0	0	0	0	0	0	0	0	0	0	0	0	0	0	0	0	0	0	0	0	0
Leptospira_biflexa_serovar_Patoc	0	0	0	0	0	0	0	0	0	0	0	0	0	0	0	0	0	0	0	0	0	0	0	0	0	0	0	0	0	0	0	0	0	0	0	0	0	0	0	0	0
Leptospira_borgpetersenii	0	0	0	0	0	0	0	0	0	0	0	0	0	0	0	0	0	0	0	0	0	0	0	0	0	0	0	0	0	0	0	0	0	0	0	0	0	0	0	0	0
Leptospira_borgpetersenii_serovar_Ceylonica	0	0	0	0	0	0	0	0	0	0	0	0	0	0	0	0	0	0	0	0	0	0	0	0	0	0	0	0	0	0	0	0	0	0	0	0	0	0	0	0	0
Leptospira_broomii	0	0	0	0	0	0	0	0	0	0	0	0	0	0	0	0	0	0	0	0	0	0	0	0	0	0	0	0	0	0	0	0	0	0	0	0	0	0	0	0	0
Leptospira_fainei	0	0	0	0	0	0	0	0	0	0	0	0	0	0	0	0	0	0	0	0	0	0	0	0	0	0	0	0	0	0	0	0	0	0	0	0	0	0	0	0	0
Leptospira_inadai	0	0	0	0	0	0	0	0	0	0	0	0	0	0	0	0	0	0	0	0	0	0	0	0	0	0	0	0	0	0	0	0	0	0	0	0	0	0	0	0	0
Leptospira_interrogans	0	1.0	0	0	0	0	0	0	0	0	0	0	0	0	0	0	0	0.8571428571428571	0	0	0.03409090909090909	0.056818181818181816	0.0	0.03409090909090909	0.0	0.0	0.0	0.0	0.0	0.0	0.05113636363636364	0.0	0.0	0.0	0.08522727272727272	0.0	0.056818181818181816	0.03409090909090909	0.0	0.0	16
Leptospira_interrogans_serovar_Hardjo-prajitno	0	0	0	0	0	0	0	0	0	0	0	0	0	0	0	0	0	0	0	0	0	0	0	0	0	0	0	0	0	0	0	0	0	0	0	0	0	0	0	0	0
Leptospira_interrogans_serovar_Manilae	0	0	0	0	0	0	0	0	0	0	0	0	0	0	0	0	0	0	0	0	0	0	0	0	0	0	0	0	0	0	0	0	0	0	0	0	0	0	0	0	0
Leptospira_kirschneri	0	0	0	0	0	0	0	0	0	0	0	0	0	0	0	0	0	0	0	0	0	0	0	0	0	0	0	0	0	0	0	0	0	0	0	0	0	0	0	0	0
Leptospira_kmetyi	0	0	0	0	0	0	0	0	0	0	0	0	0	0	0	0	0	0	0	0	0	0	0	0	0	0	0	0	0	0	0	0	0	0	0	0	0	0	0	0	0
Leptospira_licerasiae	0	0	0	0	0	0	0	0	0	0	0	0	0	0	0	0	0	0	0	0	0	0	0	0	0	0	0	0	0	0	0	0	0	0	0	0	0	0	0	0	0
Leptospira_noguchii	0	0	0	0	0	0	0	0	0	0	0	0	0	0	0	0	0	0	0	0	0	0	0	0	0	0	0	0	0	0	0	0	0	0	0	0	0	0	0	0	0
Leptospira_santarosai	0	0	0	0	0	0	0	0	0	0	0	0	0	0	0	0	0	0	0	0	0	0	0	0	0	0	0	0	0	0	0	0	0	0	0	0	0	0	0	0	0
Leptospira_santarosai_serovar_Shermani_str._LT_821	0	0	0	0	0	0	0	0	0	0	0	0	0	0	0	0	0	0	0	0	0	0	0	0	0	0	0	0	0	0	0	0	0	0	0	0	0	0	0	0	0
Leptospira_weilii	0	0	0	0	0	0	0	0	0	0	0	0	0	0	0	0	0	0	0	1.0	0.09090909090909091	0.0	0.0	0.09090909090909091	0.0	0.0	0.0	0.0	0.0	0.0	0.0	0.0	0.0	0.0	0.045454545454545456	0.045454545454545456	0.0	0.0	0.0	0.045454545454545456	2
Leptospira_wolffii	0	0	0	0	0	0	0	0	0	0	0	0	0	0	0	0	0	0	0	0	0	0	0	0	0	0	0	0	0	0	0	0	0	0	0	0	0	0	0	0	0
Listeria_monocytogenes	1.0	0	0	0	0	0	0	0	0	0	0	0	0	0	0	0	0	0	0	0	0.09090909090909091	0.0	0.0	0.0	0.0	0.0	0.0	0.0	0.0	0.0	0.0	0.0	0.0	0.0	0.0	0.0	0.0	0.0	0.0	0.0	1
Listeria_monocytogenes_6179	1.0	0	0	1.0	0	1.0	0	0	0	0	0	0	0	0	0	0	0	0	0	0	0.09090909090909091	0.0	0.0	0.09090909090909091	0.0	0.09090909090909091	0.0	0.0	0.09090909090909091	0.0	0.08181818181818182	0.0	0.08181818181818182	0.0	0.0	0.0	0.0	0.00909090909090909	0.0	0.0	10
Listeria_monocytogenes_FSL_J1-208	0	0	0	0	0	0	0	0	0	0	0	0	0	0	0	0	0	0	0	0	0	0	0	0	0	0	0	0	0	0	0	0	0	0	0	0	0	0	0	0	0
Listeria_monocytogenes_HCC23	0	0	0	0	0	0	0	0	0	0	0	0	0	0	0	0	0	0	0	0	0	0	0	0	0	0	0	0	0	0	0	0	0	0	0	0	0	0	0	0	0
Listeria_monocytogenes_J1816	0	0	0	0	0	0	0	0	0	0	0	0	0	0	0	0	0	0	0	0	0	0	0	0	0	0	0	0	0	0	0	0	0	0	0	0	0	0	0	0	0
Lumpy_skin_disease_virus	0	0	0	0	0	0	0	0	0	0	0	0	0	0	0	0	0	0	0	0	0	0	0	0	0	0	0	0	0	0	0	0	0	0	0	0	0	0	0	0	0
Lymphocryptovirus	0	0	0	0	0	0	0	0	0	0	0	0	0	0	0	0	0	0	0	0	0	0	0	0	0	0	0	0	0	0	0	0	0	0	0	0	0	0	0	0	0
Mannheimia_haemolytica	1.0	1.0	0	0	0	0	0	0	1.0	0	0	0	0	0	0	0	0	0	0	0	0.008264462809917356	0.08264462809917356	0.0	0.0	0.0	0.0	0.0	0.0	0.008264462809917356	0.0	0.0	0.0	0.0	0.0	0.0	0.0	0.0	0.0	0.0	0.0	11
Mannheimia_haemolytica_D174	0	0	0	0	0	0	0	0	0	0	0	0	0	0	0	0	0	0	0	0	0	0	0	0	0	0	0	0	0	0	0	0	0	0	0	0	0	0	0	0	0
Mannheimia_haemolytica_USDA-ARS-USMARC-183	0	0	0	0	0	0	0	0	0	0	0	0	0	0	0	0	0	0	0	0	0	0	0	0	0	0	0	0	0	0	0	0	0	0	0	0	0	0	0	0	0
Measles_morbillivirus	0	0	0	0	0	0	0	0	0	0	0	0	0	0	0	0	0	0	0	0	0	0	0	0	0	0	0	0	0	0	0	0	0	0	0	0	0	0	0	0	0
Methanobrevibacter_oralis	0	0	0	0	0	0	0	0	0	0	0	0	0	0	0	0	0	0	0	0	0	0	0	0	0	0	0	0	0	0	0	0	0	0	0	0	0	0	0	0	0
Moraxella_catarrhalis	0	0	0	0	0	0	0	0	0	0	0	0	0	0	0	0	0	0	0	0	0	0	0	0	0	0	0	0	0	0	0	0	0	0	0	0	0	0	0	0	0
Morbillivirus	0	0	0	0	0	0	0	0	0	0	0	0	0	0	0	0	0	0	0	0	0	0	0	0	0	0	0	0	0	0	0	0	0	0	0	0	0	0	0	0	0
Mycobacterium_avium	0.5	0.12244897959183673	0	0.25	0	0	0	0	0	0	0.4166666666666667	0	0	0	0	0	0.6190476190476191	0.5882352941176471	0.5238095238095238	0.37777777777777777	0.031425364758698095	0.006734006734006734	0.025813692480359147	0.020202020202020204	0.02132435465768799	0.007856341189674524	0.015712682379349047	0.026936026936026935	0.004489337822671156	0.0	0.015712682379349047	0.0	0.0	0.025813692480359147	0.015712682379349047	0.014590347923681258	0.03479236812570146	0.01122334455667789	0.02356902356902357	0.030303030303030304	81
Mycobacterium_avium_subsp._avium	0	1.0	0	0	0	0	0	0	0	0	0	0	0	0	0	0	0	0	0.8	0	0.0	0.030303030303030304	0.0	0.0	0.0	0.0	0.0	0.0	0.0	0.0	0.015151515151515152	0.0	0.0	0.0	0.0	0.015151515151515152	0.0	0.0	0.06060606060606061	0.0	6
Mycobacterium_avium_subsp._hominissuis	0.5263157894736842	0.5454545454545454	0	0.21428571428571427	0.125	0	0	0	0	0	0	0	0	0	0	0	0.1111111111111111	0.043478260869565216	0.14285714285714285	0.7142857142857143	0.029325513196480937	0.029325513196480937	0.0	0.00879765395894428	0.014662756598240468	0.02346041055718475	0.0	0.05278592375366569	0.014662756598240468	0.0	0.005865102639296188	0.00879765395894428	0.002932551319648094	0.01759530791788856	0.0	0.0	0.00879765395894428	0.002932551319648094	0.03519061583577712	0.06744868035190615	31
Mycobacterium_avium_subsp._paratuberculosis	0	0	0	0	0	0	0	0	0	0	0	0	0	0	0	0	0	0	0	0	0	0	0	0	0	0	0	0	0	0	0	0	0	0	0	0	0	0	0	0	0
Mycobacterium_canettii	0	1.0	0	0	0	0	0	0	0	0	0	0	0	0	0	0	1.0	0	0	0	0.0	0.045454545454545456	0.0	0.045454545454545456	0.0	0.0	0.0	0.0	0.0	0.0	0.0	0.0	0.0	0.0	0.0	0.0	0.045454545454545456	0.0	0.0	0.045454545454545456	2
Mycobacterium_colombiense	0	0	0	0	0	0	0	0	0	0	0	0	0	0	0	0	0	0	0	0	0	0	0	0	0	0	0	0	0	0	0	0	0	0	0	0	0	0	0	0	0
Mycobacterium_colombiense_CECT_3035	0	0	0.6666666666666666	1.0	0	0	0	0	0	0	0	0	0	0	0	0.6666666666666666	0	0.5	0	0	0.0	0.03896103896103896	0.025974025974025976	0.012987012987012988	0.03896103896103896	0.0	0.012987012987012988	0.0	0.0	0.0	0.0	0.0	0.025974025974025976	0.0	0.0	0.03896103896103896	0.0	0.012987012987012988	0.0	0.025974025974025976	7
Mycobacterium_intracellulare	0.08333333333333333	0.23076923076923078	0.6666666666666666	0	0.42857142857142855	0	0	0.09090909090909091	0	0	0	0	0.375	0	0.125	0.0625	0.6153846153846154	0	0.25	0.15384615384615385	0.0033670033670033673	0.01346801346801347	0.02356902356902357	0.0	0.02356902356902357	0.0	0.01346801346801347	0.02356902356902357	0.016835016835016835	0.01346801346801347	0.006734006734006735	0.0033670033670033673	0.0101010101010101	0.0033670033670033673	0.0101010101010101	0.01346801346801347	0.030303030303030304	0.016835016835016835	0.016835016835016835	0.0101010101010101	27
Mycobacterium_intracellulare_subsp._yongonense	0	0	0	0	0.2857142857142857	0	0	0	0	0	0	0	0	0	0	0.6666666666666666	0	0	0	0	0.0	0.0	0.0	0.0	0.020202020202020204	0.0	0.0	0.050505050505050504	0.0	0.0	0.050505050505050504	0.0	0.010101010101010102	0.050505050505050504	0.0	0.0606060606060606	0.0	0.0	0.0	0.0303030303030303	9
Mycobacterium_kansasii	0.3125	0.16666666666666666	0.16666666666666666	0.5555555555555556	0.26666666666666666	0	0	0.2	0	0	0	0	0.3333333333333333	0	0	0.5454545454545454	0.1	0.09090909090909091	0.06666666666666667	0.36363636363636365	0.0219435736677116	0.018808777429467082	0.01567398119122257	0.03134796238244514	0.034482758620689655	0.009404388714733541	0.018808777429467082	0.018808777429467082	0.02821316614420063	0.012539184952978056	0.003134796238244514	0.003134796238244514	0.003134796238244514	0.003134796238244514	0.003134796238244514	0.0219435736677116	0.006269592476489028	0.01567398119122257	0.003134796238244514	0.034482758620689655	29
Mycobacterium_leprae	0	0	0	0	0	0	0	0	0	0	0	0	0	0	0	0	0	0	0	0	0	0	0	0	0	0	0	0	0	0	0	0	0	0	0	0	0	0	0	0	0
Mycobacterium_leprae_Kyoto-2	0	0	0	0	0	0	0	0	0	0	0	0	0	0	0	0	0	0	0	0	0	0	0	0	0	0	0	0	0	0	0	0	0	0	0	0	0	0	0	0	0
Mycobacterium_marseillense	0	0	0	0	0	0	0	0	0	0	0	0	0	0	0	0.5	0	0	0.5	0	0.0	0.0	0.0	0.0	0.0	0.0	0.0	0.0	0.0	0.030303030303030304	0.030303030303030304	0.0	0.06060606060606061	0.030303030303030304	0.0	0.030303030303030304	0.0	0.030303030303030304	0.030303030303030304	0.0	3
Mycobacterium_sp._JS623	0.375	0.2857142857142857	0.1	0	0.18181818181818182	0.25	0	0	0	0.25	0	0.2	0	0	0	0.6666666666666666	0.26666666666666666	0.3333333333333333	0.4444444444444444	0	0.012987012987012986	0.012987012987012986	0.012987012987012986	0.008658008658008658	0.012987012987012986	0.008658008658008658	0.004329004329004329	0.0	0.008658008658008658	0.012987012987012986	0.021645021645021644	0.012987012987012986	0.021645021645021644	0.021645021645021644	0.021645021645021644	0.03896103896103896	0.021645021645021644	0.025974025974025972	0.017316017316017316	0.012987012987012986	21
Mycobacterium_sp._YC-RL4	0.5	0.5	0	0	0.3333333333333333	0	0	0	0	0	0.25	0	0	0.25	0	0	0.6666666666666666	0.6	0	0	0.0303030303030303	0.010101010101010102	0.020202020202020204	0.010101010101010102	0.010101010101010102	0.020202020202020204	0.010101010101010102	0.0	0.0	0.0	0.020202020202020204	0.0	0.010101010101010102	0.010101010101010102	0.0	0.0	0.0303030303030303	0.0303030303030303	0.010101010101010102	0.010101010101010102	9
Mycobacterium_tuberculosis	0.5	0	1.0	0.2222222222222222	1.0	0	0	0	0	0	0	0	0	0	0	0	0.42857142857142855	0	0.375	0	0.0320855614973262	0.0	0.0374331550802139	0.0320855614973262	0.005347593582887701	0.0320855614973262	0.026737967914438502	0.0	0.021390374331550804	0.021390374331550804	0.005347593582887701	0.0320855614973262	0.021390374331550804	0.010695187165775402	0.0	0.021390374331550804	0.0160427807486631	0.0	0.0160427807486631	0.005347593582887701	17
Mycobacterium_tuberculosis_KZN_1435	0	0	0	0	0	0	0	0	0	0	0	0	0	0	0	0	0	1.0	0	0	0.0	0.0	0.0	0.0	0.0	0.0	0.09090909090909091	0.0	0.0	0.0	0.0	0.07792207792207792	0.0	0.07792207792207792	0.012987012987012988	0.0	0.0	0.07792207792207792	0.07792207792207792	0.0	7
Mycobacterium_tuberculosis_complex	0	0	0.5	0	0	0	0	0	0	0	0	0	0	0	0	0.8888888888888888	0	0	0	0	0.0	0.045454545454545456	0.045454545454545456	0.0	0.0	0.0	0.045454545454545456	0.0	0.045454545454545456	0.045454545454545456	0.005681818181818182	0.03977272727272727	0.0	0.0	0.0	0.045454545454545456	0.0	0.03977272727272727	0.0	0.0	16
Mycobacterium_tuberculosis_variant_africanum	0	0	0	0	0	0	0	0	0	0	0	0	0	0	0	0	0	0	0	0	0	0	0	0	0	0	0	0	0	0	0	0	0	0	0	0	0	0	0	0	0
Mycobacterium_tuberculosis_variant_bovis	0	0	0	0	0	0	0	0	0	0	0	0	0	0	0	0	0	0	0	0	0	0	0	0	0	0	0	0	0	0	0	0	0	0	0	0	0	0	0	0	0
Mycobacteroides_abscessus	0	0	1.0	1.0	0.09090909090909091	0	0	0	0	0	0	0	0	0	0	0	0	0	1.0	0	0.0	0.0	0.02097902097902098	0.08857808857808858	0.002331002331002331	0.0	0.0	0.0	0.0	0.0	0.0	0.02331002331002331	0.0	0.002331002331002331	0.06993006993006992	0.002331002331002331	0.0	0.02331002331002331	0.06993006993006992	0.0	39
Mycobacteroides_abscessus_subsp._abscessus	1.0	1.0	0	0	0	0	0	0	0	0	0	0	0	0	0	0	0	0	0	0	0.025974025974025976	0.06493506493506493	0.0	0.0	0.0	0.0	0.0	0.0	0.06493506493506493	0.0	0.025974025974025976	0.0	0.0	0.025974025974025976	0.0	0.0	0.0	0.0	0.05194805194805195	0.05194805194805195	7
Mycobacteroides_abscessus_subsp._bolletii	1.0	0	0	0	0	0	0	0	0	0	0	0	0	0	0	0	0	0	0	0	0.09090909090909091	0.0	0.0	0.0	0.09090909090909091	0.0	0.0	0.0	0.0	0.0	0.0	0.0	0.0	0.09090909090909091	0.0	0.09090909090909091	0.09090909090909091	0.0	0.0	0.09090909090909091	1
Mycobacteroides_abscessus_subsp._bolletii_50594	0	0	0	0	0	0	0	0	0	0	0	0	0	0	0	0	0	0	0	0	0	0	0	0	0	0	0	0	0	0	0	0	0	0	0	0	0	0	0	0	0
Mycobacteroides_abscessus_subsp._massiliense	0	0	0	0	0	0	0	0	0	0	0	0	0	0	0	0	0	0.75	0	0	0.0	0.0	0.0	0.0	0.0	0.0	0.0	0.0	0.0	0.09090909090909091	0.022727272727272728	0.0	0.0	0.0	0.0	0.0	0.06818181818181818	0.06818181818181818	0.0	0.0	4
Mycobacteroides_abscessus_subsp._massiliense_CCUG_48898_=_JCM_15300	0	0	0	0	0	0	0	0	0	0	0	0	0	0	0	0	0	0	0	0	0	0	0	0	0	0	0	0	0	0	0	0	0	0	0	0	0	0	0	0	0
Mycoplasma_haemocanis	0	0	0	0	0	0	0	0	0	0	0	0	0	0	0	0	0	0	0	0	0	0	0	0	0	0	0	0	0	0	0	0	0	0	0	0	0	0	0	0	0
Mycoplasma_haemofelis	0	0	0	0	0	0	0	0	0	0	0	0	0	0	0	0	0	0	0	0	0	0	0	0	0	0	0	0	0	0	0	0	0	0	0	0	0	0	0	0	0
Mycoplasma_mycoides	0	0	0	0	0	0	0	0	0	0	0	0	0	0	0	0	0	0	0	0	0	0	0	0	0	0	0	0	0	0	0	0	0	0	0	0	0	0	0	0	0
Mycoplasma_mycoides_subsp._capri_LC_str._95010	0	0	0	0	0	0	0	0	0	0	0	0	0	0	0	0	0	0	0	0	0	0	0	0	0	0	0	0	0	0	0	0	0	0	0	0	0	0	0	0	0
Mycoplasma_ovipneumoniae	0	0	0	0	0	0	0	0	0	0	0	0	0	0	0	0	0	0	0	0	0	0	0	0	0	0	0	0	0	0	0	0	0	0	0	0	0	0	0	0	0
Mycoplasma_pneumoniae	0	0	0	0	0	0	0	0	0	0	0	0	0	0	0	0	0	0	0	0	0	0	0	0	0	0	0	0	0	0	0	0	0	0	0	0	0	0	0	0	0
Neisseria_elongata	0	0	0	0	0	0	0	0	0	0	0	0	0	0	0	0	0	0	0	0	0	0	0	0	0	0	0	0	0	0	0	0	0	0	0	0	0	0	0	0	0
Neisseria_elongata_subsp._glycolytica	0	0	0	0	0	0	0	0	0	0	0	0	0	0	0	0	0	0	0	0	0	0	0	0	0	0	0	0	0	0	0	0	0	0	0	0	0	0	0	0	0
Neisseria_gonorrhoeae	0	0	0	0	0	0	0	0	0	0	0	0	0	0	0	0	1.0	0	0	0	0.0	0.0	0.0	0.0	0.0	0.09090909090909091	0.0	0.0	0.0	0.0	0.08181818181818182	0.0	0.0	0.0	0.0	0.0	0.08181818181818182	0.0	0.08181818181818182	0.0	10
Neisseria_gonorrhoeae_NG-k51.05	0	0	0	0	0	0	0	0	0	0	0	0	0	0	0	0	0	0	0	0	0	0	0	0	0	0	0	0	0	0	0	0	0	0	0	0	0	0	0	0	0
Neisseria_meningitidis	0	1.0	0	0	0	0	0	0	0	0	0.9	0	0	0	0	0	0	0	0	0	0.0	0.09090909090909091	0.0	0.0	0.0	0.0	0.0	0.0	0.0	0.0	0.08181818181818182	0.0	0.0	0.0	0.0	0.0	0.00909090909090909	0.0	0.0	0.0	10
Neisseria_meningitidis_8013	0	0	0	0	0	0	0	0	0	0	0	0	0	0	0	0	0	0	0	0	0	0	0	0	0	0	0	0	0	0	0	0	0	0	0	0	0	0	0	0	0
Neisseria_meningitidis_M01-240355	0	0	0	0	0	0	0	0	0	0	0	0	0	0	0	0	0	0	0	0	0	0	0	0	0	0	0	0	0	0	0	0	0	0	0	0	0	0	0	0	0
Neisseria_meningitidis_NZ-05/33	0	0	0	0	0	0	0	0	0	0	0	0	0	0	0	1.0	0	0	0	0	0.0	0.0	0.09090909090909091	0.0	0.0	0.0	0.0	0.0	0.0	0.0	0.0	0.0	0.022727272727272728	0.0	0.0	0.09090909090909091	0.0	0.0	0.06818181818181818	0.0	4
Neisseria_meningitidis_serogroup_B	0	0	0	0	0	0	0	0	0	0	0	0	0	0	0	0	0	0	0	0	0	0	0	0	0	0	0	0	0	0	0	0	0	0	0	0	0	0	0	0	0
Neisseria_mucosa	0	0	0	0	0	0	0	0	0	0	0	0	0	0	0	0	0	0	0	0	0	0	0	0	0	0	0	0	0	0	0	0	0	0	0	0	0	0	0	0	0
Neisseria_sicca	0	0	0	0	0	0	0	0	0	0	0	0	0	0	0	0	0	0	0	0	0	0	0	0	0	0	0	0	0	0	0	0	0	0	0	0	0	0	0	0	0
Neisseria_subflava	0	0	0	0	0	0	0	0	0	0	0	0	0	0	0	0	0	0	0	0	0	0	0	0	0	0	0	0	0	0	0	0	0	0	0	0	0	0	0	0	0
Neisseria_weaveri	0	0	0	1.0	0	0	0	0	0	0	0	0	0	0	0	0	0	0	0	0	0.0	0.0	0.0	0.045454545454545456	0.0	0.045454545454545456	0.0	0.0	0.0	0.0	0.0	0.0	0.0	0.0	0.045454545454545456	0.0	0.0	0.0	0.0	0.0	2
Orthohepadnavirus	0	0	0	0	0	0	0	0	0	0	0	0	0	0	0	0	0	0	0	0	0	0	0	0	0	0	0	0	0	0	0	0	0	0	0	0	0	0	0	0	0
Orthopoxvirus	0	0	0	0	0	0	0	0	0	0	0	0	0	0	0	0	0	0	0	0	0	0	0	0	0	0	0	0	0	0	0	0	0	0	0	0	0	0	0	0	0
Paraavulavirus	0	0	0	0	0	0	0	0	0	0	0	0	0	0	0	0	0	0	0	0	0	0	0	0	0	0	0	0	0	0	0	0	0	0	0	0	0	0	0	0	0
Parvimonas_micra	0	0	0	0	0	0	0	0	0	0	0	0	0	0	0	0	0	0	0	0	0	0	0	0	0	0	0	0	0	0	0	0	0	0	0	0	0	0	0	0	0
Pasteurella_multocida	0	0	0	0	0	0	0	0	0	0	0	0	0	0	0	0	0	0	0	0	0	0	0	0	0	0	0	0	0	0	0	0	0	0	0	0	0	0	0	0	0
Pasteurella_multocida_subsp._multocida	0	0	0	0	0	1.0	0	0	0	0	0	0	0	0	0	0	0	0	0	0	0.09090909090909091	0.09090909090909091	0.0	0.09090909090909091	0.0	0.09090909090909091	0.09090909090909091	0.0	0.0	0.0	0.0	0.0	0.0	0.0	0.0	0.0	0.0	0.0	0.0	0.0	1
Peptostreptococcus_anaerobius	0	0	0	0	0	0	0	0	0	0	0	0	0	0	0	0	0	0	0	0	0	0	0	0	0	0	0	0	0	0	0	0	0	0	0	0	0	0	0	0	0
Polyomaviridae	0	0	0	0	0	0	0	0	0	0	0	0	0	0	0	0	0	0	0	0	0	0	0	0	0	0	0	0	0	0	0	0	0	0	0	0	0	0	0	0	0
Porphyromonas_gingivalis	1.0	0	0	0	1.0	0	0	0	0	0	0	0	0	0	0	0	0	0	0	0	0.008264462809917356	0.08264462809917356	0.0	0.008264462809917356	0.08264462809917356	0.0	0.0	0.0	0.0	0.0	0.0	0.0	0.08264462809917356	0.0	0.0	0.0	0.08264462809917356	0.0	0.08264462809917356	0.008264462809917356	11
Porphyromonas_gingivalis_A7A1-28	0	0	0	0	0	0	0	0	0	0	0	0	0	0	0	0	0	0	0	0	0	0	0	0	0	0	0	0	0	0	0	0	0	0	0	0	0	0	0	0	0
Porphyromonas_gingivalis_W83	0	0	0	0	0	0	0	0	0	0	0	0	0	0	0	0	0	0	0	0	0	0	0	0	0	0	0	0	0	0	0	0	0	0	0	0	0	0	0	0	0
Rickettsia_africae	0	0	0	0	0	0	0	0	0	0	0	0	0	0	0	0	0	0	0	0	0	0	0	0	0	0	0	0	0	0	0	0	0	0	0	0	0	0	0	0	0
Rickettsia_akari	0	0	0	0	0	0	0	0	0	0	0	0	0	0	0	0	0	0	0	0	0	0	0	0	0	0	0	0	0	0	0	0	0	0	0	0	0	0	0	0	0
Rickettsia_conorii	0	0	0	0	0	0	0	0	0	0	0	0	0	0	0	0	0	0	0	0	0	0	0	0	0	0	0	0	0	0	0	0	0	0	0	0	0	0	0	0	0
Rickettsia_felis	0	0	0	0	0	0	0	0	0	0	0	0	0	0	0	0	0	0	0	0	0	0	0	0	0	0	0	0	0	0	0	0	0	0	0	0	0	0	0	0	0
Rickettsia_japonica	0	0	0	0	0	0	0	0	0	0	0	0	0	0	0	0	0	0	0	0	0	0	0	0	0	0	0	0	0	0	0	0	0	0	0	0	0	0	0	0	0
Rickettsia_prowazekii	0	0	0	0	0	0	0	0	0	0	0	0	0	0	0	0	0	0	0	0	0	0	0	0	0	0	0	0	0	0	0	0	0	0	0	0	0	0	0	0	0
Rickettsia_rickettsii	0	0	0	0	0	0	0	0	0	0	0	0	0	0	0	0	0	0	0	0	0	0	0	0	0	0	0	0	0	0	0	0	0	0	0	0	0	0	0	0	0
Rickettsia_sibirica	0	0	0	0	0	0	0	0	0	0	0	0	0	0	0	0	0	0	0	0	0	0	0	0	0	0	0	0	0	0	0	0	0	0	0	0	0	0	0	0	0
Rickettsia_typhi	0	0	0	0	0	0	0	0	0	0	0	0	0	0	0	0	0	0	0	0	0	0	0	0	0	0	0	0	0	0	0	0	0	0	0	0	0	0	0	0	0
Salmonella_enterica	0	0	0	0	1.0	0	0	0	0	0	0	0	0	0	0	0	0	0	0	0	0.09090909090909091	0.0	0.0	0.0	0.09090909090909091	0.0	0.09090909090909091	0.09090909090909091	0.0	0.0	0.0	0.08181818181818182	0.0	0.0	0.0	0.0	0.0	0.0	0.0	0.0	10
Salmonella_enterica_subsp._VII	0	0	0	0	0	0	0	0	0	0	0	0	0	0	0	0	0	0	0	0	0	0	0	0	0	0	0	0	0	0	0	0	0	0	0	0	0	0	0	0	0
Salmonella_enterica_subsp._diarizonae_serovar_48:i:z	0	0	0	0	0	0	0	0	0	0	0	0	0	0	0	0	0	0	0	0	0	0	0	0	0	0	0	0	0	0	0	0	0	0	0	0	0	0	0	0	0
Salmonella_enterica_subsp._enterica	0	0	1.0	0	0	0	0	0	0	0	0	0	0	0	0	0	0	0	0	0	0.0	0.0	0.09090909090909091	0.0	0.0	0.0	0.0	0.0	0.09090909090909091	0.0	0.0	0.0	0.0	0.0	0.0	0.0	0.0	0.0	0.0	0.0	2
Salmonella_enterica_subsp._enterica_serovar_Choleraesuis	0	0	0	0	0	0	0	0	0	0	0	0	0	0	0	0	0	0	0	0	0	0	0	0	0	0	0	0	0	0	0	0	0	0	0	0	0	0	0	0	0
Salmonella_enterica_subsp._enterica_serovar_Derby	0	0	0	0	0	0	0	0	0	0	0	0	0	0	0	0	0	0	0	0	0	0	0	0	0	0	0	0	0	0	0	0	0	0	0	0	0	0	0	0	0
Salmonella_enterica_subsp._enterica_serovar_Djakarta_str._S-1087	1.0	0	0	0	0	0	0	0	0	0	0	0	0	0	0	0	0.5	0	0	0	0.030303030303030304	0.0	0.0	0.0	0.0	0.06060606060606061	0.0	0.0909090909090909	0.0	0.0	0.0	0.030303030303030304	0.0	0.0	0.0	0.0	0.030303030303030304	0.030303030303030304	0.0	0.030303030303030304	3
Salmonella_enterica_subsp._enterica_serovar_Enteritidis	1.0	0	0	0	0	0	0	0	0	0	0	0	0	0	0	0	0	0	0	0	0.09090909090909091	0.0	0.0	0.0	0.0	0.0	0.0	0.0	0.0	0.0	0.0	0.0	0.0	0.0	0.0	0.0	0.0	0.0	0.0	0.0	1
Salmonella_enterica_subsp._enterica_serovar_Enteritidis_str._EC20090135	0	0	0	0	1.0	0	0	0	0	0	0	0	0	0	0	0	0	0	0	0	0.0	0.09090909090909091	0.0	0.0	0.09090909090909091	0.0	0.09090909090909091	0.0	0.0	0.0	0.0	0.0	0.0	0.045454545454545456	0.0	0.0	0.045454545454545456	0.0	0.0	0.0	2
Salmonella_enterica_subsp._enterica_serovar_Gallinarum_str._SG9	0	0	0	0	0	0	0	0	0	0	0	0	0	0	0	0	0	0	0	0	0	0	0	0	0	0	0	0	0	0	0	0	0	0	0	0	0	0	0	0	0
Salmonella_enterica_subsp._enterica_serovar_Infantis_str._SARB27	0	0	0	0	0	0	0	0	0	0	0	0	0	0	0	0	0	0	0	0	0	0	0	0	0	0	0	0	0	0	0	0	0	0	0	0	0	0	0	0	0
Salmonella_enterica_subsp._enterica_serovar_Montevideo_str._USDA-ARS-USMARC-1913	0	0	0	0	0	0	0	0	0	0	0	0	0	0	0	0	0	0	0	0	0	0	0	0	0	0	0	0	0	0	0	0	0	0	0	0	0	0	0	0	0
Salmonella_enterica_subsp._enterica_serovar_Oranienburg	0	0	0	0	0	0	0	0	0	0	0	0	0	0	0	0	0	0	0	0	0	0	0	0	0	0	0	0	0	0	0	0	0	0	0	0	0	0	0	0	0
Salmonella_enterica_subsp._enterica_serovar_Senftenberg	0	0	0	0	0	0	0	0	0	0	0	0	0	0	0	0	0	0	0	0	0	0	0	0	0	0	0	0	0	0	0	0	0	0	0	0	0	0	0	0	0
Salmonella_enterica_subsp._enterica_serovar_Sloterdijk_str._ATCC_15791	0	0	0	0	0	0	0	0	0	0	0	0	0	0	0	0	0	0	0	0	0	0	0	0	0	0	0	0	0	0	0	0	0	0	0	0	0	0	0	0	0
Salmonella_enterica_subsp._enterica_serovar_Typhimurium	1.0	0	0	0	0	0	0	0	0	0	0	0	0	1.0	0	0	0	0	0	0	0.09090909090909091	0.0	0.0	0.09090909090909091	0.09090909090909091	0.09090909090909091	0.0	0.0	0.0	0.0	0.09090909090909091	0.09090909090909091	0.0	0.09090909090909091	0.0	0.0	0.0	0.0	0.0	0.0	1
Salmonella_enterica_subsp._enterica_serovar_Weltevreden	0	0	0	0	0	0	0	0	0	0	0	0	0	0	0	0	0	0	0	0	0	0	0	0	0	0	0	0	0	0	0	0	0	0	0	0	0	0	0	0	0
Salmonella_enterica_subsp._houtenae_str._ATCC_BAA-1581	0	0	0	0	0	0	0	0	0	0	0	0	0	0	0	0	0	0	0	0	0	0	0	0	0	0	0	0	0	0	0	0	0	0	0	0	0	0	0	0	0
Salmonella_enterica_subsp._salamae	0	0	0	0	0	0	0	0	0	0	0	0	0	0	0	0	0	0	0	0	0	0	0	0	0	0	0	0	0	0	0	0	0	0	0	0	0	0	0	0	0
Salmonella_enterica_subsp._salamae_serovar_55:k:z39_str._1315K	0	0	0	0	0	0	0	0	0	0	0	0	0	0	0	0	0	0	0	0	0	0	0	0	0	0	0	0	0	0	0	0	0	0	0	0	0	0	0	0	0
Sheeppox_virus	0	0	0	0	0	0	0	0	0	0	0	0	0	0	0	0	0	0	0	0	0	0	0	0	0	0	0	0	0	0	0	0	0	0	0	0	0	0	0	0	0
Shigella_boydii	0	0	0	0	0	0	0	0	0	0	0	0	0	0	0	0	0	0	0	0	0	0	0	0	0	0	0	0	0	0	0	0	0	0	0	0	0	0	0	0	0
Shigella_dysenteriae	0	0	0	0	0	0	0	0	0	0	0	0	0	0	0	0	0	0	0	0	0	0	0	0	0	0	0	0	0	0	0	0	0	0	0	0	0	0	0	0	0
Shigella_flexneri	0	0	0	0	0	0	0	0	0	0	0	0	0	0	0	0	0	0	0	0	0	0	0	0	0	0	0	0	0	0	0	0	0	0	0	0	0	0	0	0	0
Shigella_sonnei	0	0	0	0	0	0	0	0	0	0	0	0	0	0	0	0	0	0	0	0	0	0	0	0	0	0	0	0	0	0	0	0	0	0	0	0	0	0	0	0	0
Simian_virus_12	0	0	0	0	0	0	0	0	0	0	0	0	0	0	0	0	0	0	0	0	0	0	0	0	0	0	0	0	0	0	0	0	0	0	0	0	0	0	0	0	0
Staphylococcus_aureus	0	1.0	0	0	0	0	0	1.0	0	0	0	0	0	0	0	0	0	0	0	1.0	0.0	0.08264462809917356	0.0	0.0	0.0	0.08264462809917356	0.0	0.008264462809917356	0.08264462809917356	0.0	0.004132231404958678	0.004132231404958678	0.0	0.004132231404958678	0.008264462809917356	0.0	0.004132231404958678	0.008264462809917356	0.008264462809917356	0.008264462809917356	22
Staphylococcus_cohnii	0	0	0	0	0	0	0	0	0	0	0	0	0	0	0	0	0	0	0	0	0	0	0	0	0	0	0	0	0	0	0	0	0	0	0	0	0	0	0	0	0
Staphylococcus_epidermidis	0	0	0	0	0	0	0	0	0	0	0	0	0	0	0	0	0	0	0	0	0	0	0	0	0	0	0	0	0	0	0	0	0	0	0	0	0	0	0	0	0
Staphylococcus_epidermidis_ATCC_12228	0	0	0	0	0	0	0	0	0	0	0	0	0	0	0	0	0	0	0	0	0	0	0	0	0	0	0	0	0	0	0	0	0	0	0	0	0	0	0	0	0
Staphylococcus_equorum	0	0	0	0	0	0	0	0	0	0	0	0	0	0	0	0	0	0	0	0	0	0	0	0	0	0	0	0	0	0	0	0	0	0	0	0	0	0	0	0	0
Staphylococcus_hominis	0	0	0	0	0	0	0	0	0	0	0	0	0	0	0	0	0	0	0	0	0	0	0	0	0	0	0	0	0	0	0	0	0	0	0	0	0	0	0	0	0
Staphylococcus_hominis_subsp._hominis	0	0	0	0	0	0	0	0	0	0	0	0	0	0	0	0	0	0	0	0	0	0	0	0	0	0	0	0	0	0	0	0	0	0	0	0	0	0	0	0	0
Staphylococcus_nepalensis	1.0	0	0	0	0	0	0	0	0	0	0	0	0	0	0	0	0	0	0	0	0.0909090909090909	0.0	0.0	0.0	0.0	0.0909090909090909	0.0	0.0	0.0	0.0	0.06060606060606061	0.0	0.0	0.030303030303030304	0.0	0.0	0.0	0.0	0.0	0.0	3
Staphylococcus_saprophyticus	0	0	0	0	0	0	0	0	0	0	0	0	0	0	0	0	0	0	0	0	0	0	0	0	0	0	0	0	0	0	0	0	0	0	0	0	0	0	0	0	0
Staphylococcus_simulans	0	0	0	0	0	0	0	0	0	0	0	0	0	0	0	0	0	0	0	0	0	0	0	0	0	0	0	0	0	0	0	0	0	0	0	0	0	0	0	0	0
Staphylococcus_succinus	0	0	0	0	0	0	0	0	0	0	0	0	0	0	0	0	0	0	0	0	0	0	0	0	0	0	0	0	0	0	0	0	0	0	0	0	0	0	0	0	0
Streptococcus_agalactiae	0	0	0	0	0	0	0	0	0	0	0	0	0	0	0	0	0	0	0	0	0	0	0	0	0	0	0	0	0	0	0	0	0	0	0	0	0	0	0	0	0
Streptococcus_anginosus	0	0	0	0	0	0	0	0	0	0	0	0	0	0	0	0	0	0	0	0	0	0	0	0	0	0	0	0	0	0	0	0	0	0	0	0	0	0	0	0	0
Streptococcus_canis	0	0	0	0	0	0	0	0	0	0	0	0	0	0	0	0	0	0	0	0	0	0	0	0	0	0	0	0	0	0	0	0	0	0	0	0	0	0	0	0	0
Streptococcus_cristatus	0	0	0	0	0	0	0	0	0	0	0	0	0	0	0	0	0	0	0	0	0	0	0	0	0	0	0	0	0	0	0	0	0	0	0	0	0	0	0	0	0
Streptococcus_cristatus_AS_1.3089	0	0	0	0	0	0	0	0	0	0	0	0	0	0	0	0	0	0	0	0	0	0	0	0	0	0	0	0	0	0	0	0	0	0	0	0	0	0	0	0	0
Streptococcus_dysgalactiae	0	0	0	0	0	0	0	0	0	0	0	0	0	0	0	0	0	0	0	0	0	0	0	0	0	0	0	0	0	0	0	0	0	0	0	0	0	0	0	0	0
Streptococcus_dysgalactiae_subsp._dysgalactiae	0	0	0	0	0	0	0	0	0	0	0	0	0	0	0	0	0	0	0	0	0	0	0	0	0	0	0	0	0	0	0	0	0	0	0	0	0	0	0	0	0
Streptococcus_dysgalactiae_subsp._equisimilis	1.0	0	0	1.0	0	0	0	0	0	0	0	0	0	0	0	0	0	0	0	0	0.045454545454545456	0.0	0.0	0.045454545454545456	0.0	0.0	0.0	0.0	0.0	0.0	0.0	0.0	0.0	0.0	0.0	0.0	0.0	0.0	0.0	0.0	2
Streptococcus_equi	0	0	0	0	0	0	0	0	0	0	0	0	0	0	0	1.0	0	0	0	0	0.0	0.0	0.0	0.0	0.0909090909090909	0.0	0.0	0.0	0.0	0.0	0.0	0.0	0.0	0.08333333333333333	0.0	0.08333333333333333	0.0	0.0	0.0	0.0	12
Streptococcus_equi_subsp._zooepidemicus	0	0	0	0	0	0	0	0	0	0	0	0	0	0	0	0	0	0	0	0	0	0	0	0	0	0	0	0	0	0	0	0	0	0	0	0	0	0	0	0	0
Streptococcus_gallolyticus	0	0	0	0	0	0	0	0	0	0	0	0	0	0	0	0	0	0	0	0	0	0	0	0	0	0	0	0	0	0	0	0	0	0	0	0	0	0	0	0	0
Streptococcus_gordonii	0	0	0	0	1.0	0	0	0	0	0	0	0	0	0	0	0	0	0	0	0	0.0	0.0	0.0	0.0	0.0909090909090909	0.0	0.0	0.0	0.0	0.0	0.0	0.0	0.0	0.0	0.06060606060606061	0.0	0.06060606060606061	0.0	0.0	0.06060606060606061	3
Streptococcus_gordonii_str._Challis_substr._CH1	0	0	0	0	0	0	0	0	0	0	0	0	0	0	0	0	0	0	0	0	0	0	0	0	0	0	0	0	0	0	0	0	0	0	0	0	0	0	0	0	0
Streptococcus_intermedius	0	0	0	0	0	0	0	0	0	0	0	0	0	0	0	0	0	0	0	0	0	0	0	0	0	0	0	0	0	0	0	0	0	0	0	0	0	0	0	0	0
Streptococcus_intermedius_B196	0	0	0	0	0	0	0	0	0	0	0	0	0	0	0	0	0	0	0	0	0	0	0	0	0	0	0	0	0	0	0	0	0	0	0	0	0	0	0	0	0
Streptococcus_lutetiensis	0	0	0	0	0	0	0	0	0	0	0	0	0	0	0	0	0	0	0	0	0	0	0	0	0	0	0	0	0	0	0	0	0	0	0	0	0	0	0	0	0
Streptococcus_milleri	0	0	0	0	0	0	0	0	0	0	0	0	0	0	0	0	0	0	0	0	0	0	0	0	0	0	0	0	0	0	0	0	0	0	0	0	0	0	0	0	0
Streptococcus_mitis	0	0	0	0	0	0	0	0	0	0	0	0	0	0	0	0	0	0	0	0	0	0	0	0	0	0	0	0	0	0	0	0	0	0	0	0	0	0	0	0	0
Streptococcus_mitis_B6	0	0	0	0	0	0	0	0	0	0	0	0	0	0	0	0	0	0	0	0	0	0	0	0	0	0	0	0	0	0	0	0	0	0	0	0	0	0	0	0	0
Streptococcus_mutans	0	0	0	0	0	0	0	0	0	0	0	0	0	0	0	0	0	0	0	0	0	0	0	0	0	0	0	0	0	0	0	0	0	0	0	0	0	0	0	0	0
Streptococcus_oralis	0	0	0	0	0	0	0	0	0	0	0	0	0	0	0	0	0	0	0	0	0	0	0	0	0	0	0	0	0	0	0	0	0	0	0	0	0	0	0	0	0
Streptococcus_oralis_subsp._oralis	0	0	0	0	0	0	0	0	0	0	0	0	0	0	0	0	0	0	0	0	0	0	0	0	0	0	0	0	0	0	0	0	0	0	0	0	0	0	0	0	0
Streptococcus_oralis_subsp._tigurinus	0	0	0	0	0	0	0	0	0	0	0	0	0	0	0	0	0	0	0	0	0	0	0	0	0	0	0	0	0	0	0	0	0	0	0	0	0	0	0	0	0
Streptococcus_parauberis	0	0	0	0	0	0	0	0	0	0	0	0	0	0	0	0	0	0	0	0	0	0	0	0	0	0	0	0	0	0	0	0	0	0	0	0	0	0	0	0	0
Streptococcus_pneumoniae	1.0	0	0	0	0	0	0	0	0	0	0	0	0	0	0	0	0	0	0	0	0.09090909090909091	0.0	0.0	0.0	0.0	0.0	0.0	0.0	0.0	0.0	0.0	0.0	0.0	0.00909090909090909	0.0	0.0	0.00909090909090909	0.0	0.08181818181818182	0.0	10
Streptococcus_pneumoniae_PCS8235	0	0	0	0	0	0	0	0	0	0	0	0	0	0	0	0	0	0	0	0	0	0	0	0	0	0	0	0	0	0	0	0	0	0	0	0	0	0	0	0	0
Streptococcus_pyogenes	0	0	0	0	0	0	0	0	0	0	0	0	0	0	0	0	0	0	0	0	0	0	0	0	0	0	0	0	0	0	0	0	0	0	0	0	0	0	0	0	0
Streptococcus_salivarius	0	0	0	0	0	0	0	0	0	0	0	0	0	0	0	0	0	0	0	0	0	0	0	0	0	0	0	0	0	0	0	0	0	0	0	0	0	0	0	0	0
Streptococcus_sanguinis	0	0	0	0	0	0	0	0	0	0	0	0	0	0	0	0	0	0	0	0	0.0	0.0	0.0	0.0	0.0	0.0	0.0	0.0	0.0	0.0	0.0	0.0	0.0	0.0	0.0	0.0	0.0	0.0	0.0	0.0	1
Streptococcus_sp._HSISM1	0	0	0	0	0	0	0	0	0	0	0	0	0	0	0	0	0	0	0	0	0	0	0	0	0	0	0	0	0	0	0	0	0	0	0	0	0	0	0	0	0
Streptococcus_suis	0	0	0	0	0	0	0	0	0	0	0	0	0	0	0	0	0	0	0	0	0	0	0	0	0	0	0	0	0	0	0	0	0	0	0	0	0	0	0	0	0
Streptococcus_suis_T15	0	0	0	0	0	0	0	0	0	0	0	0	0	0	0	0	0	0	0	0	0	0	0	0	0	0	0	0	0	0	0	0	0	0	0	0	0	0	0	0	0
Streptococcus_thermophilus	0	0	0	0	0	0	0	0	0	0	0	0	0	0	0	0	0	0	0	0	0	0	0	0	0	0	0	0	0	0	0	0	0	0	0	0	0	0	0	0	0
Streptococcus_thermophilus_1F8CT	0	0	0	0	0	0	0	0	0	0	0	0	0	0	0	0	0	0	0	0	0	0	0	0	0	0	0	0	0	0	0	0	0	0	0	0	0	0	0	0	0
Tannerella_forsythia	1.0	0	0	0	0	0	0	0	0	0	0	0	0	0	0	0	0	0	0	0	0.09090909090909091	0.0	0.0	0.0	0.09090909090909091	0.0	0.0	0.09090909090909091	0.0	0.0	0.0	0.0	0.0	0.045454545454545456	0.045454545454545456	0.0	0.0	0.045454545454545456	0.0	0.0	2
Tannerella_forsythia_92A2	0	0	0	0	0	0	0	0	0	0	0	0	0	0	0	0	0	0	0	0	0	0	0	0	0	0	0	0	0	0	0	0	0	0	0	0	0	0	0	0	0
Tannerella_forsythia_KS16	1.0	0	0	0	0	0	0	0	0	0	0	0	0	0	0	0	0	0	0	0	0.09090909090909091	0.0	0.0	0.0	0.09090909090909091	0.0	0.0	0.09090909090909091	0.0	0.0	0.0	0.0	0.0	0.0	0.0	0.0	0.09090909090909091	0.0	0.0	0.0	1
Treponema	0	0	0	1.0	0	0	0	0	0	0	0	0	0	0	0	0	0	0	0	0	0.09090909090909091	0.0	0.0	0.09090909090909091	0.0	0.0	0.0	0.0	0.0	0.0	0.0	0.0	0.0	0.0	0.0	0.0	0.0	0.0	0.0	0.09090909090909091	1
Treponema_azotonutricium_ZAS-9	0	0	0	0	0	0	0	0	0	0	0	0	0	0	0	0	0	0	0	0	0	0	0	0	0	0	0	0	0	0	0	0	0	0	0	0	0	0	0	0	0
Treponema_brennaborense_DSM_12168	0	0	0	0	0	0	0	0	0	0	0	0	0	0	0	0	0	0	0	0	0	0	0	0	0	0	0	0	0	0	0	0	0	0	0	0	0	0	0	0	0
Treponema_caldarium_DSM_7334	0	0	1.0	1.0	0	0	0	0	0	0	0	0	0	0	0	0	0	0	0	0	0.0	0.0	0.045454545454545456	0.045454545454545456	0.0	0.0	0.045454545454545456	0.0	0.045454545454545456	0.0	0.0	0.0	0.045454545454545456	0.0	0.0	0.0	0.0	0.0	0.0	0.045454545454545456	2
Treponema_denticola	0	0	0	0	0	0	0	0	0	0	0	0	0	0	0	0	0	0	0	0	0	0	0	0	0	0	0	0	0	0	0	0	0	0	0	0	0	0	0	0	0
Treponema_denticola_AL-2	0	0	0	0	0	0	0	0	0	0	0	0	0	0	0	0	0	0	0	0	0	0	0	0	0	0	0	0	0	0	0	0	0	0	0	0	0	0	0	0	0
Treponema_denticola_ATCC_35405	0	0	0	0	0	0	0	0	0	0	0	0	0	0	0	0	0	0	0	0	0	0	0	0	0	0	0	0	0	0	0	0	0	0	0	0	0	0	0	0	0
Treponema_denticola_H-22	0	0	0	0	0	0	0	0	0	0	0	0	0	0	0	0	0	0	0	0	0.0	0.0	0.0	0.0	0.0	0.0	0.0	0.0	0.0	0.0	0.0	0.0	0.0	0.0	0.09090909090909091	0.0	0.0	0.0	0.09090909090909091	0.0	1
Treponema_medium	0	0	0	0	0	0	0	0	0	0	0	0	0	0	0	0	0	0	0	0	0	0	0	0	0	0	0	0	0	0	0	0	0	0	0	0	0	0	0	0	0
Treponema_pallidum	0	0	0	0	0	0	0	0	0	0	0	0	0	0	0	0	0	0	0	0	0	0	0	0	0	0	0	0	0	0	0	0	0	0	0	0	0	0	0	0	0
Treponema_pallidum_subsp._pallidum	0	0	0	0	0	0	0	0	0	0	0	0	0	0	0	0	0	0	0	0	0	0	0	0	0	0	0	0	0	0	0	0	0	0	0	0	0	0	0	0	0
Treponema_pallidum_subsp._pertenue	0	0	0	0	0	0	0	0	0	0	0	0	0	0	0	0	0	0	0	0	0	0	0	0	0	0	0	0	0	0	0	0	0	0	0	0	0	0	0	0	0
Treponema_paraluiscuniculi_Cuniculi_A	0	0	0	0	0	0	0	0	0	0	0	0	0	0	0	0	0	0	0	0	0	0	0	0	0	0	0	0	0	0	0	0	0	0	0	0	0	0	0	0	0
Treponema_pedis	0	0	0	0	0	0	0	0	0	0	0	0	0	0	0	0	0	0	0	0	0	0	0	0	0	0	0	0	0	0	0	0	0	0	0	0	0	0	0	0	0
Treponema_phagedenis	0	0	0	0	0	0	0	0	0	0	0	0	0	0	0	0	0	0	0	0	0	0	0	0	0	0	0	0	0	0	0	0	0	0	0	0	0	0	0	0	0
Treponema_primitia_ZAS-2	0	0	0	0	0	0	0	0	0	0	0	0	0	0	0	0	0	0	0	0	0	0	0	0	0	0	0	0	0	0	0	0	0	0	0	0	0	0	0	0	0
Treponema_ruminis	0	0	0	0	0	0	0	0	0	0	0	0	0	0	0	0	0	0	0	0	0	0	0	0	0	0	0	0	0	0	0	0	0	0	0	0	0	0	0	0	0
Treponema_socranskii_subsp._buccale	0	0	0	0	0	0	0	0	0	0	0	0	0	0	0	0	0	0	0	0	0	0	0	0	0	0	0	0	0	0	0	0	0	0	0	0	0	0	0	0	0
Treponema_sp._OMZ_838	0	0	0	0	0	0	0	0	0	0	0	0	0	0	0	0	0	0	0	0	0	0	0	0	0	0	0	0	0	0	0	0	0	0	0	0	0	0	0	0	0
Treponema_succinifaciens_DSM_2489	0	0	0	0	0	0	0	0	0	0	0	0	0	0	0	0	0	0	0	0	0	0	0	0	0	0	0	0	0	0	0	0	0	0	0	0	0	0	0	0	0
Treponema_vincentii	0	0	0	0	0	0	0	0	0	0	0	0	0	0	0	0	0	0	0	0	0.0	0.0	0.0	0.0	0.0	0.0	0.0	0.0	0.0	0.0	0.0	0.0	0.0	0.0	0.0	0.0	0.0	0.0	0.0	0.0	1
Vaccinia_virus	0	0	0	0	0	0	0	0	0	0	0	0	0	0	0	0	0	0	0	0	0	0	0	0	0	0	0	0	0	0	0	0	0	0	0	0	0	0	0	0	0
Veillonella_parvula	0	0	0	0	0	0	0	0	0	0	0	0	0	0	0	0	0	0	0	0	0.0	0.0	0.0	0.0	0.0	0.0	0.0	0.0	0.0	0.0	0.0	0.0	0.0	0.0	0.0	0.0	0.0	0.0	0.0	0.0	1
Veillonella_parvula_HSIVP1	0	0	0	0	0	0	0	0	0	0	0	0	0	0	0	0	0	0	0	0	0	0	0	0	0	0	0	0	0	0	0	0	0	0	0	0	0	0	0	0	0
Vesicular_stomatitis_Indiana_virus	0	0	0	0	0	0	0	0	0	0	0	0	0	0	0	0	0	0	0	0	0	0	0	0	0	0	0	0	0	0	0	0	0	0	0	0	0	0	0	0	0
Vibrio_anguillarum	0	0	0	0	0	0	0	0	0	0	0	0	0	0	0	0	0	0	0	0	0	0	0	0	0	0	0	0	0	0	0	0	0	0	0	0	0	0	0	0	0
Vibrio_cholerae	0	0	0	0	0	0	0	0	0	0	0	0	0	0	0	0	0	0	0	0	0.0	0.09090909090909091	0.0	0.0	0.0	0.0	0.0	0.0	0.0	0.0	0.0	0.0	0.0	0.0	0.0	0.0	0.0	0.0	0.0	0.0	1
Vibrio_cholerae_O395	0	0	0	0	0	0	0	0	0	0	0	0	0	0	0	0	0	0	0	0	0	0	0	0	0	0	0	0	0	0	0	0	0	0	0	0	0	0	0	0	0
Vibrio_furnissii	0	0	0	0	0	0	0	0	0	0	0	0	0	0	0	0	0	0	0	0	0	0	0	0	0	0	0	0	0	0	0	0	0	0	0	0	0	0	0	0	0
Vibrio_furnissii_NCTC_11218	0	0	0	0	0	0	0	0	0	0	0	0	0	0	0	0	0	0	0	0	0	0	0	0	0	0	0	0	0	0	0	0	0	0	0	0	0	0	0	0	0
Vibrio_parahaemolyticus	0	0	0	0	0	0	0	0	0	0	0	0	0	0	0	0	0	0	0	0	0	0	0	0	0	0	0	0	0	0	0	0	0	0	0	0	0	0	0	0	0
Vibrio_parahaemolyticus_O1:Kuk_str._FDA_R31	0	0	0	0	0	0	0	0	0	0	0	0	0	0	0	0	0	0	0	0	0	0	0	0	0	0	0	0	0	0	0	0	0	0	0	0	0	0	0	0	0
Vibrio_splendidus	0	0	0	0	0	0	0	0	0	0	0	0	0	0	0	0	0	0	0	0	0	0	0	0	0	0	0	0	0	0	0	0	0	0	0	0	0	0	0	0	0
Vibrio_vulnificus	0	0	0	0	0	0	0	0	0	0	0	0	0	0	0	0	0	0	0	0	0	0	0	0	0	0	0	0	0	0	0	0	0	0	0	0	0	0	0	0	0
Vibrio_vulnificus_NBRC_15645_=_ATCC_27562	0	0	0	0	0	0	0	0	0	0	0	0	0	0	0	0	0	0	0	0	0	0	0	0	0	0	0	0	0	0	0	0	0	0	0	0	0	0	0	0	0
Vibrio_vulnificus_VVyb1(BT3)	0	0	0	0	0	0	0	0	0	0	0	0	0	0	0	0	0	0	0	0	0	0	0	0	0	0	0	0	0	0	0	0	0	0	0	0	0	0	0	0	0
Yersinia_aldovae	0	0	0	0	0	0	0	0	0	0	0	0	0	0	0	0	0	0	0	0	0	0	0	0	0	0	0	0	0	0	0	0	0	0	0	0	0	0	0	0	0
Yersinia_aldovae_670-83	0	0	0	0	0	0	0	0	0	0	0	0	0	0	0	0	0	0	0	0	0	0	0	0	0	0	0	0	0	0	0	0	0	0	0	0	0	0	0	0	0
Yersinia_aleksiciae	0	0	0	0	0	0	0	0	0	0	0	0	0	0	0	0	0	0	0	0	0	0	0	0	0	0	0	0	0	0	0	0	0	0	0	0	0	0	0	0	0
Yersinia_enterocolitica	0	0	0	0	0	0	0	0	0	0	0	0	0	0	0	0	0	0	0	0	0	0	0	0	0	0	0	0	0	0	0	0	0	0	0	0	0	0	0	0	0
Yersinia_enterocolitica_(type_O:5)_str._YE53/03	0	0	0	0	0	0	0	0	0	0	0	0	0	0	0	0	0	0	0	0	0	0	0	0	0	0	0	0	0	0	0	0	0	0	0	0	0	0	0	0	0
Yersinia_enterocolitica_subsp._palearctica	0	0	0	0	0	0	0	0	0	0	0	0	0	0	0	0	0	0	0	0	0	0	0	0	0	0	0	0	0	0	0	0	0	0	0	0	0	0	0	0	0
Yersinia_enterocolitica_subsp._palearctica_105.5R(r)	0	0	0	0	0	0	0	0	0	0	0	0	0	0	0	0	0	0	0	0	0	0	0	0	0	0	0	0	0	0	0	0	0	0	0	0	0	0	0	0	0
Yersinia_intermedia	0	0	0	0	0	0	0	0	0	0	0	0	0	0	0	0	0	0	0	0	0	0	0	0	0	0	0	0	0	0	0	0	0	0	0	0	0	0	0	0	0
Yersinia_pestis	0	0	0	0	0	0	0	0	0	0	0	0	0	0	0	0	0	0	0	0	0	0	0	0	0	0	0	0	0	0	0	0	0	0	0	0	0	0	0	0	0
Yersinia_pestis_3067	0	0	0.3333333333333333	1.0	0	0	0	0	0	0	0	0	0	0	0	1.0	0	0	0	0	0.0	0.0	0.045454545454545456	0.045454545454545456	0.0	0.0	0.022727272727272728	0.0	0.0	0.0	0.0	0.022727272727272728	0.022727272727272728	0.0	0.0	0.045454545454545456	0.022727272727272728	0.0	0.0	0.022727272727272728	4
Yersinia_pestis_8787	0	0	0	0	0	0	0	0	0	0	0	0	0	0	0	0	0	0	0	0	0	0	0	0	0	0	0	0	0	0	0	0	0	0	0	0	0	0	0	0	0
Yersinia_pestis_CO92	0	0	0	0	0	0	0	0	0	0	0	0	0	0	0	0	0	0	0	0	0	0	0	0	0	0	0	0	0	0	0	0	0	0	0	0	0	0	0	0	0
Yersinia_pseudotuberculosis	0	0	0	0	0	0	0	0	0	0	0	0	0	0	0	0	0	0	0	0	0	0	0	0	0	0	0	0	0	0	0	0	0	0	0	0	0	0	0	0	0
Yersinia_pseudotuberculosis_complex	0	1.0	0	0	0	1.0	0	0	0	0	0	0	0	0	0	0	0	0	0	0	0.0	0.0909090909090909	0.0	0.0909090909090909	0.0	0.0909090909090909	0.0909090909090909	0.0	0.0909090909090909	0.0909090909090909	0.030303030303030304	0.0	0.0	0.0	0.0	0.0	0.0	0.0	0.0	0.0	3
Yersinia_rohdei	0	0	0	0	0	0	0	0	0	0	0	0	0	0	0	0	0	0	0	0	0	0	0	0	0	0	0	0	0	0	0	0	0	0	0	0	0	0	0	0	0
Yersinia_ruckeri	0	0	0	0	0	0	0	0	0	0	0	0	0	0	0	0	0	0	0	0	0	0	0	0	0	0	0	0	0	0	0	0	0	0	0	0	0	0	0	0	0
