Node	C>T_1	C>T_2	C>T_3	C>T_4	C>T_5	C>T_6	C>T_7	C>T_8	C>T_9	C>T_10	G>A_11	G>A_12	G>A_13	G>A_14	G>A_15	G>A_16	G>A_17	G>A_18	G>A_19	G>A_20	D>V(11Substitution)_1	D>V(11Substitution)_2	D>V(11Substitution)_3	D>V(11Substitution)_4	D>V(11Substitution)_5	D>V(11Substitution)_6	D>V(11Substitution)_7	D>V(11Substitution)_8	D>V(11Substitution)_9	D>V(11Substitution)_10	H>B(11Substitution)_11	H>B(11Substitution)_12	H>B(11Substitution)_13	H>B(11Substitution)_14	H>B(11Substitution)_15	H>B(11Substitution)_16	H>B(11Substitution)_17	H>B(11Substitution)_18	H>B(11Substitution)_19	H>B(11Substitution)_20	considered_Matches
Actinobacillus_equuli	0.8125	0.5714285714285714	0.625	0.23076923076923078	0.3333333333333333	0	0	0	0	0	0	0.2	0	0.2	0	0.2	0	0.25	0.375	0.2222222222222222	0.0439882697947214	0.0469208211143695	0.02346041055718475	0.01759530791788856	0.01759530791788856	0.005865102639296188	0.00879765395894428	0.002932551319648094	0.011730205278592375	0.002932551319648094	0.0	0.011730205278592375	0.00879765395894428	0.011730205278592375	0.002932551319648094	0.00879765395894428	0.00879765395894428	0.014662756598240468	0.01759530791788856	0.011730205278592375	31
Actinobacillus_pleuropneumoniae	0.6071428571428571	0.7719298245614035	0.6216216216216216	0.7708333333333334	0.4444444444444444	0.2	0.12195121951219512	0.05970149253731343	0	0	0.10909090909090909	0	0	0	0.20512820512820512	0.0392156862745098	0.3617021276595745	0.18681318681318682	0.43636363636363634	0.3229166666666667	0.0202020202020202	0.018460466736328805	0.024381748519679555	0.03065134099616858	0.02055033089515848	0.01602229188436085	0.020898641588296758	0.006269592476489029	0.007662835249042145	0.010449320794148379	0.014280738418669453	0.004876349703935911	0.005224660397074189	0.005224660397074189	0.0202020202020202	0.010449320794148379	0.018808777429467086	0.02055033089515848	0.021595262974573322	0.027864855451062348	261
Actinobacillus_pleuropneumoniae_serovar_4_str._M62	0.7777777777777778	1.0	0	0.6363636363636364	0.6666666666666666	0	0	0	0	0.2222222222222222	0	0.375	0	0	0	1.0	0.3333333333333333	0.75	1.0	0.2	0.025974025974025976	0.00974025974025974	0.01948051948051948	0.03896103896103896	0.025974025974025976	0.0	0.022727272727272728	0.0	0.016233766233766232	0.006493506493506494	0.003246753246753247	0.00974025974025974	0.01948051948051948	0.0	0.00974025974025974	0.012987012987012988	0.025974025974025976	0.032467532467532464	0.016233766233766232	0.025974025974025976	28
Actinobacillus_pleuropneumoniae_serovar_6_str._Femo	0.9375	0.5625	0.8	0	0.7857142857142857	0	0	0.5714285714285714	0	0.1111111111111111	0	0	0.25	0	0	0.43478260869565216	0.2857142857142857	0.2	0	0	0.0303030303030303	0.03838383838383838	0.022222222222222223	0.01414141414141414	0.0303030303030303	0.01414141414141414	0.00606060606060606	0.0404040404040404	0.01414141414141414	0.01414141414141414	0.01616161616161616	0.00202020202020202	0.00606060606060606	0.01616161616161616	0.0	0.03232323232323232	0.00404040404040404	0.00202020202020202	0.018181818181818184	0.022222222222222223	45
Actinobacillus_pleuropneumoniae_serovar_9_str._CVJ13261	0.7894736842105263	0.8	0.15	0.2222222222222222	0.6896551724137931	0	0	0	0	0	0	0	0	0.5	0	0.4	0.2926829268292683	0.125	0	0.25	0.020053475935828874	0.030748663101604276	0.004010695187165775	0.00802139037433155	0.045454545454545456	0.012032085561497327	0.0013368983957219253	0.012032085561497327	0.0160427807486631	0.0066844919786096255	0.005347593582887701	0.0066844919786096255	0.009358288770053475	0.030748663101604276	0.0	0.010695187165775402	0.02807486631016043	0.009358288770053475	0.0160427807486631	0.04278074866310161	68
African_swine_fever_virus	0	0	0	0	0	0	0	0	0	0	0	0	0	0	0	0	0	0	0	0	0	0	0	0	0	0	0	0	0	0	0	0	0	0	0	0	0	0	0	0	0
Aphthovirus	0	0	0	0	0	0	0	0	0	0	0	0	0	0	0	0	0	0	0	0	0	0	0	0	0	0	0	0	0	0	0	0	0	0	0	0	0	0	0	0	0
Arcanobacterium_haemolyticum	0	0	0	0	0	0	0	0	0	0	0	0	0	0	0	0	0	0	0	0	0	0	0	0	0	0	0	0	0	0	0	0	0	0	0	0	0	0	0	0	0
Aspergillus_fumigatus	0	0	0	0	0	0	0	0	0	0	0	0	0	0	0	0	0	0	0	0	0	0	0	0	0	0	0	0	0	0	0	0	0	0	0	0	0	0	0	0	0
Bartonella_bacilliformis	0	0	0	0	0	0	0	0	0	0	0	0	0	0	0	0	0	0	0	0	0	0	0	0	0	0	0	0	0	0	0	0	0	0	0	0	0	0	0	0	0
Bartonella_henselae	0	0	0	0	0	0	0	0	0	0	0	0	0	0	0	0	0	0	0	0	0	0	0	0	0	0	0	0	0	0	0	0	0	0	0	0	0	0	0	0	0
Bartonella_quintana	0	0	0	0	0	0	0	0	0	0	0	0	0	0	0	0	0	0	0	0	0	0	0	0	0	0	0	0	0	0	0	0	0	0	0	0	0	0	0	0	0
Blastomyces_dermatitidis	0	0	0	0	0	0	0	0	0	0	0	0	0	0	0	0	0	0	0	0	0	0	0	0	0	0	0	0	0	0	0	0	0	0	0	0	0	0	0	0	0
Bordetella_bronchialis	0.4	0.6	0.2	0.2857142857142857	0	0	0	0	0	0.6666666666666666	0	0	0	0	0	0	0	0.3333333333333333	0.4	0.4	0.022727272727272724	0.022727272727272724	0.007575757575757576	0.03787878787878788	0.007575757575757576	0.015151515151515152	0.0	0.0	0.007575757575757576	0.022727272727272724	0.022727272727272724	0.022727272727272724	0.015151515151515152	0.015151515151515152	0.022727272727272724	0.0	0.015151515151515152	0.007575757575757576	0.015151515151515152	0.022727272727272724	12
Bordetella_bronchiseptica	0	0.25	0.8	0.36363636363636365	0.08333333333333333	0.25	0	0.4	0	0	0	0	0	0	0	0	0	0.25	0	0.9	0.015810276679841896	0.03557312252964427	0.03557312252964427	0.03162055335968379	0.003952569169960474	0.003952569169960474	0.019762845849802372	0.04743083003952569	0.039525691699604744	0.0	0.007905138339920948	0.003952569169960474	0.003952569169960474	0.0	0.007905138339920948	0.0	0.03162055335968379	0.03162055335968379	0.039525691699604744	0.043478260869565216	23
Bordetella_genomosp._13	0.16666666666666666	0.3333333333333333	0.6666666666666666	0	0.5	0	0	0	0	0	0	0	0.2	0	1.0	0.3333333333333333	0.3333333333333333	0	0.3333333333333333	0	0.012987012987012988	0.01948051948051948	0.03896103896103896	0.012987012987012988	0.01948051948051948	0.006493506493506494	0.006493506493506494	0.0	0.012987012987012988	0.0	0.01948051948051948	0.032467532467532464	0.012987012987012988	0.01948051948051948	0.025974025974025976	0.01948051948051948	0.01948051948051948	0.025974025974025976	0.012987012987012988	0.0	14
Bordetella_pertussis	0.5	0	0	1.0	0	0	0	0	0	0	0	0	0	0	0	0	1.0	0.5555555555555556	0.375	0.1	0.01748251748251748	0.024475524475524476	0.0	0.020979020979020976	0.0	0.0	0.024475524475524476	0.03496503496503496	0.01748251748251748	0.01748251748251748	0.01748251748251748	0.0	0.0	0.027972027972027972	0.01748251748251748	0.024475524475524476	0.038461538461538464	0.020979020979020976	0.010489510489510488	0.0034965034965034965	26
Bordetella_pertussis_137	0	0	0	0	0	0	0	0	0	0	0	0	0	0	0	0	0	0	0	0	0	0	0	0	0	0	0	0	0	0	0	0	0	0	0	0	0	0	0	0	0
Bordetella_pertussis_18323	0	0	0	0	0	0	0	0	0	0	0	0	0	0	0	0	0	0	0	0	0.0	0.0	0.0	0.0	0.09090909090909091	0.0	0.0	0.0	0.0	0.0	0.0	0.0	0.0	0.0	0.0	0.0	0.0	0.0	0.0	0.0	1
Bordetella_petrii	0.1111111111111111	0	0	0.8333333333333334	0.5714285714285714	0	0	0	0	0	0	0	0	0	0	0.25	0	1.0	0	0	0.012987012987012988	0.01948051948051948	0.032467532467532464	0.03896103896103896	0.025974025974025976	0.006493506493506494	0.012987012987012988	0.0	0.025974025974025976	0.006493506493506494	0.0	0.006493506493506494	0.0	0.0	0.012987012987012988	0.032467532467532464	0.006493506493506494	0.05844155844155845	0.012987012987012988	0.012987012987012988	14
Bordetella_trematum	0.4	0.4	0.25	0.6	0.25	0	0	0	0	0	0	0	1.0	0	0	0	0	0	0.5	0.4	0.025974025974025976	0.012987012987012988	0.032467532467532464	0.032467532467532464	0.012987012987012988	0.032467532467532464	0.01948051948051948	0.006493506493506494	0.01948051948051948	0.032467532467532464	0.006493506493506494	0.025974025974025976	0.01948051948051948	0.03896103896103896	0.045454545454545456	0.0	0.032467532467532464	0.012987012987012988	0.025974025974025976	0.025974025974025976	14
Borrelia_crocidurae	0	0	0	0	0	0	0	0	0	0	0	0	0	0	0	0	0	0	0	0	0	0	0	0	0	0	0	0	0	0	0	0	0	0	0	0	0	0	0	0	0
Borrelia_recurrentis	0	0	0	0	0	0	0	0	0	0	0	0	0	0	0	0	0	0	0	0	0	0	0	0	0	0	0	0	0	0	0	0	0	0	0	0	0	0	0	0	0
Borrelia_recurrentis_A1	0	0	0	0	0	0	0	0	0	0	0	0	0	0	0	0	0	0	0	0	0	0	0	0	0	0	0	0	0	0	0	0	0	0	0	0	0	0	0	0	0
Borreliella_afzelii	0	0	0	0	0	0	0	0	0	0	0	0	0	0	0	0	0	0	0	0	0	0	0	0	0	0	0	0	0	0	0	0	0	0	0	0	0	0	0	0	0
Borreliella_burgdorferi	0	0	0	0	0	0	0	0	0	0	0	0	0	0	0	0	0	0	0	0	0	0	0	0	0	0	0	0	0	0	0	0	0	0	0	0	0	0	0	0	0
Borreliella_garinii	0	0	0	0	0	0	0	0	0	0	0	0	0	0	0	0	0	0	0	0	0	0	0	0	0	0	0	0	0	0	0	0	0	0	0	0	0	0	0	0	0
Bovine_rhinitis_A_virus	0	0	0	0	0	0	0	0	0	0	0	0	0	0	0	0	0	0	0	0	0	0	0	0	0	0	0	0	0	0	0	0	0	0	0	0	0	0	0	0	0
Brucella_abortus	0	0	0	0	0	0	0	0	0	0	0	0	0	0	0	0	0	0	0	0	0	0	0	0	0	0	0	0	0	0	0	0	0	0	0	0	0	0	0	0	0
Brucella_canis	0	0	0	0	0	0	0	0	0	0	0	0	0	0	0	0	0	0	0	0	0	0	0	0	0	0	0	0	0	0	0	0	0	0	0	0	0	0	0	0	0
Brucella_melitensis	0	0	0	0	0	0	0	0	0	0	0	0	0	0	0	0	0	0	0	0	0	0	0	0	0	0	0	0	0	0	0	0	0	0	0	0	0	0	0	0	0
Brucella_microti	0	0	0	0	0	0	0	0	0	0	0	0	0	0	0	0	0	0	0	0	0	0	0	0	0	0	0	0	0	0	0	0	0	0	0	0	0	0	0	0	0
Brucella_ovis	0	0	0	0	0	0	0	0	0	0	0	0	0	0	0	0	0	0	0	0	0	0	0	0	0	0	0	0	0	0	0	0	0	0	0	0	0	0	0	0	0
Brucella_ovis_ATCC_25840	0	1.0	1.0	0	0	0	0	0	0	0	0	0	0	0	0	0	0	0	0	0	0.0	0.045454545454545456	0.045454545454545456	0.0	0.045454545454545456	0.0	0.0	0.0	0.045454545454545456	0.0	0.0	0.0	0.0	0.045454545454545456	0.0	0.0	0.0	0.0	0.0	0.0	2
Brucella_suis	0	0	0	0	0	0	0	0	0	0	0	0	0	0	0	0	0	0	0	0	0	0	0	0	0	0	0	0	0	0	0	0	0	0	0	0	0	0	0	0	0
Burkholderia_cepacia	0.2222222222222222	0	0.5833333333333334	0.2	0.5294117647058824	0.1111111111111111	0.14285714285714285	0	0	0.2222222222222222	0	0	0.3333333333333333	0.15384615384615385	0	0.3076923076923077	0	0	0.3684210526315789	0.3333333333333333	0.010695187165775402	0.010695187165775402	0.026737967914438502	0.024064171122994655	0.029411764705882353	0.00802139037433155	0.021390374331550804	0.005347593582887701	0.01871657754010695	0.013368983957219251	0.005347593582887701	0.0	0.021390374331550804	0.005347593582887701	0.01871657754010695	0.010695187165775402	0.0026737967914438505	0.005347593582887701	0.026737967914438502	0.0320855614973262	34
Burkholderia_cepacia_ATCC_25416	0	0	0	1.0	0	0	1.0	0	0	0	0	0	0	0	0	1.0	0	0.14285714285714285	0	0	0.0	0.0	0.0	0.06818181818181818	0.0	0.0	0.022727272727272728	0.0	0.0	0.0	0.0	0.0	0.0	0.0	0.0	0.011363636363636364	0.0	0.011363636363636364	0.06818181818181818	0.0	8
Burkholderia_cepacia_JBK9	0	0	0.8333333333333334	0	0.5	0	0	0	0	0	0	0	0	0	0	1.0	0	0.16666666666666666	0	0.5714285714285714	0.012121212121212121	0.0	0.04242424242424243	0.012121212121212121	0.01818181818181818	0.0	0.0	0.012121212121212121	0.0303030303030303	0.024242424242424242	0.0	0.0	0.0303030303030303	0.01818181818181818	0.01818181818181818	0.03636363636363636	0.012121212121212121	0.012121212121212121	0.006060606060606061	0.0303030303030303	15
Burkholderia_gladioli	0.2127659574468085	0.1388888888888889	0.15873015873015872	0.3225806451612903	0.23076923076923078	0.037037037037037035	0	0	0.17777777777777778	0	0.41025641025641024	0	0	0	0	0.1111111111111111	0.6551724137931034	0.5	0.28735632183908044	0.16666666666666666	0.01515151515151515	0.003952569169960474	0.008563899868247694	0.03359683794466403	0.017127799736495388	0.012516469038208168	0.02042160737812912	0.0013175230566534915	0.01515151515151515	0.00922266139657444	0.016469038208168644	0.0013175230566534915	0.017786561264822136	0.029644268774703556	0.00922266139657444	0.014492753623188406	0.03162055335968379	0.02766798418972332	0.02766798418972332	0.00922266139657444	138
Burkholderia_gladioli_BSR3	0	0.6666666666666666	0.125	0.5	0.5	0	0	0	0	0.6666666666666666	0	1.0	0	0	0	0	0	0.5	0.3333333333333333	0.4	0.05303030303030303	0.03787878787878788	0.007575757575757576	0.03787878787878788	0.015151515151515152	0.0	0.0	0.0	0.007575757575757576	0.04545454545454545	0.0	0.04545454545454545	0.0	0.015151515151515152	0.007575757575757576	0.0	0.022727272727272724	0.015151515151515152	0.007575757575757576	0.015151515151515152	12
Burkholderia_gladioli_pv._gladioli	0.42857142857142855	0.35555555555555557	0.3548387096774194	0.2972972972972973	0.35714285714285715	0.06666666666666667	0	0.34615384615384615	0	0.3157894736842105	0	0	0	0	0.4166666666666667	0.058823529411764705	0	0.5	0.375	0.36363636363636365	0.022727272727272728	0.03295454545454545	0.023863636363636365	0.017045454545454544	0.007954545454545454	0.0011363636363636363	0.017045454545454544	0.017045454545454544	0.005681818181818182	0.014772727272727274	0.0375	0.00909090909090909	0.015909090909090907	0.007954545454545454	0.02727272727272727	0.0011363636363636363	0.02159090909090909	0.026136363636363635	0.017045454545454544	0.00909090909090909	80
Burkholderia_mallei	0.5	1.0	0	0	0	0	1.0	0	0	0	0	0	0	0	0	0	0	0	0	1.0	0.05113636363636364	0.011363636363636364	0.0	0.0	0.0	0.011363636363636364	0.011363636363636364	0.011363636363636364	0.03977272727272727	0.0	0.0	0.0	0.0	0.0	0.011363636363636364	0.03977272727272727	0.045454545454545456	0.0	0.045454545454545456	0.03977272727272727	16
Burkholderia_mallei_NCTC_10247	0	0	0	0	0	0	0	0	0	0	0	0	0	0	0	0	0	0	0	0	0	0	0	0	0	0	0	0	0	0	0	0	0	0	0	0	0	0	0	0	0
Burkholderia_multivorans	0	0.4166666666666667	0.4117647058823529	0.4	0.5161290322580645	0	0	0.06666666666666667	0.18181818181818182	0.038461538461538464	0.06451612903225806	0.125	0	0	0	0.21052631578947367	0.14285714285714285	0.4166666666666667	0.5454545454545454	0	0.013196480938416423	0.024926686217008796	0.014662756598240468	0.016129032258064516	0.024926686217008796	0.002932551319648094	0.00439882697947214	0.002932551319648094	0.007331378299120234	0.001466275659824047	0.002932551319648094	0.00439882697947214	0.016129032258064516	0.0	0.016129032258064516	0.020527859237536656	0.011730205278592375	0.030791788856304986	0.01906158357771261	0.014662756598240468	62
Burkholderia_multivorans_ATCC_17616	0	0.6	0	1.0	0	0	0	0	0	0	0	0	0	0	0	0	0	0.3333333333333333	0.75	0	0.0	0.026737967914438502	0.010695187165775402	0.010695187165775402	0.0374331550802139	0.0	0.0	0.0	0.0	0.0374331550802139	0.010695187165775402	0.0	0.04812834224598931	0.0160427807486631	0.0	0.0	0.0374331550802139	0.010695187165775402	0.053475935828877004	0.0160427807486631	17
Burkholderia_multivorans_ATCC_BAA-247	0	0	1.0	1.0	0	0	0	0	0	0	0	1.0	0	0	0	0	0	0	0	0	0.030303030303030304	0.0	0.06060606060606061	0.030303030303030304	0.0	0.0	0.0	0.030303030303030304	0.030303030303030304	0.0	0.0	0.030303030303030304	0.04545454545454545	0.0	0.0	0.030303030303030304	0.0	0.0	0.0	0.0	6
Burkholderia_pseudomallei	0.4594594594594595	0.16666666666666666	0.03333333333333333	0.19230769230769232	0.46153846153846156	0.0196078431372549	0	0.025	0	0	0	0.022222222222222223	0	0	0.020833333333333332	0.2987012987012987	0.07692307692307693	0.34	0.2542372881355932	0.5555555555555556	0.017976373908577297	0.017976373908577297	0.01027221366204417	0.024653312788906007	0.0303030303030303	0.004622496147919877	0.007190549563430919	0.01694915254237288	0.001027221366204417	0.0	0.004622496147919877	0.0035952747817154596	0.004108885464817668	0.014381099126861838	0.009244992295839754	0.01746276322547509	0.007704160246533127	0.02824858757062147	0.016435541859270673	0.03492552645095018	177
Burkholderia_pseudomallei_1106b	0	0	0	0	0	0	0	0	0	0	0	0	0	1.0	0	0	0	0	1.0	0	0.0	0.0	0.0	0.045454545454545456	0.0	0.0	0.0	0.0	0.0	0.0	0.0	0.0	0.0	0.045454545454545456	0.0	0.0	0.0	0.0	0.045454545454545456	0.0	2
Burkholderia_pseudomallei_1710a	1.0	0	0	0	0	0	0	0	0.5	0	0	0	0	0	0	0	0	0	0	1.0	0.030303030303030304	0.0	0.0	0.030303030303030304	0.030303030303030304	0.0	0.0	0.0	0.030303030303030304	0.030303030303030304	0.06060606060606061	0.0	0.0	0.0	0.0	0.030303030303030304	0.06060606060606061	0.0	0.0	0.06060606060606061	3
Burkholderia_pseudomallei_1710b	0	0	0	0	0	0	0	0	0	0	0	0	0	0	0	0	0	0	0	0	0	0	0	0	0	0	0	0	0	0	0	0	0	0	0	0	0	0	0	0	0
Burkholderia_pseudomallei_7894	0.5	0	0	0	0	0	0	0	0	0	0	0	0	0	1.0	1.0	0.2	0	0	0	0.01818181818181818	0.01818181818181818	0.0	0.0	0.0	0.0	0.05454545454545454	0.0	0.0	0.0	0.0	0.0	0.01818181818181818	0.0	0.07272727272727272	0.07272727272727272	0.01818181818181818	0.0	0.0	0.05454545454545454	5
Burkholderia_pseudomallei_B03	0	1.0	0	0	0	0	0	0	0	0	0	0	0	0	0	0	0	0	0	0	0.045454545454545456	0.045454545454545456	0.0	0.0	0.0	0.0	0.045454545454545456	0.0	0.0	0.0	0.0	0.0	0.0	0.045454545454545456	0.045454545454545456	0.0	0.0	0.045454545454545456	0.0	0.0	2
Burkholderia_pseudomallei_MSHR1153	0	0	0	0	0	0	0	0	0	0	0	0	0	0	0	0	0	0	0	0	0	0	0	0	0	0	0	0	0	0	0	0	0	0	0	0	0	0	0	0	0
Burkholderia_pseudomallei_MSHR2543	0	0	0	0	0	0	0	0	0	0	0	0	0	0	0	0	0	0	0	0	0.09090909090909091	0.0	0.0	0.09090909090909091	0.0	0.0	0.0	0.0	0.0	0.0	0.0	0.0	0.0	0.0	0.0	0.0	0.0	0.09090909090909091	0.0	0.0	1
Burkholderia_pseudomallei_MSHR346	0.5	0	0	0	0	0	0	0	0	0	0	0	0	0	0	0	0.5	0	0	0.5	0.045454545454545456	0.0	0.0	0.0	0.0	0.045454545454545456	0.0	0.045454545454545456	0.045454545454545456	0.045454545454545456	0.0	0.0	0.0	0.0	0.0	0.0	0.045454545454545456	0.0	0.0	0.022727272727272728	4
Burkholderia_pseudomallei_MSHR435	0.2	1.0	1.0	0	1.0	0	0.6666666666666666	0	0	0	0.3333333333333333	0	0	0	0	0	0	0	1.0	1.0	0.01818181818181818	0.03636363636363636	0.01818181818181818	0.01818181818181818	0.01818181818181818	0.01818181818181818	0.05454545454545454	0.0	0.0	0.01818181818181818	0.03636363636363636	0.01818181818181818	0.01818181818181818	0.01818181818181818	0.0	0.01818181818181818	0.01818181818181818	0.01818181818181818	0.03636363636363636	0.01818181818181818	5
Burkholderia_pseudomallei_NCTC_13179	0	0	0	0	0	0	0	0	0	0	0	0	0	0	0	0	0	0	0	0	0	0	0	0	0	0	0	0	0	0	0	0	0	0	0	0	0	0	0	0	0
Burkholderia_pseudomallei_Pasteur_52237	0	0	0	0	0	0	0	0	0	0	0	0	0	0	0	0	0	0	0	0	0	0	0	0	0	0	0	0	0	0	0	0	0	0	0	0	0	0	0	0	0
Campylobacter_coli	0	0	0	0	0	0	0	0	0	0	0	0	0	0	0	0	0	0	0	0	0	0	0	0	0	0	0	0	0	0	0	0	0	0	0	0	0	0	0	0	0
Campylobacter_coli_RM4661	0	0	0	0	0	0	0	0	0	0	0	0	0	0	0	0	0	0	0	0	0	0	0	0	0	0	0	0	0	0	0	0	0	0	0	0	0	0	0	0	0
Campylobacter_fetus	0	0	0	0	0	0	0	0	0	0	0	0	0	0	0	0	0	0	0	0	0	0	0	0	0	0	0	0	0	0	0	0	0	0	0	0	0	0	0	0	0
Campylobacter_gracilis	0	0	0	0	0	0	0	0	0	0	0	0	0	0	0	0	0	0	0	0	0	0	0	0	0	0	0	0	0	0	0	0	0	0	0	0	0	0	0	0	0
Campylobacter_showae	0	0	0	0	0	0	0	0	0	0	0	0	0	0	0	0	0	0	0	0	0	0	0	0	0	0	0	0	0	0	0	0	0	0	0	0	0	0	0	0	0
Canine_morbillivirus	0	0	0	0	0	0	0	0	0	0	0	0	0	0	0	0	0	0	0	0	0	0	0	0	0	0	0	0	0	0	0	0	0	0	0	0	0	0	0	0	0
Chlamydia_abortus	0	0	0	0	0	0	0	0	0	0	0	0	0	0	0	0	0	0	0	0	0	0	0	0	0	0	0	0	0	0	0	0	0	0	0	0	0	0	0	0	0
Chlamydia_caviae	0	0	0	0	0	0	0	0	0	0	0	0	0	0	0	0	0	0	0	0	0	0	0	0	0	0	0	0	0	0	0	0	0	0	0	0	0	0	0	0	0
Chlamydia_felis	0	0	0	0	0	0	0	0	0	0	0	0	0	0	0	0	0	0	0	0	0	0	0	0	0	0	0	0	0	0	0	0	0	0	0	0	0	0	0	0	0
Chlamydia_muridarum	0	0	0	0	0	0	0	0	0	0	0	0	0	0	0	0	0	0	0	0	0	0	0	0	0	0	0	0	0	0	0	0	0	0	0	0	0	0	0	0	0
Chlamydia_pecorum	0	0	0	0	0	0	0	0	0	0	0	0	0	0	0	0	0	0	0	0	0	0	0	0	0	0	0	0	0	0	0	0	0	0	0	0	0	0	0	0	0
Chlamydia_pneumoniae	0	0	0	0	0	0	0	0	0	0	0	0	0	0	0	0	0	0	0	0	0	0	0	0	0	0	0	0	0	0	0	0	0	0	0	0	0	0	0	0	0
Chlamydia_psittaci	0	0	0	0	0	0	0	0	0	0	0	0	0	0	0	0	0	0	0	0	0	0	0	0	0	0	0	0	0	0	0	0	0	0	0	0	0	0	0	0	0
Chlamydia_suis	0	0	0	0	0	0	0	0	0	0	0	0	0	0	0	0	0	0	0	0	0	0	0	0	0	0	0	0	0	0	0	0	0	0	0	0	0	0	0	0	0
Chlamydia_trachomatis	0	0	0	0	0	0	0	0	0	0	0	0	0	0	0	0	0	0	0	0	0	0	0	0	0	0	0	0	0	0	0	0	0	0	0	0	0	0	0	0	0
Corynebacterium_ammoniagenes	1.0	0	0	0	0	0	0	0	0	0	0	0	0	0	0	0	0	0	0	0	0.09090909090909091	0.0	0.0	0.09090909090909091	0.0	0.0	0.0	0.0	0.0	0.0	0.0	0.0	0.0	0.0	0.0	0.0	0.09090909090909091	0.0	0.0	0.0	1
Corynebacterium_amycolatum	0	0	0	0	1.0	0	0	0	0	1.0	0	0	0	0	0	0	0	0.6666666666666666	0	0	0.0	0.0	0.0	0.0	0.030303030303030304	0.0	0.06060606060606061	0.0	0.0	0.06060606060606061	0.0	0.0	0.0	0.0	0.0	0.0	0.0	0.06060606060606061	0.0	0.0	3
Corynebacterium_bovis	0.6666666666666666	0.5	0.25	0.6	0	0	0	0	0	0	0	0	0	0	0	0.3333333333333333	0.5	0.2	0.25	0.3333333333333333	0.03787878787878788	0.015151515151515152	0.022727272727272724	0.030303030303030304	0.007575757575757576	0.0	0.0	0.0	0.007575757575757576	0.030303030303030304	0.0	0.0	0.0	0.007575757575757576	0.030303030303030304	0.007575757575757576	0.015151515151515152	0.03787878787878788	0.015151515151515152	0.022727272727272724	12
Corynebacterium_crudilactis	0	0	0	0	0	0	0	0	0	0	0	0	0	0	0	0	0	0	0	0	0	0	0	0	0	0	0	0	0	0	0	0	0	0	0	0	0	0	0	0	0
Corynebacterium_diphtheriae	0	0	0	0	0	0	0	0	0	0	0	0	0	0	0	0	0	0	0	0	0	0	0	0	0	0	0	0	0	0	0	0	0	0	0	0	0	0	0	0	0
Corynebacterium_diphtheriae_HC03	0	0	0	0	0	0	0	0	0	0	0	0	0	0	0	0	0	0	0	0	0	0	0	0	0	0	0	0	0	0	0	0	0	0	0	0	0	0	0	0	0
Corynebacterium_jeikeium	0	0	0	0	0.5	0	0	0	0	0	0	0	0	0	0	0	0	0	0	0	0.0	0.0	0.0	0.0	0.045454545454545456	0.0	0.0	0.0	0.0	0.0	0.0	0.0	0.0	0.0	0.0	0.0	0.0	0.0	0.0	0.0	2
Corynebacterium_jeikeium_K411	0	0	0	0	0	0	0	0	0	0	0	0	0	0	0	0	0	0	0	0	0	0	0	0	0	0	0	0	0	0	0	0	0	0	0	0	0	0	0	0	0
Corynebacterium_kroppenstedtii	0	0	0	0	0	0	0	0	0	0	0	0	0	0	0	0	0	0	0	0	0	0	0	0	0	0	0	0	0	0	0	0	0	0	0	0	0	0	0	0	0
Corynebacterium_kroppenstedtii_DSM_44385	0	0	0	0	0	0	0	0	0	0	0	0	0	0	0	0	0	0	0	0	0	0	0	0	0	0	0	0	0	0	0	0	0	0	0	0	0	0	0	0	0
Corynebacterium_maris	0	0	0	0	0	0	0	0	0	0	0	0	0	0	0	0	0	0	0	0	0	0	0	0	0	0	0	0	0	0	0	0	0	0	0	0	0	0	0	0	0
Corynebacterium_maris_DSM_45190	0.5	0	0	0	0.5	0	0	0	0	0	0	0	0	0	0	0.5	0	0	0	0.5	0.01818181818181818	0.05454545454545454	0.0	0.0	0.01818181818181818	0.01818181818181818	0.0	0.01818181818181818	0.01818181818181818	0.03636363636363636	0.01818181818181818	0.0	0.01818181818181818	0.0	0.0	0.01818181818181818	0.0	0.01818181818181818	0.01818181818181818	0.01818181818181818	5
Corynebacterium_matruchotii	0	0	0	0	0	0	0	0	0	0	0	0	0	0	0	0	0	0	0	0	0	0	0	0	0	0	0	0	0	0	0	0	0	0	0	0	0	0	0	0	0
Corynebacterium_minutissimum	0	0	0	0	1.0	0	0	0	0	0	0	0	0	0	0	0	0	0	0	0	0.0	0.0	0.0	0.0	0.045454545454545456	0.0	0.045454545454545456	0.0	0.0	0.0	0.0	0.045454545454545456	0.0	0.045454545454545456	0.0	0.045454545454545456	0.0	0.0	0.0	0.0	2
Corynebacterium_pseudotuberculosis	0	0	0	0	0	0	0	0	0	0	0	0	0	0	0	0	0	0	0	0	0	0	0	0	0	0	0	0	0	0	0	0	0	0	0	0	0	0	0	0	0
Corynebacterium_pseudotuberculosis_Cp162	0	0	0	0	0	0	0	0	0	0	0	0	0	0	0	0	0	0	0	0.8333333333333334	0.0	0.0	0.0	0.0	0.0	0.0	0.0	0.0	0.0	0.0	0.0	0.07575757575757576	0.07575757575757576	0.0	0.0	0.0	0.07575757575757576	0.0	0.0	0.07575757575757576	6
Corynebacterium_renale	0	0	0	0	1.0	0	0	1.0	0	0	0	0	0	0	0	0	0	0	0	0	0.0	0.0	0.0	0.0	0.09090909090909091	0.0	0.0	0.09090909090909091	0.0	0.0	0.0	0.09090909090909091	0.0	0.0	0.0	0.0	0.0	0.0	0.0	0.0	1
Corynebacterium_segmentosum	0	0	0	0	0	0	0	0	0	0	0	0	0	0	0	0	0	0	0	0	0	0	0	0	0	0	0	0	0	0	0	0	0	0	0	0	0	0	0	0	0
Corynebacterium_sphenisci	0	0	0	0	0	0	0	0	0	0	0	0	0	0	0	0	0	0	0	0	0	0	0	0	0	0	0	0	0	0	0	0	0	0	0	0	0	0	0	0	0
Corynebacterium_sphenisci_DSM_44792	0.2857142857142857	0.42857142857142855	0	0.6	0.2	0	0	0	0	0.1111111111111111	0	0	0	0	0	0	0	0	0.46153846153846156	0.125	0.019138755980861243	0.028708133971291863	0.004784688995215311	0.05263157894736842	0.023923444976076555	0.0	0.014354066985645932	0.009569377990430622	0.0	0.009569377990430622	0.004784688995215311	0.014354066985645932	0.014354066985645932	0.009569377990430622	0.009569377990430622	0.004784688995215311	0.028708133971291863	0.009569377990430622	0.028708133971291863	0.014354066985645932	19
Corynebacterium_stationis	1.0	0	0	0	0	0	0	0	0	0	0	0	0	0	0	0	0	0	0	0	0.09090909090909091	0.0	0.0	0.0	0.0	0.0	0.0	0.0	0.0	0.0	0.0	0.0	0.0	0.0	0.0	0.0	0.0	0.0	0.0	0.0	1
Corynebacterium_striatum	0	0	1.0	1.0	0	0	0	0	0	0	0	0	0	0	0	0	0	0	0	0	0.0	0.0	0.06818181818181818	0.045454545454545456	0.0	0.0	0.0	0.0	0.0	0.045454545454545456	0.0	0.0	0.06818181818181818	0.022727272727272728	0.0	0.0	0.022727272727272728	0.0	0.0	0.045454545454545456	4
Corynebacterium_urealyticum	0.6666666666666666	0	0.6666666666666666	0	0	0.6666666666666666	1.0	0	0	0	0	0	0	0	0	0.6666666666666666	0	0	0.5	0	0.04545454545454545	0.0	0.030303030303030304	0.0	0.0	0.030303030303030304	0.030303030303030304	0.030303030303030304	0.015151515151515152	0.0	0.0	0.015151515151515152	0.015151515151515152	0.06060606060606061	0.015151515151515152	0.030303030303030304	0.0	0.0	0.04545454545454545	0.030303030303030304	6
Corynebacterium_ureicelerivorans	0	0	1.0	0	0	0	0	0	0	0	0	0	0	0	0	0	0.5	0	0	1.0	0.0	0.030303030303030304	0.06060606060606061	0.0	0.0	0.0909090909090909	0.0	0.030303030303030304	0.0	0.0	0.030303030303030304	0.0	0.0	0.030303030303030304	0.0	0.0	0.030303030303030304	0.0	0.0	0.030303030303030304	3
Corynebacterium_xerosis	1.0	0.3333333333333333	0	0.3333333333333333	0	0	0	0	0	0.4	0	0	0	0	0	0.25	0	0.5	0	0	0.03896103896103896	0.012987012987012988	0.012987012987012988	0.012987012987012988	0.0	0.012987012987012988	0.0	0.0	0.025974025974025976	0.025974025974025976	0.0	0.0	0.012987012987012988	0.0	0.012987012987012988	0.012987012987012988	0.012987012987012988	0.012987012987012988	0.0	0.012987012987012988	7
Cowpox_virus	0	0	0	0	0	0	0	0	0	0	0	0	0	0	0	0	0	0	0	0	0	0	0	0	0	0	0	0	0	0	0	0	0	0	0	0	0	0	0	0	0
Coxiella_burnetii	0	1.0	0	0	0	0	0	0	0	1.0	0	0	0	0	0	0	0	0	0	0	0.0	0.09090909090909091	0.0	0.0	0.0	0.0	0.09090909090909091	0.0	0.0	0.09090909090909091	0.0	0.0	0.0	0.0	0.0	0.0	0.0	0.0	0.0	0.0	1
Coxiella_burnetii_Dugway_5J108-111	0	1.0	0	0	0	0	0	0	0	0	0	0	0	0	0	0	0	0	0	0	0.0	0.0909090909090909	0.0	0.0909090909090909	0.0	0.0	0.0909090909090909	0.0909090909090909	0.0	0.0	0.0	0.015151515151515152	0.0	0.0	0.0	0.0	0.0	0.0	0.0	0.0	6
Coxiella_burnetii_str._Schperling	0	0	0	0	0	0	0	0	0	0	0	0	0	0	0	0	0	0	0	0	0	0	0	0	0	0	0	0	0	0	0	0	0	0	0	0	0	0	0	0	0
Cryptosporidium	0	0	0	0	0	0	0	0	0	0	0	0	0	0	0	0	0	0	0	0	0	0	0	0	0	0	0	0	0	0	0	0	0	0	0	0	0	0	0	0	0
Cryptosporidium_parvum	0	0	0	0	0	0	0	0	0	0	0	0	0	0	0	0	0	0	0	0	0	0	0	0	0	0	0	0	0	0	0	0	0	0	0	0	0	0	0	0	0
Deltaretrovirus	0	0	0	0	0	0	0	0	0	0	0	0	0	0	0	0	0	0	0	0	0	0	0	0	0	0	0	0	0	0	0	0	0	0	0	0	0	0	0	0	0
Ehrlichia_canis	0	0	0	0	0	0	0	0	0	0	0	0	0	0	0	0	0	0	0	0	0	0	0	0	0	0	0	0	0	0	0	0	0	0	0	0	0	0	0	0	0
Enterococcus_avium	0	0	1.0	0	0	0	0	0	0	0	0	0	0	0	0	0	0	1.0	0	0	0.0	0.0	0.09090909090909091	0.0	0.0	0.0	0.0	0.0	0.0	0.0	0.0	0.045454545454545456	0.045454545454545456	0.0	0.0	0.045454545454545456	0.0	0.045454545454545456	0.0	0.0	2
Enterococcus_casseliflavus	0	0	0	0	0	0	0	0	0	0	0	0	0	0	0	0	0	0	0	0	0	0	0	0	0	0	0	0	0	0	0	0	0	0	0	0	0	0	0	0	0
Enterococcus_cecorum	0	0	0	0	0	0	0	0	0	0	0	0	0	0	0	0	0	0	0	0	0	0	0	0	0	0	0	0	0	0	0	0	0	0	0	0	0	0	0	0	0
Enterococcus_durans	0	0	0	0	0	0	0	0	0	0	0	0	0	0	0	0	0	0	0	0	0	0	0	0	0	0	0	0	0	0	0	0	0	0	0	0	0	0	0	0	0
Enterococcus_faecalis	0	0	0	0	0	0	0	0	0	0	0	0	0	0	0	0	0	0	0	0	0	0	0	0	0	0	0	0	0	0	0	0	0	0	0	0	0	0	0	0	0
Enterococcus_faecium	1.0	0	0	0	0	0	0	0	0	0	0	0	0	0	0	0	0	0	0	0	0.0909090909090909	0.0	0.0909090909090909	0.0	0.0	0.0	0.0	0.0	0.0	0.0	0.030303030303030304	0.0	0.0	0.0	0.0909090909090909	0.0	0.0	0.0	0.0	0.0	3
Enterococcus_faecium_Com15	0	0	0	0	0	0	0	0	0	0	0	0	0	0	0	0	0	0	0	0	0	0	0	0	0	0	0	0	0	0	0	0	0	0	0	0	0	0	0	0	0
Enterococcus_hirae	0	0	0	0	0	0	0	0	0	0	0	0	0	0	0	0	0	0	0	0	0	0	0	0	0	0	0	0	0	0	0	0	0	0	0	0	0	0	0	0	0
Enterococcus_mundtii	0	0	0	0	0	0	0	0	0	0	0	0	0	0	0	0	0	0	0	0	0	0	0	0	0	0	0	0	0	0	0	0	0	0	0	0	0	0	0	0	0
Enterovirus_B	0	0	0	0	0	0	0	0	0	0	0	0	0	0	0	0	0	0	0	0	0	0	0	0	0	0	0	0	0	0	0	0	0	0	0	0	0	0	0	0	0
Epizootic_hemorrhagic_disease_virus_(serotype_1_/_strain_New_Jersey)	0	0	0	0	0	0	0	0	0	0	0	0	0	0	0	0	0	0	0	0	0	0	0	0	0	0	0	0	0	0	0	0	0	0	0	0	0	0	0	0	0
Equine_rhinitis_A_virus	0	0	0	0	0	0	0	0	0	0	0	0	0	0	0	0	0	0	0	0	0	0	0	0	0	0	0	0	0	0	0	0	0	0	0	0	0	0	0	0	0
Erysipelothrix_rhusiopathiae	0	0	0	0	0	0	0	0	0	0	0	0	0	0	0	0	0	0	0	0	0	0	0	0	0	0	0	0	0	0	0	0	0	0	0	0	0	0	0	0	0
Erythroparvovirus	0	0	0	0	0	0	0	0	0	0	0	0	0	0	0	0	0	0	0	0	0	0	0	0	0	0	0	0	0	0	0	0	0	0	0	0	0	0	0	0	0
Escherichia_coli	1.0	0	0	0	0	0	0	0	0	0	0	0	0	0	0	0	1.0	0	1.0	0	0.06060606060606061	0.0	0.0	0.06060606060606061	0.0	0.0	0.0	0.06060606060606061	0.0	0.0	0.0	0.0	0.0	0.0	0.0	0.0	0.030303030303030304	0.0	0.07575757575757576	0.015151515151515152	6
Escherichia_coli_042	0	0	1.0	0	0	0	0	0	0	0	0	0	0	0	0	0	0	0	1.0	0	0.09090909090909091	0.09090909090909091	0.09090909090909091	0.0	0.0	0.0	0.0	0.0	0.0	0.0	0.011363636363636364	0.0	0.0	0.0	0.0	0.0	0.0	0.0	0.09090909090909091	0.0	8
Escherichia_coli_E110019	0	0	0	0	0	0	0	0	0	0	0	0	0	0	0	0	0	0	0	0	0	0	0	0	0	0	0	0	0	0	0	0	0	0	0	0	0	0	0	0	0
Escherichia_coli_NCCP15648	0	0	0	0	0	0	0	0	0	0	0	0	0	0	0	0	0	0	0	0	0	0	0	0	0	0	0	0	0	0	0	0	0	0	0	0	0	0	0	0	0
Escherichia_coli_O111	0	0	0	0	0	0	0	0	0	0	0	0	0	0	0	0	0	0	0	0	0	0	0	0	0	0	0	0	0	0	0	0	0	0	0	0	0	0	0	0	0
Escherichia_coli_O157	0	0	0	0	0	0	0	0	0	0	0	0	0	0	0	0	0	0	0	0	0	0	0	0	0	0	0	0	0	0	0	0	0	0	0	0	0	0	0	0	0
Escherichia_coli_O157:H7	0	0	0	0	0	0	0	0	0	0	0	0	0	0	0	0	0	0	0	0	0	0	0	0	0	0	0	0	0	0	0	0	0	0	0	0	0	0	0	0	0
Escherichia_coli_O26	0	0	0	0	0	0	0	0	0	0	0	0	0	0	0	0	0	0	0	0	0	0	0	0	0	0	0	0	0	0	0	0	0	0	0	0	0	0	0	0	0
Escherichia_coli_O7:K1_str._CE10	0	0	0	0	0	0	0	0	0	0	0	0	0	0	0	0	0	0	0	0	0	0	0	0	0	0	0	0	0	0	0	0	0	0	0	0	0	0	0	0	0
Escherichia_coli_PMV-1	0	0	0	0	0	0	0	0	0	0	0	0	0	0	0	0	0	0	0	0	0	0	0	0	0	0	0	0	0	0	0	0	0	0	0	0	0	0	0	0	0
Francisella_tularensis	0	0	0	0	0	0	0	0	0	0	0	0	0	0	0	0	0	0	0	0	0	0	0	0	0	0	0	0	0	0	0	0	0	0	0	0	0	0	0	0	0
Francisella_tularensis_subsp._novicida	0	0	0	0	0	0	0	0	0	0	0	0	0	0	0	0	0	0	0	0	0	0	0	0	0	0	0	0	0	0	0	0	0	0	0	0	0	0	0	0	0
Fusobacterium	1.0	0	0	0	0	0	0	0	0	0	0	0	0	0	0	0	0	0	0	0	0.09090909090909091	0.0	0.0	0.0	0.09090909090909091	0.0	0.0	0.0	0.0	0.0	0.0	0.0	0.0	0.0	0.0	0.0	0.0	0.0	0.0	0.0	10
Fusobacterium_canifelinum	0	0	0	0	0	0	0	0	0	0	0	0	0	0	0	0	0	0	0	0	0	0	0	0	0	0	0	0	0	0	0	0	0	0	0	0	0	0	0	0	0
Fusobacterium_gastrosuis	0	0	0	0	0	0	0	0	0	0	0	0	0	0	0	0	0	0	0	0	0	0	0	0	0	0	0	0	0	0	0	0	0	0	0	0	0	0	0	0	0
Fusobacterium_gonidiaformans_ATCC_25563	0	0	0	0	0	0	0	0	0	0	0	0	0	0	0	0	0	0	0	0	0	0	0	0	0	0	0	0	0	0	0	0	0	0	0	0	0	0	0	0	0
Fusobacterium_hwasookii_ChDC_F206	1.0	0	0	0	0	0	0	0	0	0	0	0	0	0	0	0	0	0	0	0	0.09090909090909091	0.0	0.0	0.0	0.0	0.0	0.0	0.0	0.0	0.0	0.0	0.0	0.0	0.0	0.0	0.045454545454545456	0.0	0.0	0.0	0.0	2
Fusobacterium_necrophorum	0	0	0	0	0	0	0	0	0	0	0	0	0	0	0	0	0	0	0	0	0.0	0.0	0.0	0.0	0.0	0.0	0.0	0.0	0.0	0.0	0.09090909090909091	0.0	0.0	0.0	0.0	0.0	0.0	0.0	0.0	0.0	1
Fusobacterium_necrophorum_subsp._necrophorum	0	0	0	1.0	0	0	0	0	0	0	0	0	0	0	0	0	0	0	0	0	0.0	0.0	0.0	0.09090909090909091	0.0	0.0	0.0	0.0	0.0	0.0	0.06818181818181818	0.0	0.0	0.06818181818181818	0.0	0.0	0.0	0.0	0.0	0.0	4
Fusobacterium_nucleatum	0	0	0	0	0	0	0	0	0	0	0	0	0	0	0	0	0	0	0	0	0	0	0	0	0	0	0	0	0	0	0	0	0	0	0	0	0	0	0	0	0
Fusobacterium_nucleatum_subsp._animalis	0	0	0	0	0	0	0	0	0	0	0	0	0	0	0	0	0	0	0	0	0	0	0	0	0	0	0	0	0	0	0	0	0	0	0	0	0	0	0	0	0
Fusobacterium_nucleatum_subsp._nucleatum	0	0	0	0	0	0	0	0	0	0	0	0	0	0	0	0	0	0	0	0	0	0	0	0	0	0	0	0	0	0	0	0	0	0	0	0	0	0	0	0	0
Fusobacterium_nucleatum_subsp._nucleatum_ATCC_23726	0	0	0	0	0	0	0	0	0	0	0	0	0	0	0	0	0	0	0	0	0	0	0	0	0	0	0	0	0	0	0	0	0	0	0	0	0	0	0	0	0
Fusobacterium_nucleatum_subsp._polymorphum	1.0	0	0	0	0	0	0	0	0	0	0	0	0	0	0	0	0	0	0	0	0.09090909090909091	0.0	0.0	0.0	0.0	0.0	0.0	0.0	0.0	0.09090909090909091	0.0	0.09090909090909091	0.0	0.0	0.0	0.09090909090909091	0.0	0.09090909090909091	0.0	0.0	1
Fusobacterium_nucleatum_subsp._polymorphum_ATCC_10953	0	0	0	0	0	0	0	0	0	0	0	0	0	0	0	0	0	0	0	0	0	0	0	0	0	0	0	0	0	0	0	0	0	0	0	0	0	0	0	0	0
Fusobacterium_nucleatum_subsp._vincentii	0	0	0	0	0	0	0	0	0	0	0	0	0	0	0	0	0	0	0	0	0	0	0	0	0	0	0	0	0	0	0	0	0	0	0	0	0	0	0	0	0
Fusobacterium_nucleatum_subsp._vincentii_ChDC_F8	0	0	0	0	0	0	0	0	0	0	1.0	0	0	0	0	0	0	0	0	1.0	0.0	0.0	0.0	0.0	0.09090909090909091	0.09090909090909091	0.0	0.0	0.09090909090909091	0.0	0.045454545454545456	0.0	0.0	0.0	0.0	0.0	0.0	0.045454545454545456	0.0	0.09090909090909091	2
Fusobacterium_periodonticum	0	0	0	0	0	0	0	0	0	0	0	0	0	0	0	0	0	0	0	0	0	0	0	0	0	0	0	0	0	0	0	0	0	0	0	0	0	0	0	0	0
Fusobacterium_pseudoperiodonticum	0	1.0	0	0	0	0	0	0	0	0	0	0	0	0	0	0	0	0	0	0	0.0	0.09090909090909091	0.0	0.09090909090909091	0.0	0.0	0.09090909090909091	0.0	0.0	0.0	0.0	0.0	0.0	0.0	0.0	0.09090909090909091	0.0	0.0	0.0	0.0	1
Goatpox_virus	0	0	0	0	0	0	0	0	0	0	0	0	0	0	0	0	0	0	0	0	0	0	0	0	0	0	0	0	0	0	0	0	0	0	0	0	0	0	0	0	0
Haemophilus_influenzae	0.36	1.0	1.0	0	0	0	0.8333333333333334	0	0	0.1875	0	0	0	0	0	0	0	0.6818181818181818	0	0	0.022113022113022116	0.06388206388206388	0.00737100737100737	0.0171990171990172	0.03931203931203931	0.0	0.02457002457002457	0.06633906633906635	0.0	0.01474201474201474	0.036855036855036855	0.036855036855036855	0.0	0.0	0.0	0.0	0.0	0.03931203931203931	0.0	0.002457002457002457	37
Haemophilus_influenzae_10810	0	1.0	0	1.0	0	0	0	0	0	0	0	0	0	0	0	0	0	0	0	0	0.0	0.09090909090909091	0.0	0.09090909090909091	0.0	0.0	0.0	0.0	0.0	0.0	0.0	0.0	0.0303030303030303	0.050505050505050504	0.0	0.0303030303030303	0.0	0.0	0.0	0.0	9
Haemophilus_influenzae_2019	0	0	0	1.0	0	0	0	0	0	0	0	0	0	0	0	0	0	0	0	0	0.0	0.0	0.0	0.09090909090909091	0.09090909090909091	0.0	0.0	0.0	0.0	0.0	0.0	0.0	0.01818181818181818	0.0	0.0	0.0	0.0	0.0	0.0	0.0	5
Haemophilus_influenzae_F3031	0	0	0	0	0	0	0	0	0	0	0	0	0	0	0	0	0	0	0	0	0	0	0	0	0	0	0	0	0	0	0	0	0	0	0	0	0	0	0	0	0
Haemophilus_influenzae_F3047	0	0	0	0	0	0	0	0	0	0	0	0	0	0	0	0	0	0	0	0	0	0	0	0	0	0	0	0	0	0	0	0	0	0	0	0	0	0	0	0	0
Haemophilus_influenzae_KR494	0	0	1.0	0	0	0	0	0	0	0	0	0	0	0	0	0	0	0	0	0	0.0	0.0	0.09090909090909091	0.0	0.0	0.0	0.0	0.0	0.0	0.0	0.0	0.0	0.0	0.0	0.0	0.0	0.0	0.0	0.0	0.0	1
Haemophilus_influenzae_R2866	0	0	0	0	0	0	0	0	0	0	0	0	0	0	0	0	0	0	0	0	0	0	0	0	0	0	0	0	0	0	0	0	0	0	0	0	0	0	0	0	0
Haemophilus_influenzae_biotype_aegyptius	0	0	1.0	0	0	0	0	0	0	1.0	0	0	0	0	0	0	0	0	0	1.0	0.04545454545454545	0.04545454545454545	0.0909090909090909	0.0	0.0	0.0	0.0	0.0	0.0	0.04545454545454545	0.0	0.0	0.0	0.0	0.0	0.0	0.0	0.015151515151515152	0.030303030303030304	0.04545454545454545	6
Helicobacter_cinaedi	0	0	0	0	0	0	0	0	0	0	0	0	0	0	0	0	0	0	0	0	0	0	0	0	0	0	0	0	0	0	0	0	0	0	0	0	0	0	0	0	0
Helicobacter_pylori	0	0	0	0	0	0	0	0	0	0	0	0	0	0	0	0	0	0	0	0	0	0	0	0	0	0	0	0	0	0	0	0	0	0	0	0	0	0	0	0	0
Helicobacter_pylori_ELS37	0	0	0	0	0	0	0	0	0	0	0	0	0	0	0	0	0	0	0	0	0	0	0	0	0	0	0	0	0	0	0	0	0	0	0	0	0	0	0	0	0
Helicobacter_pylori_Shi112	0	1.0	0	0.5	0	0	0	0	0	0	0	0	0	0	0	0.9	0	0	0	0	0.0	0.0303030303030303	0.0	0.0303030303030303	0.0	0.0	0.0	0.0	0.0	0.0	0.0	0.0	0.0030303030303030303	0.0	0.0	0.027272727272727275	0.0	0.0	0.0	0.0	30
Hepatitis_B_virus	0	0	0	0	0	0	0	0	0	0	0	0	0	0	0	0	0	0	0	0	0	0	0	0	0	0	0	0	0	0	0	0	0	0	0	0	0	0	0	0	0
Hepatitis_E_virus	0	0	0	0	0	0	0	0	0	0	0	0	0	0	0	0	0	0	0	0	0	0	0	0	0	0	0	0	0	0	0	0	0	0	0	0	0	0	0	0	0
Hepatitis_delta_virus	0	0	0	0	0	0	0	0	0	0	0	0	0	0	0	0	0	0	0	0	0	0	0	0	0	0	0	0	0	0	0	0	0	0	0	0	0	0	0	0	0
Human_adenovirus_1	0	0	0	0	0	0	0	0	0	0	0	0	0	0	0	0	0	0	0	0	0	0	0	0	0	0	0	0	0	0	0	0	0	0	0	0	0	0	0	0	0
Human_adenovirus_2	0	0	0	0	0	0	0	0	0	0	0	0	0	0	0	0	0	0	0	0	0	0	0	0	0	0	0	0	0	0	0	0	0	0	0	0	0	0	0	0	0
Human_adenovirus_35	0	0	0	0	0	0	0	0	0	0	0	0	0	0	0	0	0	0	0	0	0	0	0	0	0	0	0	0	0	0	0	0	0	0	0	0	0	0	0	0	0
Human_adenovirus_5	0	0	0	0	0	0	0	0	0	0	0	0	0	0	0	0	0	0	0	0	0	0	0	0	0	0	0	0	0	0	0	0	0	0	0	0	0	0	0	0	0
Human_adenovirus_54	0	0	0	0	0	0	0	0	0	0	0	0	0	0	0	0	0	0	0	0	0	0	0	0	0	0	0	0	0	0	0	0	0	0	0	0	0	0	0	0	0
Human_adenovirus_7	0	0	0	0	0	0	0	0	0	0	0	0	0	0	0	0	0	0	0	0	0	0	0	0	0	0	0	0	0	0	0	0	0	0	0	0	0	0	0	0	0
Human_alphaherpesvirus_1	0	0	0	0	0	0	0	0	0	0	0	0	0	0	0	0	0	0	0	0	0	0	0	0	0	0	0	0	0	0	0	0	0	0	0	0	0	0	0	0	0
Human_alphaherpesvirus_2	0	0	0	0	0	0	0	0	0	0	0	0	0	0	0	0	0	0	0	0	0	0	0	0	0	0	0	0	0	0	0	0	0	0	0	0	0	0	0	0	0
Human_alphaherpesvirus_3	0	0	0	0	0	0	0	0	0	0	0	0	0	0	0	0	0	0	0	0	0	0	0	0	0	0	0	0	0	0	0	0	0	0	0	0	0	0	0	0	0
Human_gammaherpesvirus_4	0	0	0	0	0	0	0	0	0	0	0	0	0	0	0	0	0	0	0	0	0	0	0	0	0	0	0	0	0	0	0	0	0	0	0	0	0	0	0	0	0
Human_herpesvirus_4_type_2	0	0	0	0	0	0	0	0	0	0	0	0	0	0	0	0	0	0	0	0	0	0	0	0	0	0	0	0	0	0	0	0	0	0	0	0	0	0	0	0	0
Human_mastadenovirus_C	0	0	0	0	0	0	0	0	0	0	0	0	0	0	0	0	0	0	0	0	0	0	0	0	0	0	0	0	0	0	0	0	0	0	0	0	0	0	0	0	0
JC_polyomavirus	0	0	0	0	0	0	0	0	0	0	0	0	0	0	0	0	0	0	0	0	0	0	0	0	0	0	0	0	0	0	0	0	0	0	0	0	0	0	0	0	0
Klebsiella_aerogenes	0	0.6666666666666666	0	1.0	0	0	0	0	0	0	0	0	0	0	0	1.0	0	0	1.0	0	0.03636363636363636	0.03636363636363636	0.0	0.03636363636363636	0.0	0.0	0.0	0.03636363636363636	0.0	0.0	0.0	0.0	0.00909090909090909	0.0	0.0	0.07272727272727272	0.0	0.03636363636363636	0.00909090909090909	0.03636363636363636	10
Klebsiella_michiganensis	1.0	1.0	0	0	0	0	0	0	0	0	0	0	0	0	0	0	1.0	0	0	0	0.030303030303030304	0.030303030303030304	0.0	0.0	0.0	0.0	0.0	0.0	0.0	0.0	0.030303030303030304	0.030303030303030304	0.0	0.0	0.0	0.0	0.030303030303030304	0.030303030303030304	0.06060606060606061	0.0	3
Klebsiella_michiganensis_HKOPL1	0	0	0	0	0	0	0	0	0	0	0	0	0	0	0	0	0	1.0	0	0	0.0	0.0	0.0	0.09090909090909091	0.0	0.0	0.0	0.0	0.0	0.0	0.045454545454545456	0.045454545454545456	0.0	0.0	0.0	0.0	0.0	0.045454545454545456	0.0	0.0	2
Klebsiella_michiganensis_KCTC_1686	0	0	0	0	0	0	0	0	0	0	0	0	0	0	0	0	0	0	0	0	0	0	0	0	0	0	0	0	0	0	0	0	0	0	0	0	0	0	0	0	0
Klebsiella_oxytoca	0.42857142857142855	0.5	0	0	0	0	0	0	0	0	0	0	0	0	0	1.0	0	0	0	0	0.024793388429752063	0.03305785123966942	0.0	0.0	0.0	0.008264462809917356	0.0	0.0	0.03305785123966942	0.0	0.024793388429752063	0.01652892561983471	0.0	0.0	0.024793388429752063	0.05785123966942149	0.0	0.024793388429752063	0.01652892561983471	0.008264462809917356	11
Klebsiella_pneumoniae	1.0	0	1.0	0	0	0	0	0	0	0	0	0	0	0	0	0	0	0	0	0	0.05138339920948617	0.0	0.039525691699604744	0.0	0.039525691699604744	0.039525691699604744	0.0	0.007905138339920948	0.0	0.011857707509881422	0.0	0.003952569169960474	0.0	0.0	0.003952569169960474	0.0	0.0	0.0	0.0	0.0	23
Klebsiella_pneumoniae_subsp._pneumoniae	0	0	0	0	0	0	0	0	0	0	0	0	0	0	0	0	0	0	0	0	0	0	0	0	0	0	0	0	0	0	0	0	0	0	0	0	0	0	0	0	0
Klebsiella_pneumoniae_subsp._pneumoniae_KPNIH27	0	0	0	0	0	0	0	0	0	0	0	0	0	0	0	0	0	0	0	0	0	0	0	0	0	0	0	0	0	0	0	0	0	0	0	0	0	0	0	0	0
Klebsiella_pneumoniae_subsp._rhinoscleromatis	0	0	0	0	0	0	0	0	0	0	0	0	0	0	0	0	0	0	0	0	0	0	0	0	0	0	0	0	0	0	0	0	0	0	0	0	0	0	0	0	0
Klebsiella_pneumoniae_subsp._rhinoscleromatis_SB3432	0	0	0	0	0	0	0	0	0	0	0	0	0	0	0	0	0	0	0	0	0	0	0	0	0	0	0	0	0	0	0	0	0	0	0	0	0	0	0	0	0
Legionella_anisa	0	0	0	0	0	0	0	0	0	0	0	0	0	0	0	0	0	0	0	0	0	0	0	0	0	0	0	0	0	0	0	0	0	0	0	0	0	0	0	0	0
Legionella_lansingensis	0	0	0	0	0	0	0	0	0	0	0	0	0	0	0	0	0	0	0	0	0	0	0	0	0	0	0	0	0	0	0	0	0	0	0	0	0	0	0	0	0
Legionella_pneumophila	0	0	0	0	0	0	0	0	0	0	0	0	0	0	0	0	0	0	0	0	0	0	0	0	0	0	0	0	0	0	0	0	0	0	0	0	0	0	0	0	0
Legionella_pneumophila_subsp._fraseri	0	0	0	0	0	0	0	0	0	0	0	0	0	0	0	0	0	0	0	0	0	0	0	0	0	0	0	0	0	0	0	0	0	0	0	0	0	0	0	0	0
Legionella_pneumophila_subsp._pneumophila	0	0	0	0	0	0	0	0	0	0	0	0	0	0	0	0	0	0	0	0	0	0	0	0	0	0	0	0	0	0	0	0	0	0	0	0	0	0	0	0	0
Leptospira_alexanderi	0	0	0	0	0	0	0	0	0	0	0	0	0	0	0	0	0	0	0	0	0	0	0	0	0	0	0	0	0	0	0	0	0	0	0	0	0	0	0	0	0
Leptospira_alstonii	0	0	0	0	0	0	0	0	0	0	0	0	0	0	0	0	0	0	0	0	0	0	0	0	0	0	0	0	0	0	0	0	0	0	0	0	0	0	0	0	0
Leptospira_biflexa	0	0	0	0	0	0	0	0	0	0	0	0	0	0	0	0	0	0	0	0	0	0	0	0	0	0	0	0	0	0	0	0	0	0	0	0	0	0	0	0	0
Leptospira_borgpetersenii	0	0	0	1.0	0	0	0	0	0	0	0	0	0	0	0	0	0	0	0	0	0.0	0.0	0.0	0.09090909090909091	0.09090909090909091	0.0	0.0	0.0	0.0	0.09090909090909091	0.0	0.0	0.0	0.0	0.0	0.0	0.0	0.0	0.0	0.0	1
Leptospira_borgpetersenii_serovar_Ceylonica	0	0	0	0	0	0	0	0	0	0	0	0	0	0	0	0	0.875	0	0.75	0	0.0	0.0	0.024793388429752063	0.0	0.0	0.0	0.0	0.0	0.0	0.0	0.0	0.024793388429752063	0.024793388429752063	0.0	0.0	0.05785123966942149	0.05785123966942149	0.0	0.024793388429752063	0.05785123966942149	11
Leptospira_broomii	0	0	0	0	0	0	0	0	0	0	0	0	0	0	0	0	0	0	0	0	0	0	0	0	0	0	0	0	0	0	0	0	0	0	0	0	0	0	0	0	0
Leptospira_fainei	0	0	0	0	0	0	0	0	0	0	0	0	0	0	0	0	0	0	0	0	0	0	0	0	0	0	0	0	0	0	0	0	0	0	0	0	0	0	0	0	0
Leptospira_inadai	0	0	0	0	0	0	0	0	0	0	0	0	0	0	0	0	0	0	0	0	0	0	0	0	0	0	0	0	0	0	0	0	0	0	0	0	0	0	0	0	0
Leptospira_interrogans	0	0	0	0.5	1.0	0	0	1.0	0	0	0	0	0	1.0	0	0.5263157894736842	0	0	0	0	0.0	0.0606060606060606	0.0	0.0303030303030303	0.0303030303030303	0.0303030303030303	0.0	0.0303030303030303	0.0	0.0	0.0030303030303030303	0.0	0.0	0.0030303030303030303	0.0	0.0303030303030303	0.0303030303030303	0.0	0.0303030303030303	0.0	30
Leptospira_kirschneri	0	0	0	0	0	0	0	0	0	0	0	0	0	0	0	0	0	0	0	0	0	0	0	0	0	0	0	0	0	0	0	0	0	0	0	0	0	0	0	0	0
Leptospira_kmetyi	0	0	0	0	0	0	0	0	0	0	0	0	0	0	0	0	0	0	0	0	0	0	0	0	0	0	0	0	0	0	0	0	0	0	0	0	0	0	0	0	0
Leptospira_licerasiae	0	0	0	0	0	0	0	0	0	0	0	0	0	0	0	0	0	0	0	0	0	0	0	0	0	0	0	0	0	0	0	0	0	0	0	0	0	0	0	0	0
Leptospira_noguchii	0	0	0	0	0	0	0	0	0	0	0	0	0	0	0	0	0	0	0	0	0	0	0	0	0	0	0	0	0	0	0	0	0	0	0	0	0	0	0	0	0
Leptospira_santarosai	0	0	0	0	0	0	0	0	0	0	0	0	0	0	0	0	0	0	0	0	0	0	0	0	0	0	0	0	0	0	0	0	0	0	0	0	0	0	0	0	0
Leptospira_weilii	0	0.6	0.7142857142857143	0	0	0	0	0	0	0	0	0	0	0	0	0	0.2857142857142857	0	0.5	0.6363636363636364	0.013636363636363636	0.013636363636363636	0.03636363636363636	0.0	0.013636363636363636	0.00909090909090909	0.00909090909090909	0.0	0.013636363636363636	0.013636363636363636	0.013636363636363636	0.0	0.00909090909090909	0.022727272727272728	0.0	0.01818181818181818	0.04090909090909091	0.045454545454545456	0.022727272727272728	0.031818181818181815	20
Leptospira_wolffii	0	0	0	0	0	0	0	0	0	0	0	0	0	0	0	0	0	0	0	0	0	0	0	0	0	0	0	0	0	0	0	0	0	0	0	0	0	0	0	0	0
Listeria_monocytogenes	0	0	0	0	0	0	0	0	0	0	0	0	0	0	0	0	0	0	0	0	0	0	0	0	0	0	0	0	0	0	0	0	0	0	0	0	0	0	0	0	0
Listeria_monocytogenes_6179	0	0	0	0	0	0	0	0	0	0	0	0	0	0	0	0	0	0	0	0	0	0	0	0	0	0	0	0	0	0	0	0	0	0	0	0	0	0	0	0	0
Lumpy_skin_disease_virus	0	0	0	0	0	0	0	0	0	0	0	0	0	0	0	0	0	0	0	0	0	0	0	0	0	0	0	0	0	0	0	0	0	0	0	0	0	0	0	0	0
Lymphocryptovirus	0	0	0	0	0	0	0	0	0	0	0	0	0	0	0	0	0	0	0	0	0	0	0	0	0	0	0	0	0	0	0	0	0	0	0	0	0	0	0	0	0
Mannheimia_haemolytica	0.803921568627451	0.6415094339622641	0.3464566929133858	0.19791666666666666	0.45454545454545453	0.03571428571428571	0.08	0	0	0.21818181818181817	0.08256880733944955	0.25882352941176473	0	0.09734513274336283	0.21978021978021978	0.25301204819277107	0.5084745762711864	0.2571428571428571	0.24175824175824176	0.30434782608695654	0.03947930004268032	0.02411438326931285	0.014297908664105847	0.01792573623559539	0.014297908664105847	0.014084507042253521	0.006615450277422109	0.012163892445582586	4.268032437046522E-4	0.01195049082373026	0.003201024327784891	0.012163892445582586	6.402048655569782E-4	0.013230900554844218	0.016005121638924456	0.008749466495945369	0.023047375160051217	0.013017498932991891	0.017285531370038413	0.01515151515151515	426
Mannheimia_haemolytica_D153	1.0	1.0	0	0	0	0	0	0	0	0	0	0	1.0	0	0	0	0	0	0	0	0.022727272727272724	0.06818181818181819	0.0	0.0	0.0	0.0	0.0	0.0	0.0	0.0	0.06060606060606061	0.0	0.022727272727272724	0.0	0.0	0.0	0.0	0.0	0.0	0.007575757575757576	12
Mannheimia_haemolytica_D174	0	0	0	0	1.0	0	0	0	0	0	0	0	0	0.75	1.0	0	1.0	0	0	0	0.0	0.0	0.0	0.0	0.01818181818181818	0.07272727272727272	0.0	0.0	0.0	0.0	0.0	0.0	0.0	0.05454545454545454	0.07272727272727272	0.0	0.05454545454545454	0.0	0.0	0.05454545454545454	5
Mannheimia_haemolytica_M42548	0	0	0	0	0	0	0	0	0	0	0	0	0	0	0	0	0	0	0	1.0	0.0	0.0	0.0	0.0	0.0	0.0	0.0	0.0	0.09090909090909091	0.0	0.0	0.0	0.0	0.06818181818181818	0.0	0.0	0.06818181818181818	0.0	0.0	0.06818181818181818	4
Mannheimia_haemolytica_USDA-ARS-USMARC-183	0	0	0	0	0	0	0	0	0	0	0	0	0	0	0	1.0	0.2222222222222222	0	0	0	0.0	0.0	0.0	0.0	0.01818181818181818	0.0	0.0	0.07272727272727272	0.0	0.0	0.0	0.0	0.08181818181818182	0.0	0.0	0.06363636363636363	0.02727272727272727	0.0	0.01818181818181818	0.0	10
Mannheimia_haemolytica_USMARC_2286	0	0	0	0	0	0	0	0	0	0	0	0	0	0	0	0	0	0	0.9	0	0.0	0.0	0.0	0.0	0.0	0.0	0.0	0.0	0.0	0.0	0.0	0.0	0.0	0.0	0.0	0.0	0.0	0.00909090909090909	0.08181818181818182	0.0	10
Measles_morbillivirus	0	0	0	0	0	0	0	0	0	0	0	0	0	0	0	0	0	0	0	0	0	0	0	0	0	0	0	0	0	0	0	0	0	0	0	0	0	0	0	0	0
Methanobrevibacter_oralis	0	0	0	0	0	0	0	0	0	0	0	0	0	0	0	0	0	0	0	0	0	0	0	0	0	0	0	0	0	0	0	0	0	0	0	0	0	0	0	0	0
Moraxella_catarrhalis	0	0	0	0	0	0	0	0	0	0	0	0	0	0	0	0	0	0	0	0	0	0	0	0	0	0	0	0	0	0	0	0	0	0	0	0	0	0	0	0	0
Moraxella_catarrhalis_BBH18	0	0	0	0	0	0	0	0	0	0	0	0	0	0	0	0	0	0	0	0	0	0	0	0	0	0	0	0	0	0	0	0	0	0	0	0	0	0	0	0	0
Morbillivirus	0	0	0	0	0	0	0	0	0	0	0	0	0	0	0	0	0	0	0	0	0	0	0	0	0	0	0	0	0	0	0	0	0	0	0	0	0	0	0	0	0
Mycobacterium_avium	0.19333333333333333	0.3176470588235294	0.30985915492957744	0.2647058823529412	0.32673267326732675	0	0	0.03488372093023256	0	0	0	0	0.06976744186046512	0	0	0.18803418803418803	0.1368421052631579	0.1323529411764706	0.46808510638297873	0.7272727272727273	0.02134986225895317	0.01756198347107438	0.01411845730027548	0.020661157024793386	0.020661157024793386	0.005165289256198346	0.009641873278236915	0.01893939393939394	0.01618457300275482	0.0065426997245179065	0.015495867768595042	0.006198347107438017	0.008264462809917356	0.012396694214876033	0.011707988980716254	0.01790633608815427	0.013085399449035813	0.008953168044077135	0.02169421487603306	0.03581267217630854	264
Mycobacterium_avium_subsp._avium	0	0	0	0	0	0	0	0	0	0	0	1.0	0	0	0	0	0	0	0	0	0.0	0.09090909090909091	0.09090909090909091	0.0	0.0	0.0	0.0	0.0	0.0	0.0	0.0	0.09090909090909091	0.0	0.09090909090909091	0.0	0.0	0.0	0.0	0.0	0.0	1
Mycobacterium_avium_subsp._hominissuis	0.6	0.09090909090909091	0	0	1.0	0	0.16666666666666666	0	0	0	0	0	0	0.75	0	0	0	1.0	0	1.0	0.01818181818181818	0.024242424242424242	0.0	0.006060606060606061	0.03636363636363636	0.0	0.012121212121212121	0.0	0.006060606060606061	0.0303030303030303	0.0	0.006060606060606061	0.0303030303030303	0.01818181818181818	0.0	0.0	0.006060606060606061	0.04242424242424243	0.0	0.01818181818181818	15
Mycobacterium_avium_subsp._paratuberculosis	1.0	0	0	1.0	0	0	0	0	0	0	0	0	0	0	0	0	0	0	0.3333333333333333	0.6	0.03787878787878788	0.0	0.03787878787878788	0.03787878787878788	0.0	0.04545454545454545	0.0	0.0	0.0	0.015151515151515152	0.0	0.0	0.0	0.0	0.007575757575757576	0.0	0.0	0.0	0.022727272727272724	0.022727272727272724	12
Mycobacterium_canettii	0	0	0	0	0	0	0	0	0	0	0	0	0	0	0	0	0	0	0.5	1.0	0.0	0.0	0.0	0.0	0.0	0.0	0.0	0.06060606060606061	0.030303030303030304	0.0	0.0	0.0	0.030303030303030304	0.030303030303030304	0.0	0.0	0.0	0.0	0.030303030303030304	0.06060606060606061	3
Mycobacterium_colombiense	0	0	0	0	0	0	0	0	0	0	0	0	0	0	0	0	0	0	0	0	0	0	0	0	0	0	0	0	0	0	0	0	0	0	0	0	0	0	0	0	0
Mycobacterium_colombiense_CECT_3035	0.4	0.5	0	0.25	0	0	0	0	0.4	0	0.2	0.2	0	0	0	0.6666666666666666	0.5	0.25	0	0.5	0.020202020202020204	0.020202020202020204	0.010101010101010102	0.020202020202020204	0.020202020202020204	0.0	0.0	0.0	0.020202020202020204	0.0	0.010101010101010102	0.010101010101010102	0.010101010101010102	0.0	0.010101010101010102	0.0303030303030303	0.010101010101010102	0.010101010101010102	0.0	0.010101010101010102	9
Mycobacterium_intracellulare	0.2926829268292683	0.3488372093023256	0.42857142857142855	0.45454545454545453	0.24324324324324326	0.05405405405405406	0	0	0	0	0	0	0	0	0	0.1875	0.28205128205128205	0.20512820512820512	0.07692307692307693	0.10526315789473684	0.02737047898338221	0.017595307917888565	0.021505376344086023	0.026392961876832845	0.017595307917888565	0.01270772238514174	0.015640273704789834	0.010752688172043012	0.004887585532746823	0.007820136852394917	0.0019550342130987292	0.009775171065493646	0.008797653958944282	0.014662756598240468	0.013685239491691105	0.008797653958944282	0.016617790811339198	0.013685239491691105	0.016617790811339198	0.009775171065493646	93
Mycobacterium_intracellulare_subsp._yongonense	0.5	0	0	0	0	0	0	0	0	0.2857142857142857	0	0	0	0	0	0	0	0.2857142857142857	0.5	1.0	0.045454545454545456	0.0	0.045454545454545456	0.0	0.0	0.0	0.0	0.0	0.01818181818181818	0.01818181818181818	0.0	0.0	0.0	0.0	0.0	0.0	0.02727272727272727	0.01818181818181818	0.00909090909090909	0.045454545454545456	10
Mycobacterium_kansasii	0	0.2222222222222222	0.6	0.7	0.2857142857142857	0	0	0	0	0	0	0	0	0.2	0	0.16666666666666666	0	0	0	0.4	0.004329004329004329	0.025974025974025972	0.021645021645021644	0.03463203463203463	0.025974025974025972	0.0	0.0	0.025974025974025972	0.004329004329004329	0.008658008658008658	0.004329004329004329	0.0	0.004329004329004329	0.008658008658008658	0.008658008658008658	0.008658008658008658	0.004329004329004329	0.030303030303030304	0.0	0.017316017316017316	21
Mycobacterium_leprae	0	0	0	0	0	0	0	0	0	0	0	0	0	0	0	0	0	0	0	0	0	0	0	0	0	0	0	0	0	0	0	0	0	0	0	0	0	0	0	0	0
Mycobacterium_leprae_Kyoto-2	0	0	0	0	0	0	0	0	0	0	0	0	0	0	0	0	0	0	0	0	0.0	0.0	0.0	0.0	0.0	0.0	0.0	0.0	0.0	0.0	0.0	0.0	0.0	0.0	0.0	0.0	0.0	0.0	0.0	0.0	1
Mycobacterium_marseillense	0.5	0	0.6666666666666666	0.3333333333333333	1.0	0.3333333333333333	0	1.0	0	0	0	0	0	0	0	0	0	0.6666666666666666	0	0	0.015151515151515152	0.0	0.030303030303030304	0.015151515151515152	0.030303030303030304	0.030303030303030304	0.0	0.015151515151515152	0.0	0.0	0.015151515151515152	0.015151515151515152	0.0	0.0	0.0	0.0	0.04545454545454545	0.030303030303030304	0.0	0.0	6
Mycobacterium_sp._JS623	0.5	0.6666666666666666	0	0	0.4	0	0	0	0	0	0	0	0	0.25	0	0	0.25	0.2	0	0.5	0.0303030303030303	0.04040404040404041	0.0	0.0	0.0303030303030303	0.020202020202020204	0.020202020202020204	0.0303030303030303	0.0	0.0	0.0303030303030303	0.010101010101010102	0.010101010101010102	0.010101010101010102	0.020202020202020204	0.020202020202020204	0.010101010101010102	0.020202020202020204	0.0303030303030303	0.0303030303030303	9
Mycobacterium_sp._YC-RL4	0.5	0.7142857142857143	0	0	0	0	0	0	0	0.5	0	0	0	0	0	0	0.25	0	0	0.6666666666666666	0.020202020202020204	0.050505050505050504	0.0	0.010101010101010102	0.010101010101010102	0.010101010101010102	0.0	0.010101010101010102	0.0	0.0303030303030303	0.0	0.020202020202020204	0.0	0.0303030303030303	0.020202020202020204	0.0	0.020202020202020204	0.0	0.010101010101010102	0.0303030303030303	9
Mycobacterium_tuberculosis	0	0.2727272727272727	0.18181818181818182	0.5714285714285714	0.3	0	0.25	0	0	0.14285714285714285	0	0	0	0	0	0	0.75	0.2222222222222222	0	0.5555555555555556	0.0	0.010489510489510488	0.013986013986013986	0.01748251748251748	0.024475524475524476	0.0	0.006993006993006993	0.006993006993006993	0.024475524475524476	0.006993006993006993	0.027972027972027972	0.0	0.010489510489510488	0.0	0.0	0.0034965034965034965	0.05244755244755244	0.010489510489510488	0.0	0.024475524475524476	26
Mycobacterium_tuberculosis_KZN_1435	0.3333333333333333	0	1.0	0	0	0	0	0	0	0	0	0	0	0	0	0	0	0	0	0	0.0303030303030303	0.0	0.0606060606060606	0.0303030303030303	0.0	0.0	0.0	0.0	0.0	0.0303030303030303	0.0	0.0	0.0	0.010101010101010102	0.0	0.010101010101010102	0.0	0.050505050505050504	0.010101010101010102	0.0	9
Mycobacterium_tuberculosis_complex	0.3333333333333333	0	0.8888888888888888	0	0	0	0	0	0	0	0	0	0	0	0	0.2962962962962963	0	0.40540540540540543	0.40625	0	0.03576751117734724	0.011922503725782414	0.029806259314456036	0.011922503725782414	0.007451564828614009	0.011922503725782414	0.0	0.0	0.0	0.0	0.011922503725782414	0.011922503725782414	0.011922503725782414	0.011922503725782414	0.040238450074515646	0.029806259314456036	0.0	0.022354694485842024	0.03725782414307005	0.011922503725782414	61
Mycobacterium_tuberculosis_variant_africanum	0	0	0	0	0	0	0	0	0	0	0	0	0	0	0	0	0	0	0	0	0	0	0	0	0	0	0	0	0	0	0	0	0	0	0	0	0	0	0	0	0
Mycobacterium_tuberculosis_variant_bovis	0	0	0	0	0	0	0	0	0	0	0	0	0	0	0	0	0	0	0	0	0	0	0	0	0	0	0	0	0	0	0	0	0	0	0	0	0	0	0	0	0
Mycobacteroides_abscessus	1.0	0	0.9090909090909091	0	0	0.08333333333333333	0	0	0.3225806451612903	0	0	0	0	0	0	0	0	0.05263157894736842	0.6428571428571429	0	0.046969696969696974	0.01515151515151515	0.01515151515151515	0.01515151515151515	0.0015151515151515152	0.0015151515151515152	0.01515151515151515	0.01515151515151515	0.01515151515151515	0.0015151515151515152	0.016666666666666666	0.0	0.01515151515151515	0.0303030303030303	0.05757575757575758	0.0	0.03181818181818182	0.0015151515151515152	0.04242424242424243	0.01515151515151515	60
Mycobacteroides_abscessus_subsp._abscessus	0.6666666666666666	0	0	0.4	0.875	0	0	0	0	0	0	0	0	0	0	0	0	0	0	0	0.009569377990430622	0.004784688995215311	0.009569377990430622	0.009569377990430622	0.07177033492822966	0.0	0.06698564593301436	0.023923444976076555	0.0	0.0430622009569378	0.0	0.0	0.0	0.0	0.0	0.019138755980861243	0.009569377990430622	0.0	0.0	0.0	19
Mycobacteroides_abscessus_subsp._bolletii	0	0	0	0	0	0	0	0	0	0	0	0	0	0	0	0	0.5	0	0.3333333333333333	0	0.06060606060606061	0.0	0.0	0.0	0.0	0.030303030303030304	0.0	0.06060606060606061	0.0909090909090909	0.0	0.0	0.0	0.0	0.0	0.0	0.0	0.030303030303030304	0.0	0.030303030303030304	0.0	3
Mycobacteroides_abscessus_subsp._bolletii_50594	0	0	0	0	0	0	0	0	0	0	0	0	0	0	0	0	0	0	0	0	0	0	0	0	0	0	0	0	0	0	0	0	0	0	0	0	0	0	0	0	0
Mycobacteroides_abscessus_subsp._massiliense	0.2857142857142857	0	1.0	0	0.6451612903225806	0	0	0	0	0	0	0	0	0	0	0	0	0	0	0	0.02346041055718475	0.05865102639296187	0.00879765395894428	0.0	0.05865102639296187	0.0	0.0	0.0	0.0	0.0	0.0	0.06451612903225806	0.02346041055718475	0.05865102639296187	0.002932551319648094	0.0	0.0	0.0	0.0	0.0	31
Mycobacteroides_abscessus_subsp._massiliense_CCUG_48898_=_JCM_15300	0	0	0	0	0	0	0	0	0	0	0	0	0	0	0	0	0	0	0	0	0	0	0	0	0	0	0	0	0	0	0	0	0	0	0	0	0	0	0	0	0
Mycoplasma_haemocanis	0	0	0	0	0	0	0	0	0	0	0	0	0	0	0	0	0	0	0	0	0	0	0	0	0	0	0	0	0	0	0	0	0	0	0	0	0	0	0	0	0
Mycoplasma_haemofelis	0	0	0	0	0	0	0	0	0	0	0	0	0	0	0	0	0	0	0	0	0	0	0	0	0	0	0	0	0	0	0	0	0	0	0	0	0	0	0	0	0
Mycoplasma_haemofelis_str._Langford_1	0	0	0	0	0	0	0	0	0	0	0	0	0	0	0	0	0	0	0	0	0	0	0	0	0	0	0	0	0	0	0	0	0	0	0	0	0	0	0	0	0
Mycoplasma_mycoides	0	0	0	0	0	0	0	0	0	0	0	0	0	0	0	0	0	0	0	0	0	0	0	0	0	0	0	0	0	0	0	0	0	0	0	0	0	0	0	0	0
Mycoplasma_ovipneumoniae	0	0	0	0	0	0	0	0	0	0	0	0	0	0	0	0	0	0	0	0	0	0	0	0	0	0	0	0	0	0	0	0	0	0	0	0	0	0	0	0	0
Mycoplasma_pneumoniae	0	0	0	0	0	0	0	0	0	0	0	0	0	0	0	0	0	0	0	0	0	0	0	0	0	0	0	0	0	0	0	0	0	0	0	0	0	0	0	0	0
Neisseria_elongata	0	0	0	0	0	0	0	0	0	0	0	0	0	0	0	0	0	0	0	0	0	0	0	0	0	0	0	0	0	0	0	0	0	0	0	0	0	0	0	0	0
Neisseria_elongata_subsp._glycolytica	0	0	0	0	0	0	0	0	0	0	0	0	0	0	0	0	0	0	0	0	0	0	0	0	0	0	0	0	0	0	0	0	0	0	0	0	0	0	0	0	0
Neisseria_gonorrhoeae	1.0	0	0	0.5714285714285714	0	0	0	0	0	0	0	0	0	0	0	0	0	0	0	0	0.03896103896103896	0.05194805194805195	0.05194805194805195	0.05194805194805195	0.0	0.0	0.0	0.03896103896103896	0.0	0.0	0.05194805194805195	0.0	0.0	0.03896103896103896	0.0	0.0	0.0	0.0	0.0	0.0	7
Neisseria_gonorrhoeae_NG-k51.05	0	1.0	0	0	0	0	0	0	0	0	0	0	0	0	0	0.9523809523809523	0	0	0	1.0	0.0	0.0909090909090909	0.0	0.0	0.0	0.0	0.0	0.0	0.0	0.0	0.0303030303030303	0.0	0.027272727272727275	0.0	0.0	0.0606060606060606	0.0	0.0	0.0606060606060606	0.027272727272727275	30
Neisseria_meningitidis	0.13043478260869565	1.0	0	0.7142857142857143	0	0	0	0	0	0	0	0	0	0	0	0.9523809523809523	0	0.04	0	0	0.02346041055718475	0.06451612903225806	0.014662756598240468	0.014662756598240468	0.0	0.0	0.0	0.0	0.002932551319648094	0.005865102639296188	0.011730205278592375	0.0	0.0	0.011730205278592375	0.002932551319648094	0.06158357771260997	0.002932551319648094	0.002932551319648094	0.0	0.0	31
Neisseria_meningitidis_M01-240355	0	0	0	0	0	0	0	0	0	0	0	0	0	0	0	0	0	0	0	0	0	0	0	0	0	0	0	0	0	0	0	0	0	0	0	0	0	0	0	0	0
Neisseria_meningitidis_serogroup_B	0	0	0	0	0	0	0	0	0	0	0	0	0	0	0	0	0	0	0	0	0	0	0	0	0	0	0	0	0	0	0	0	0	0	0	0	0	0	0	0	0
Neisseria_mucosa	0	0	0	0	0	0	0	0	0	0	0	0	0	0	0	0	0	0	0	0	0	0	0	0	0	0	0	0	0	0	0	0	0	0	0	0	0	0	0	0	0
Neisseria_sicca	0	0	0	0	0	0	0	0	0	0	0	0	0	0	0	0	0	0	0	0	0.0	0.0	0.0	0.0	0.0	0.0	0.0	0.0	0.09090909090909091	0.0	0.0	0.0	0.0	0.0	0.09090909090909091	0.0	0.09090909090909091	0.09090909090909091	0.0	0.09090909090909091	1
Neisseria_subflava	0	0	0	0	0	0	0	0	0	0	0	0	0	0	0	0	0	0	1.0	0	0.09090909090909091	0.0	0.0	0.0	0.0	0.0	0.0	0.0	0.0	0.0	0.0	0.045454545454545456	0.0	0.0	0.0	0.045454545454545456	0.0	0.0	0.045454545454545456	0.0	2
Neisseria_weaveri	0	0	1.0	0	0	0	0	0	0	0	0	0	0	0	0	0	0	0	0	0	0.0	0.0	0.09090909090909091	0.0	0.0	0.0	0.0	0.09090909090909091	0.0	0.0	0.0	0.0	0.0	0.0	0.0	0.0	0.0	0.0	0.0	0.0	2
Orthohepadnavirus	0	0	0	0	0	0	0	0	0	0	0	0	0	0	0	0	0	0	0	0	0	0	0	0	0	0	0	0	0	0	0	0	0	0	0	0	0	0	0	0	0
Orthopoxvirus	0	0	0	0	0	0	0	0	0	0	0	0	0	0	0	0	0	0	0	0	0	0	0	0	0	0	0	0	0	0	0	0	0	0	0	0	0	0	0	0	0
Paraavulavirus	0	0	0	0	0	0	0	0	0	0	0	0	0	0	0	0	0	0	0	0	0	0	0	0	0	0	0	0	0	0	0	0	0	0	0	0	0	0	0	0	0
Parvimonas_micra	0	0	0	0	0	0	0	0	0	0	0	0	0	0	0	0	0	0	0	0	0	0	0	0	0	0	0	0	0	0	0	0	0	0	0	0	0	0	0	0	0
Pasteurella_multocida	1.0	0.5714285714285714	0.75	0	0	0	0	0.5714285714285714	0	0	0.125	0	0	0	0	0.5	0	0	0	1.0	0.017316017316017316	0.017316017316017316	0.04329004329004329	0.03896103896103896	0.017316017316017316	0.012987012987012986	0.0	0.017316017316017316	0.012987012987012986	0.0	0.004329004329004329	0.017316017316017316	0.0	0.012987012987012986	0.017316017316017316	0.012987012987012986	0.0	0.0	0.0	0.04329004329004329	21
Pasteurella_multocida_subsp._gallicida	0	0	0	0	0	0	0	0	0	0	0	0	0	0	0	0	0	0	0	0	0.0	0.0	0.0	0.0	0.0	0.0	0.09090909090909091	0.0	0.0	0.0	0.0	0.0	0.09090909090909091	0.0	0.0	0.0	0.0	0.0	0.09090909090909091	0.0	1
Pasteurella_multocida_subsp._multocida	0	0	0	1.0	0	0	0	0	0	0	0	0	0	0	0	0	0	0	0	0	0.0	0.0	0.0	0.0909090909090909	0.0	0.0909090909090909	0.0	0.0	0.0909090909090909	0.0	0.0	0.0	0.0	0.06060606060606061	0.0	0.0	0.0	0.0	0.0	0.06060606060606061	3
Pasteurella_multocida_subsp._multocida_OH4807	1.0	0	0	1.0	0	0	0	0	0	1.0	0	0	0	0	0	0	0	0	0	0	0.045454545454545456	0.0	0.0	0.09090909090909091	0.045454545454545456	0.045454545454545456	0.09090909090909091	0.0	0.0	0.045454545454545456	0.0	0.0	0.0	0.09090909090909091	0.0	0.045454545454545456	0.0	0.0	0.0	0.045454545454545456	2
Pasteurella_multocida_subsp._multocida_P1062	0	0	1.0	0	0	0	0	0	0	0	0	0	0	0	0	0	0	0	0	0	0.0909090909090909	0.0	0.0909090909090909	0.0	0.0	0.0	0.0	0.0	0.0	0.0	0.0	0.0	0.0	0.0	0.0	0.015151515151515152	0.07575757575757576	0.0	0.015151515151515152	0.0	6
Pasteurella_multocida_subsp._multocida_str._3480	0	0	0	0	0	0	0	0	0	0	0	0	0	0	0	0	0	0	0	0	0	0	0	0	0	0	0	0	0	0	0	0	0	0	0	0	0	0	0	0	0
Pasteurella_multocida_subsp._multocida_str._Pm70	0	0	0	0	0	0	0	0	0	0	0	0	0	0	0	0	0	0	0	0	0	0	0	0	0	0	0	0	0	0	0	0	0	0	0	0	0	0	0	0	0
Peptostreptococcus_anaerobius	0	0	0	0	0	0	0	0	0	0	0	0	0	0	0	0	0	0	0	0	0	0	0	0	0	0	0	0	0	0	0	0	0	0	0	0	0	0	0	0	0
Polyomaviridae	0	0	0	0	0	0	0	0	0	0	0	0	0	0	0	0	0	0	0	0	0	0	0	0	0	0	0	0	0	0	0	0	0	0	0	0	0	0	0	0	0
Porphyromonas_gingivalis	0	0	1.0	0	1.0	0	0	0	1.0	0	0	0	0	0	0	0	0	0	0	0	0.0	0.0	0.07792207792207792	0.0	0.012987012987012988	0.0	0.0	0.0	0.012987012987012988	0.0	0.0	0.0	0.0	0.0	0.0	0.0	0.012987012987012988	0.0	0.0	0.07792207792207792	7
Porphyromonas_gingivalis_A7A1-28	0	0	0	0	0	0	0	0	0	0	0	0	0	0	0	0	0	0	0	0	0	0	0	0	0	0	0	0	0	0	0	0	0	0	0	0	0	0	0	0	0
Porphyromonas_gingivalis_AJW4	0	0	0	0	0	0	0	0	0	0	0	0	0	0	0	0	0	0	0	0	0.0	0.0	0.0	0.0	0.0	0.0	0.0	0.0	0.0	0.0	0.0	0.0	0.09090909090909091	0.0	0.0	0.0	0.0	0.0	0.0	0.0	1
Porphyromonas_gingivalis_W83	0	0	0	0	0	0	0	0	0	0	0	0	0	0	0	0	0	0	0	0	0	0	0	0	0	0	0	0	0	0	0	0	0	0	0	0	0	0	0	0	0
Rickettsia_africae	0	0	0	0	0	0	0	0	0	0	0	0	0	0	0	0	0	0	0	0	0	0	0	0	0	0	0	0	0	0	0	0	0	0	0	0	0	0	0	0	0
Rickettsia_akari	0	0	0	0	0	0	0	0	0	0	0	0	0	0	0	0	0	0	0	0	0	0	0	0	0	0	0	0	0	0	0	0	0	0	0	0	0	0	0	0	0
Rickettsia_conorii	0	0	0	0	0	0	0	0	0	0	0	0	0	0	0	0	0	0	0	0	0	0	0	0	0	0	0	0	0	0	0	0	0	0	0	0	0	0	0	0	0
Rickettsia_felis	0	0	0	0	0	0	0	0	0	0	0	0	0	0	0	0	0	0	0	0	0	0	0	0	0	0	0	0	0	0	0	0	0	0	0	0	0	0	0	0	0
Rickettsia_japonica	0	0	0	0	0	0	0	0	0	0	0	0	0	0	0	0	0	0	0	0	0	0	0	0	0	0	0	0	0	0	0	0	0	0	0	0	0	0	0	0	0
Rickettsia_prowazekii	0	0	0	0	0	0	0	0	0	0	0	0	0	0	0	0	0	0	0	0	0	0	0	0	0	0	0	0	0	0	0	0	0	0	0	0	0	0	0	0	0
Rickettsia_rickettsii	0	0	0	0	0	0	0	0	0	0	0	0	0	0	0	0	0	0	0	0	0	0	0	0	0	0	0	0	0	0	0	0	0	0	0	0	0	0	0	0	0
Rickettsia_sibirica	0	0	0	0	0	0	0	0	0	0	0	0	0	0	0	0	0	0	0	0	0	0	0	0	0	0	0	0	0	0	0	0	0	0	0	0	0	0	0	0	0
Rickettsia_typhi	0	0	0	0	0	0	0	0	0	0	0	0	0	0	0	0	0	0	0	0	0	0	0	0	0	0	0	0	0	0	0	0	0	0	0	0	0	0	0	0	0
Salmonella_enterica	0	1.0	0	1.0	0.047619047619047616	0	0	0	0	0	0	0	0	0	0	0	0	0	0	0	0.0	0.08677685950413223	0.0	0.004132231404958678	0.008264462809917356	0.0	0.0	0.0	0.0	0.0	0.0	0.0	0.004132231404958678	0.0	0.0	0.004132231404958678	0.0	0.0	0.0	0.0	22
Salmonella_enterica_subsp._VII	0	0	0	0	0	0	0	0	0	0	0	0	0	0	0	0	0	0	0	0	0	0	0	0	0	0	0	0	0	0	0	0	0	0	0	0	0	0	0	0	0
Salmonella_enterica_subsp._arizonae	0	0	0	0	0	0	0	0	0	0	0	0	0	0	0	0	0	0	0	0	0	0	0	0	0	0	0	0	0	0	0	0	0	0	0	0	0	0	0	0	0
Salmonella_enterica_subsp._diarizonae_serovar_61:k:1,5,(7)	1.0	0	0	0	0	0	0	0	0	0	0	0	0.3333333333333333	0	0	0	0	0	0	0	0.0909090909090909	0.0909090909090909	0.0	0.0	0.0	0.0	0.0	0.0	0.0	0.0	0.0	0.0	0.030303030303030304	0.0	0.0	0.0	0.0	0.0	0.0	0.0	3
Salmonella_enterica_subsp._enterica	0	0	0.5	0	0	0	0	0	0	1.0	0	0	0	0	0	0	0.47619047619047616	0	0	0.5	0.0	0.0	0.0303030303030303	0.0	0.0	0.0	0.0303030303030303	0.0303030303030303	0.0303030303030303	0.0909090909090909	0.0	0.0	0.0030303030303030303	0.0	0.0303030303030303	0.0030303030303030303	0.0303030303030303	0.0	0.0	0.0303030303030303	30
Salmonella_enterica_subsp._enterica_serovar_Choleraesuis	0	0	0	0	0	0	0	0	0	0	0	0	0	0	0	0	0	0	0	0	0	0	0	0	0	0	0	0	0	0	0	0	0	0	0	0	0	0	0	0	0
Salmonella_enterica_subsp._enterica_serovar_Fresno	0	0	0	0	0	0	0	0	0	0	0	0	0	0	0	0	0	0	0	0	0.0	0.09090909090909091	0.0	0.09090909090909091	0.0	0.0	0.0	0.0	0.0	0.0	0.0	0.0	0.0	0.0	0.0	0.0	0.0	0.0	0.0	0.0	1
Salmonella_enterica_subsp._enterica_serovar_Indiana	0	0	0	0	0	0	0	0	0	0	0	0	0	0	0	0	0	0	0	0	0	0	0	0	0	0	0	0	0	0	0	0	0	0	0	0	0	0	0	0	0
Salmonella_enterica_subsp._enterica_serovar_Kentucky	0	0	0	0	0	0	0	0	0	0	0	0	0	0	0	0	0	0	0	0	0	0	0	0	0	0	0	0	0	0	0	0	0	0	0	0	0	0	0	0	0
Salmonella_enterica_subsp._enterica_serovar_Saintpaul_str._SARA26	0	0	0	0	0	0	0	0	0	0	0	0	0	0	0	0	0	0	0	0	0	0	0	0	0	0	0	0	0	0	0	0	0	0	0	0	0	0	0	0	0
Salmonella_enterica_subsp._enterica_serovar_Typhi	0	0	0	0	0	0	0	0	0	0	0	0	0	0	0	0	0	0	0	0	0.0	0.09090909090909091	0.0	0.0	0.0	0.0	0.0	0.09090909090909091	0.0	0.0	0.0	0.0	0.0	0.0	0.0	0.0	0.0	0.0	0.0	0.0	1
Salmonella_enterica_subsp._enterica_serovar_Typhimurium	0	0	0	0	0	0	0	0	0	0	0	0	0	0	0	0	0	0	0	0	0	0	0	0	0	0	0	0	0	0	0	0	0	0	0	0	0	0	0	0	0
Salmonella_enterica_subsp._enterica_serovar_Typhimurium_var._5-_str._CFSAN001921	0	0	0	0	0	0	0	0	0	0	0	0	0	0	0	0	0	0	0	0	0	0	0	0	0	0	0	0	0	0	0	0	0	0	0	0	0	0	0	0	0
Salmonella_enterica_subsp._salamae	0	0	0	0	0	0	0	0	0	0	0	0	0	0	0	0	0	0	0	0	0	0	0	0	0	0	0	0	0	0	0	0	0	0	0	0	0	0	0	0	0
Salmonella_enterica_subsp._salamae_serovar_55:k:z39_str._1315K	0	0	0	0	0	0	0	0	0	0	0	0	0	0	0	0	0	0	0	0	0	0	0	0	0	0	0	0	0	0	0	0	0	0	0	0	0	0	0	0	0
Sheeppox_virus	0	0	0	0	0	0	0	0	0	0	0	0	0	0	0	0	0	0	0	0	0	0	0	0	0	0	0	0	0	0	0	0	0	0	0	0	0	0	0	0	0
Shigella_boydii	0	0	0	0	0	0	0	0	0	0	0	0	0	0	0	0	0	0	0	0	0	0	0	0	0	0	0	0	0	0	0	0	0	0	0	0	0	0	0	0	0
Shigella_dysenteriae	0	0	0	0	0	0	0	0	0	0	0	0	0	0	0	0	0	0	0	0	0	0	0	0	0	0	0	0	0	0	0	0	0	0	0	0	0	0	0	0	0
Shigella_flexneri	0	0	0	0	0	0	0	0	0	0	0	0	0	0	0	0	0	0	0	0	0	0	0	0	0	0	0	0	0	0	0	0	0	0	0	0	0	0	0	0	0
Shigella_sonnei	0	0	0	0	0	0	0	0	0	0	0	0	0	0	0	0	0	0	0	0	0	0	0	0	0	0	0	0	0	0	0	0	0	0	0	0	0	0	0	0	0
Simian_virus_12	0	0	0	0	0	0	0	0	0	0	0	0	0	0	0	0	0	0	0	0	0	0	0	0	0	0	0	0	0	0	0	0	0	0	0	0	0	0	0	0	0
Staphylococcus_aureus	0	1.0	0	0	0	0	0	0	0	0	0	0	0	0	0	0	0	0	0	0	0.0	0.09090909090909091	0.0	0.0	0.0	0.0	0.0	0.0	0.0	0.0	0.0	0.045454545454545456	0.0	0.0	0.0	0.0	0.0	0.0	0.0	0.0	2
Staphylococcus_cohnii	0	0	0	0	0	0	0	0	0	0	0	0	0	0	0	0	0	0	0	0	0	0	0	0	0	0	0	0	0	0	0	0	0	0	0	0	0	0	0	0	0
Staphylococcus_epidermidis	0	0	0	0	0	0	0	0	0	0	0	0	0	0	0	0	0	0	0	0	0	0	0	0	0	0	0	0	0	0	0	0	0	0	0	0	0	0	0	0	0
Staphylococcus_equorum	0	0	0	0	0	0	0	0	0	0	0	0	0	0	0	0	0	0	0	0	0	0	0	0	0	0	0	0	0	0	0	0	0	0	0	0	0	0	0	0	0
Staphylococcus_hominis	0	0	0	0	0	0	0	0	0	0	0	0	0	0	0	0	0	0	0	0	0	0	0	0	0	0	0	0	0	0	0	0	0	0	0	0	0	0	0	0	0
Staphylococcus_hominis_subsp._hominis	0	0	0	0	0	0	0	0	0	0	0	0	0	0	0	0	0	0	0	0	0	0	0	0	0	0	0	0	0	0	0	0	0	0	0	0	0	0	0	0	0
Staphylococcus_nepalensis	0	0	0	0	0	0	0	0	0	0	0	0	0	0	0	0	0	0	0	0	0	0	0	0	0	0	0	0	0	0	0	0	0	0	0	0	0	0	0	0	0
Staphylococcus_saprophyticus	0	0	0	0	0	0	0	0	0	0	0	0	0	0	0	0	0	0	0	0	0	0	0	0	0	0	0	0	0	0	0	0	0	0	0	0	0	0	0	0	0
Staphylococcus_simulans	0	0	0	0	0	0	0	0	0	0	0	0	0	0	0	0	0	0	0	0	0	0	0	0	0	0	0	0	0	0	0	0	0	0	0	0	0	0	0	0	0
Staphylococcus_succinus	0	0	0	0	0	0	0	0	0	0	0	0	0	0	0	0	0	0	0	0	0	0	0	0	0	0	0	0	0	0	0	0	0	0	0	0	0	0	0	0	0
Streptococcus_agalactiae	0	0	0	0	0	0	0	0	0	0	0	0	0	0	0	0	0	0	0	0	0	0	0	0	0	0	0	0	0	0	0	0	0	0	0	0	0	0	0	0	0
Streptococcus_agalactiae_NEM316	0	0	0	0	0	0	0	0	0	0	0	0	0	0	0.875	0	0	0	0	0.875	0.0	0.0	0.0	0.0	0.0	0.0	0.0	0.0	0.0	0.0	0.0	0.0	0.0	0.0	0.07954545454545454	0.0	0.0	0.09090909090909091	0.0	0.07954545454545454	8
Streptococcus_anginosus	0	0	0	0	1.0	0	0	0	0	0	0	0	0	0	0	0	0	0	0	0	0.0	0.0	0.0	0.0	0.09090909090909091	0.0	0.0	0.0	0.0	0.0	0.0	0.0	0.0	0.0	0.0	0.0	0.0	0.0	0.0	0.0	1
Streptococcus_anginosus_C1051	0	0	0	0	0	0	0	0	0	0	0	0	0	0	0	0	0	0	0	0	0	0	0	0	0	0	0	0	0	0	0	0	0	0	0	0	0	0	0	0	0
Streptococcus_canis	1.0	0	0	0	0	0	0	0	0	0	0	0	0	0	0	0	0	0	0	0	0.09090909090909091	0.0	0.0	0.0	0.09090909090909091	0.0	0.0	0.0	0.0	0.09090909090909091	0.0	0.0	0.09090909090909091	0.0	0.0	0.09090909090909091	0.09090909090909091	0.0	0.0	0.0	1
Streptococcus_cristatus	0	1.0	0	0	0	0	0	0	0	0	0	0	0	0	0	0	0	0	0	0	0.0	0.09090909090909091	0.0	0.0	0.0	0.0	0.0	0.0	0.0	0.0	0.0	0.0	0.0	0.045454545454545456	0.0	0.045454545454545456	0.0	0.0	0.0	0.045454545454545456	2
Streptococcus_cristatus_AS_1.3089	0	0	0	0	0	0	0	0	0	0	0	0	0	0	0	0	0	0	0	0	0	0	0	0	0	0	0	0	0	0	0	0	0	0	0	0	0	0	0	0	0
Streptococcus_cristatus_ATCC_51100	0	0	1.0	0	0	1.0	0	0	0	0	0	0	0	0	0	0	0	0	0	0	0.0	0.0	0.09090909090909091	0.0	0.0	0.09090909090909091	0.0	0.0	0.0	0.0	0.0	0.0	0.0	0.0	0.0	0.0	0.0	0.0	0.0	0.0	1
Streptococcus_dysgalactiae	0	0	0	0	0	0	0	0	0	0	0	0	0	0	0	0	0	0	0	0	0.0	0.0	0.0	0.0	0.0	0.0	0.0	0.0	0.0	0.0	0.0	0.09090909090909091	0.0	0.0	0.0	0.0	0.0	0.0	0.0	0.0	1
Streptococcus_dysgalactiae_subsp._dysgalactiae	1.0	0.4	1.0	0	0.6666666666666666	0	0	0	0	0	0	0	0	0	0	0	0	0	0	0	0.012987012987012988	0.025974025974025976	0.012987012987012988	0.025974025974025976	0.05194805194805195	0.0	0.0	0.0	0.0	0.0	0.0	0.0	0.0	0.0	0.012987012987012988	0.025974025974025976	0.0	0.025974025974025976	0.03896103896103896	0.0	7
Streptococcus_dysgalactiae_subsp._equisimilis	0	1.0	0	0	0	0	0	0	0	0	0	0	0	0	0	0	0	0	0	0	0.0	0.0909090909090909	0.0	0.0	0.0909090909090909	0.0	0.0	0.0	0.0	0.0	0.0	0.0	0.0	0.0	0.0	0.06060606060606061	0.0	0.0	0.0	0.0	3
Streptococcus_equi	0	0	0	0	0	0	0	0	0	0	0	0	1.0	0	0	1.0	0	0	0	0	0.0	0.0	0.0	0.0	0.0	0.0	0.0	0.0	0.0	0.0909090909090909	0.0	0.0	0.0030303030303030303	0.0	0.0	0.08787878787878788	0.0	0.0	0.0	0.0	30
Streptococcus_equi_subsp._equi	0	0	0	0	0	0	0	0	0	0	0	0	0	0	0	0	0	0	0	0	0	0	0	0	0	0	0	0	0	0	0	0	0	0	0	0	0	0	0	0	0
Streptococcus_equi_subsp._zooepidemicus	0	0	0.8	0	0	0	0	0	0	0	0	0	0	0	0	0	1.0	0	0	0	0.015151515151515152	0.0	0.06060606060606061	0.0	0.0	0.0	0.0	0.0	0.015151515151515152	0.0	0.0	0.0	0.0	0.0	0.0	0.0	0.015151515151515152	0.0	0.0	0.0	6
Streptococcus_equi_subsp._zooepidemicus_MGCS10565	1.0	0	0	0	0	0	0	0	0	0	0	0	0	0	0	0	0	0	0	0	0.09090909090909091	0.0	0.0	0.0	0.0	0.0	0.0	0.09090909090909091	0.0	0.0	0.0	0.0	0.0	0.0	0.0	0.0	0.0	0.0	0.0	0.0	1
Streptococcus_gallolyticus	0	0	0	0	1.0	0	0	0	0	0	0	0	0	0	0	0	0	0	0	0	0.0	0.0	0.0	0.0	0.09090909090909091	0.0	0.0	0.0	0.0	0.0	0.0	0.0	0.0	0.0	0.0	0.0	0.09090909090909091	0.0	0.0	0.0	1
Streptococcus_gallolyticus_UCN34	0	0	0	0	0	0	0	0	0	0	0	0	0	0	0	0	0	0	0	0	0	0	0	0	0	0	0	0	0	0	0	0	0	0	0	0	0	0	0	0	0
Streptococcus_gordonii	0	0.8571428571428571	0	0	1.0	0	0	0	0	0	0	0	0	0	0	1.0	0	0	0	0	0.0	0.06818181818181818	0.0	0.07954545454545454	0.022727272727272728	0.0	0.0	0.0	0.0	0.0	0.06818181818181818	0.0	0.0	0.0	0.0	0.022727272727272728	0.056818181818181816	0.011363636363636364	0.011363636363636364	0.056818181818181816	8
Streptococcus_gordonii_str._Challis_substr._CH1	0	0	0	0	0	0	0	0	0	0	0	0	0	0	0	0	0	0	0	0	0	0	0	0	0	0	0	0	0	0	0	0	0	0	0	0	0	0	0	0	0
Streptococcus_intermedius	0	0	0	0	0	0	0	0	0	0	0	0	0	0	0	0	0	0	0	0	0	0	0	0	0	0	0	0	0	0	0	0	0	0	0	0	0	0	0	0	0
Streptococcus_intermedius_B196	0	0	0	0	0	0	0	0	0	0	0	0	0	0	0	0	0	0	0	0	0	0	0	0	0	0	0	0	0	0	0	0	0	0	0	0	0	0	0	0	0
Streptococcus_lutetiensis	0	0	0	0	0	0	0	0	0	0	0	0	0	0	0	0	0	0	0	0	0	0	0	0	0	0	0	0	0	0	0	0	0	0	0	0	0	0	0	0	0
Streptococcus_milleri	0	0	0	0	0	0	0	0	0	0	0	0	0	0	0	0	0	0	0	0	0	0	0	0	0	0	0	0	0	0	0	0	0	0	0	0	0	0	0	0	0
Streptococcus_mitis	1.0	0.5	1.0	0	0	0	0	0	0	0.25	0	0	0	0	0	0	0	0	0	0	0.05454545454545454	0.01818181818181818	0.01818181818181818	0.01818181818181818	0.0	0.0	0.01818181818181818	0.0	0.0	0.01818181818181818	0.0	0.03636363636363636	0.0	0.0	0.05454545454545454	0.03636363636363636	0.01818181818181818	0.0	0.01818181818181818	0.0	5
Streptococcus_mitis_B6	1.0	0	0	0	0	0	0	0	0	0	0	0	0	0	0	0	0	0	0	0	0.09090909090909091	0.0	0.0	0.0	0.0	0.0	0.0	0.0	0.0	0.0	0.0	0.0	0.0	0.0	0.0	0.0	0.0	0.0	0.0	0.0	2
Streptococcus_mutans	0	0	0	1.0	0	0	0	0	0	0	0	0	0	0	0	0	0	0	0	0	0.0	0.0	0.0	0.09090909090909091	0.0	0.09090909090909091	0.0	0.0	0.0	0.0	0.0	0.06818181818181818	0.0	0.0	0.0	0.0	0.0	0.0	0.0	0.0	4
Streptococcus_mutans_UA159	0	0	0	0	0	0	0	0	0	0	0	0	0	0	0	0	0	0	0	0	0	0	0	0	0	0	0	0	0	0	0	0	0	0	0	0	0	0	0	0	0
Streptococcus_oralis	1.0	0	1.0	1.0	1.0	0	0	0	0	0	0	0	0	0	0	0	0	0	0	0	0.06818181818181818	0.0	0.045454545454545456	0.022727272727272728	0.022727272727272728	0.022727272727272728	0.022727272727272728	0.0	0.0	0.022727272727272728	0.0	0.0	0.022727272727272728	0.0	0.0	0.045454545454545456	0.0	0.0	0.022727272727272728	0.022727272727272728	4
Streptococcus_oralis_ATCC_35037	1.0	0	0	0	0	0	0	1.0	0	0	0	0	0	0	0	0	0	0	0	0	0.0909090909090909	0.0909090909090909	0.0	0.0	0.0	0.0	0.0	0.0909090909090909	0.0	0.0	0.0	0.0	0.0	0.0	0.0	0.0	0.0909090909090909	0.07575757575757576	0.0	0.0	6
Streptococcus_oralis_subsp._oralis	0	0	0	1.0	0	0	0	0	0	0	0	0	0	0	0	0	0	0	0	0	0.09090909090909091	0.0	0.0	0.09090909090909091	0.0	0.0	0.0	0.0	0.0	0.0	0.0	0.0	0.0	0.0	0.0	0.0	0.0	0.0	0.0	0.0	1
Streptococcus_oralis_subsp._tigurinus	0	0	0	0	0	0	0	0	0	0	0	0	0	0	0	0	0	0	0	0	0	0	0	0	0	0	0	0	0	0	0	0	0	0	0	0	0	0	0	0	0
Streptococcus_parauberis	0	0	0	1.0	0	0	0	0	0	0	0	0	0	0	0	0	0	0	0	0	0.0	0.09090909090909091	0.0	0.09090909090909091	0.0	0.0	0.0	0.0	0.0	0.0	0.0	0.0	0.0	0.0	0.0	0.0	0.0	0.0	0.0	0.0	1
Streptococcus_parauberis_NCFD_2020	0	0	0	0	0	0	0	0	0	0	0	0	0	0	0	0	0	0	0	0	0.0	0.0	0.0	0.0	0.0	0.0	0.0	0.0	0.0	0.0	0.0	0.0	0.09090909090909091	0.0	0.0	0.0	0.0	0.0	0.0	0.0	1
Streptococcus_pneumoniae	1.0	0	0.09090909090909091	0	0	0	0	0	0	0	0	0	0	0	1.0	0	0	0.9523809523809523	1.0	0	0.003952569169960474	0.0	0.007905138339920948	0.0	0.0	0.07905138339920949	0.0	0.003952569169960474	0.07905138339920949	0.0	0.0	0.0	0.0	0.0	0.003952569169960474	0.0	0.0	0.07905138339920949	0.011857707509881422	0.0	23
Streptococcus_pneumoniae_670-6B	0	0	0	0	0	0	0	0	0	0	0	0	0	0	0	0	0	0	0	0	0	0	0	0	0	0	0	0	0	0	0	0	0	0	0	0	0	0	0	0	0
Streptococcus_pneumoniae_TIGR4	0	0	0	0	0	0	0	0	0	0	0	0	0	0	0	0	0	0	0	0	0	0	0	0	0	0	0	0	0	0	0	0	0	0	0	0	0	0	0	0	0
Streptococcus_pyogenes	0	0	0	0	0	0	0	0	0	0	0	0	0	0	0	0	0	0	0	0	0	0	0	0	0	0	0	0	0	0	0	0	0	0	0	0	0	0	0	0	0
Streptococcus_pyogenes_HKU_QMH11M0907901	0	0	0	0	0	0	0	0	0	0	0	0	0	0	0	0	0	0	0	0	0	0	0	0	0	0	0	0	0	0	0	0	0	0	0	0	0	0	0	0	0
Streptococcus_pyogenes_JRS4	0	0	0	0	0	0	0	0	0	0	0	0	0	0	0	0	0	0	0	0	0	0	0	0	0	0	0	0	0	0	0	0	0	0	0	0	0	0	0	0	0
Streptococcus_pyogenes_MGAS10394	0	0	0	0	0	0	0	0	0	0	0	0	0	0	0	0	0	0	0	0	0	0	0	0	0	0	0	0	0	0	0	0	0	0	0	0	0	0	0	0	0
Streptococcus_salivarius	1.0	0	0	0	0	0	0	0	0	0	0	0	0	1.0	0	0	1.0	0	0	0	0.07272727272727272	0.01818181818181818	0.0	0.0	0.0	0.0	0.0	0.0	0.0	0.0	0.05454545454545454	0.0	0.0	0.03636363636363636	0.0	0.0	0.01818181818181818	0.0	0.0	0.03636363636363636	5
Streptococcus_salivarius_57.I	0	0	0	0	0	0	0	0	0	0	0	0	0	0	0	0	0	0	0	0	0	0	0	0	0	0	0	0	0	0	0	0	0	0	0	0	0	0	0	0	0
Streptococcus_salivarius_JIM8777	0	0	0	0	0	0	0	0	0	0	0	0	0	0	0	0	0	0	0	0	0	0	0	0	0	0	0	0	0	0	0	0	0	0	0	0	0	0	0	0	0
Streptococcus_sanguinis	0	1.0	1.0	0	0.5	0	0	0	0	0	0	1.0	0	0	0	0.5	0	0	0	0	0.0	0.022727272727272728	0.022727272727272728	0.0	0.022727272727272728	0.0	0.0	0.0	0.0	0.0	0.022727272727272728	0.022727272727272728	0.0	0.0	0.045454545454545456	0.045454545454545456	0.022727272727272728	0.045454545454545456	0.0	0.0	4
Streptococcus_sanguinis_SK36	0	0	0	0	1.0	1.0	0	0	0	0	0	0	0	0	0	0	0	0	0	0	0.0	0.0	0.0	0.0	0.09090909090909091	0.09090909090909091	0.0	0.0	0.0	0.0	0.0	0.0	0.0	0.0	0.0	0.0	0.0	0.0	0.07792207792207792	0.07792207792207792	7
Streptococcus_sp._HSISM1	0	0	0	0	0	0	0	0	0	0	0	0	0	0	0	0	0	0	0	0	0	0	0	0	0	0	0	0	0	0	0	0	0	0	0	0	0	0	0	0	0
Streptococcus_suis	0.8823529411764706	0.9090909090909091	0.3333333333333333	1.0	0	0	0	0	0.14285714285714285	0.8333333333333334	0	0	0	0	0.8181818181818182	0.18181818181818182	0.6666666666666666	0	0.16666666666666666	0.875	0.028409090909090908	0.04971590909090909	0.0014204545454545455	0.015625	0.005681818181818182	0.0	0.019886363636363636	0.004261363636363636	0.002840909090909091	0.017045454545454544	0.011363636363636364	0.002840909090909091	0.017045454545454544	0.007102272727272727	0.02556818181818182	0.009943181818181818	0.014204545454545454	0.0	0.011363636363636364	0.032670454545454544	64
Streptococcus_suis_05HAS68	0	0	0	0	0	0	0	0	0	0	0	0	0	0	0	0	0	0	0	0	0	0	0	0	0	0	0	0	0	0	0	0	0	0	0	0	0	0	0	0	0
Streptococcus_suis_6407	0	0	0	0	0	0	0	0	0	0	0	0	0	0	0	0	0	0	0	0	0	0	0	0	0	0	0	0	0	0	0	0	0	0	0	0	0	0	0	0	0
Streptococcus_suis_D12	0	0	0	0	0	0	0	0	0	0	0	0	0	0	0	0	0	0	0	0	0	0	0	0	0	0	0	0	0	0	0	0	0	0	0	0	0	0	0	0	0
Streptococcus_suis_D9	0	0	0	0	0	0	0	0	0	0	0	0	0	0	0	0	0	0	0	0	0	0	0	0	0	0	0	0	0	0	0	0	0	0	0	0	0	0	0	0	0
Streptococcus_suis_ST1	0	0	0	0	0	0	0	0	0	0	0	0	0	0	0	0	0	0	0	0	0	0	0	0	0	0	0	0	0	0	0	0	0	0	0	0	0	0	0	0	0
Streptococcus_suis_T15	0	0	0	1.0	0	0	0	0	0	0	0	0	0	0	0	0	0	0	0	0	0.09090909090909091	0.0	0.0	0.09090909090909091	0.0	0.0	0.0	0.0	0.0	0.0	0.0	0.0	0.0	0.0	0.0	0.0	0.0	0.0	0.0	0.0	1
Streptococcus_suis_TL13	0	0	1.0	1.0	1.0	0	1.0	1.0	0	0	0	0	0	0	0	0.4	0	0	0	0	0.0	0.0	0.07575757575757576	0.06060606060606061	0.015151515151515152	0.0	0.015151515151515152	0.030303030303030304	0.04545454545454545	0.0	0.0	0.030303030303030304	0.0	0.0	0.0	0.030303030303030304	0.030303030303030304	0.015151515151515152	0.030303030303030304	0.015151515151515152	6
Streptococcus_suis_YB51	0	0	0	0	0	0	0	0	0	0	0	0	0	0	0	0	0	0	0	0	0	0	0	0	0	0	0	0	0	0	0	0	0	0	0	0	0	0	0	0	0
Streptococcus_thermophilus	0	0	0	0	1.0	0	0	0	0	0	0	0	0	0	0	0	0	0	0	0	0.0	0.0	0.0	0.0	0.09090909090909091	0.0	0.0	0.0	0.0	0.0	0.045454545454545456	0.045454545454545456	0.045454545454545456	0.0	0.0	0.0	0.0	0.0	0.0	0.045454545454545456	2
Streptococcus_thermophilus_1F8CT	0	0	0	0	0	0	0	0	0	0	0	0	0	0	0	0	0	0	0	0	0	0	0	0	0	0	0	0	0	0	0	0	0	0	0	0	0	0	0	0	0
Streptococcus_thermophilus_ND03	0	0	0	0	0	0	0	0	0	0	0	0	0	0	0	0	0	0	0	0	0	0	0	0	0	0	0	0	0	0	0	0	0	0	0	0	0	0	0	0	0
Tannerella_forsythia	0	0	0	0	0	0	0	0	0	0	0	0	0	0	0	0	0	0	0	0	0	0	0	0	0	0	0	0	0	0	0	0	0	0	0	0	0	0	0	0	0
Tannerella_forsythia_92A2	0	0	0	0	0	0	0	0	0	0	0	0	0	0	0	0	0	0	0	0	0	0	0	0	0	0	0	0	0	0	0	0	0	0	0	0	0	0	0	0	0
Tannerella_forsythia_KS16	0	0	0	0	0	0	0	0	0	0	0	0	0	0	0	0	0	0	0	0	0	0	0	0	0	0	0	0	0	0	0	0	0	0	0	0	0	0	0	0	0
Treponema	0	0	0	0	0	0	0	0	0	0	0	0	0	0	0	0	0	0	0	0	0	0	0	0	0	0	0	0	0	0	0	0	0	0	0	0	0	0	0	0	0
Treponema_azotonutricium_ZAS-9	0	0	0	0	0	0	0	0	0	0	0	0	0	0	0	0	0	0	0	0	0	0	0	0	0	0	0	0	0	0	0	0	0	0	0	0	0	0	0	0	0
Treponema_brennaborense_DSM_12168	0	0	0	0	0	0	0	0	0	0	0	0	0	0	0	0	0	0	0	0	0	0	0	0	0	0	0	0	0	0	0	0	0	0	0	0	0	0	0	0	0
Treponema_caldarium_DSM_7334	0	0	0	0	0	0	0	0	0	0	0	0	0	0	0	0	0	0	0	0	0	0	0	0	0	0	0	0	0	0	0	0	0	0	0	0	0	0	0	0	0
Treponema_denticola	0	0	0	0	0	0	0	0	0	0	0	0	0	0	0	0	0	0	0	0	0	0	0	0	0	0	0	0	0	0	0	0	0	0	0	0	0	0	0	0	0
Treponema_denticola_ATCC_35405	0	0	0	0	0	0	0	0	0	0	0	0	0	0	0	0	0	0	0	0	0	0	0	0	0	0	0	0	0	0	0	0	0	0	0	0	0	0	0	0	0
Treponema_denticola_H-22	0	0	0	0	0	0	0	0	0	0	0	0	0	0	0	0	0	0	0	0	0	0	0	0	0	0	0	0	0	0	0	0	0	0	0	0	0	0	0	0	0
Treponema_pallidum	0	0	0	0	0	0	0	0	0	0	0	0	0	0	0	0	0	0	0	0	0	0	0	0	0	0	0	0	0	0	0	0	0	0	0	0	0	0	0	0	0
Treponema_pallidum_subsp._pallidum	0	0	0	0	0	0	0	0	0	0	0	0	0	0	0	0	0	0	0	0	0	0	0	0	0	0	0	0	0	0	0	0	0	0	0	0	0	0	0	0	0
Treponema_pallidum_subsp._pertenue	0	0	0	0	0	0	0	0	0	0	0	0	0	0	0	0	0	0	0	0	0	0	0	0	0	0	0	0	0	0	0	0	0	0	0	0	0	0	0	0	0
Treponema_parvum	0	0	0	0	0	0	0	0	0	0	0	0	0	0	0	0	0	0	0	0	0	0	0	0	0	0	0	0	0	0	0	0	0	0	0	0	0	0	0	0	0
Treponema_pedis	0	0	0	0	0	0	0	0	0	0	0	0	0	0	0	0	0	0	0	0	0	0	0	0	0	0	0	0	0	0	0	0	0	0	0	0	0	0	0	0	0
Treponema_phagedenis	0	0	0	0	0	0	0	0	0	0	0	0	0	0	0	0	0	0	0	0	0	0	0	0	0	0	0	0	0	0	0	0	0	0	0	0	0	0	0	0	0
Treponema_primitia_ZAS-2	0	0	0	0	0	0	0	0	0	0	0	0	0	0	0	0	0	0	0	0	0	0	0	0	0	0	0	0	0	0	0	0	0	0	0	0	0	0	0	0	0
Treponema_ruminis	0	0	0	0	0	0	0	0	0	0	0	0	0	0	0	0	0	0	0	0	0	0	0	0	0	0	0	0	0	0	0	0	0	0	0	0	0	0	0	0	0
Treponema_socranskii_subsp._buccale	0	0	0	0	1.0	0	0	0	0	0	0	0	0	0	0	0	0	0	0	0	0.0	0.0	0.0	0.0	0.09090909090909091	0.0	0.0	0.0	0.0	0.0	0.0	0.0	0.0	0.0	0.0	0.0	0.0	0.0	0.0	0.0	1
Treponema_sp._OMZ_838	0	0	0	0	0	0	0	0	0	0	0	0	0	0	0	0	0	0	0	0	0	0	0	0	0	0	0	0	0	0	0	0	0	0	0	0	0	0	0	0	0
Treponema_succinifaciens_DSM_2489	0	0	0	0	0	0	0	0	0	0	0	0	0	0	0	0	0	0	0	0	0.0	0.0	0.0	0.0	0.09090909090909091	0.0	0.0	0.0	0.0	0.0	0.0	0.0	0.0	0.0	0.0	0.0	0.0	0.09090909090909091	0.0	0.0	1
Veillonella_parvula	0	0	0	0	0	0	0	0	0	0	0	0	0	0	0	0	0	0	0	0	0	0	0	0	0	0	0	0	0	0	0	0	0	0	0	0	0	0	0	0	0
Vesicular_stomatitis_Indiana_virus	0	0	0	0	0	0	0	0	0	0	0	0	0	0	0	0	0	0	0	0	0	0	0	0	0	0	0	0	0	0	0	0	0	0	0	0	0	0	0	0	0
Vibrio_anguillarum	0	0	0	0	0	0	0	0	0	0	0	0	0	0	0	0	0	0	0	0	0.0	0.0	0.09090909090909091	0.0	0.0	0.0	0.09090909090909091	0.0	0.0	0.0	0.0	0.0	0.0	0.0	0.0	0.0	0.0	0.0	0.0	0.0	1
Vibrio_anguillarum_775	0	0	0	0	0	0	0	0	0	0	0	0	0	0	0	0	0	0	0	0	0	0	0	0	0	0	0	0	0	0	0	0	0	0	0	0	0	0	0	0	0
Vibrio_cholerae	0	0	0	0	0	0	0	0	0	0	0	0	0	0	0	0	0	0	0	0	0	0	0	0	0	0	0	0	0	0	0	0	0	0	0	0	0	0	0	0	0
Vibrio_cholerae_O1_biovar_El_Tor	0	0	0	0	0	0	0	0	0	0	0	0	0	0	0	0	0	0	0	0	0	0	0	0	0	0	0	0	0	0	0	0	0	0	0	0	0	0	0	0	0
Vibrio_furnissii	0	0	0	1.0	0	0	0	0	0	0	0	0	0	0	0	1.0	0	0	0	0	0.0	0.0	0.0	0.09090909090909091	0.0	0.0	0.0	0.0	0.09090909090909091	0.0	0.0	0.0	0.0	0.0	0.0	0.09090909090909091	0.0	0.0	0.09090909090909091	0.0	1
Vibrio_furnissii_NCTC_11218	0	0	0	0	0	0	0	0	0	0	0	0	0	0	0	0	0	0	0	0	0	0	0	0	0	0	0	0	0	0	0	0	0	0	0	0	0	0	0	0	0
Vibrio_parahaemolyticus	0	0	0	0	0	0	0	0	0	0	0	0	0	0	0	0	0	0	0	0	0	0	0	0	0	0	0	0	0	0	0	0	0	0	0	0	0	0	0	0	0
Vibrio_splendidus	0	0	0	0	0	0	0	0	0	0	0	0	0	0	0	0	0	0	0	0	0	0	0	0	0	0	0	0	0	0	0	0	0	0	0	0	0	0	0	0	0
Vibrio_vulnificus	0	0	0	0	0	0	0	0	0	0	0	0	0	0	0	0	0	0	0	0	0	0	0	0	0	0	0	0	0	0	0	0	0	0	0	0	0	0	0	0	0
Vibrio_vulnificus_CMCP6	0	0	0	0	0	0	0	0	0	0	0	0	0	0	0	0	0	0	0	0	0	0	0	0	0	0	0	0	0	0	0	0	0	0	0	0	0	0	0	0	0
Vibrio_vulnificus_Env1	0	0	0	0	0	0	0	0	0	0	0	0	0	0	0	0	0	0	0	0	0	0	0	0	0	0	0	0	0	0	0	0	0	0	0	0	0	0	0	0	0
Vibrio_vulnificus_NBRC_15645_=_ATCC_27562	0	0	0	0	0	0	0	0	0	0	0	0	0	0	0	0	0	0	0	0	0	0	0	0	0	0	0	0	0	0	0	0	0	0	0	0	0	0	0	0	0
Vibrio_vulnificus_VVyb1(BT3)	0	0	0	1.0	0	0	0	0	0	0	0	0	0	0	0	0	0	0	0	0	0.0	0.0	0.0	0.09090909090909091	0.0	0.0	0.0	0.0	0.0	0.0	0.0	0.0	0.0	0.0	0.0	0.09090909090909091	0.0	0.0	0.09090909090909091	0.0	1
Yersinia_aldovae	0	0	0	0	0	0	0	0	0	0	0	0	0	0	0	0	0	0	0	0	0	0	0	0	0	0	0	0	0	0	0	0	0	0	0	0	0	0	0	0	0
Yersinia_aldovae_670-83	0	0	0	0	0	0	0	0	0	0	0	0	0	0	0	0	0	0	0	0	0	0	0	0	0	0	0	0	0	0	0	0	0	0	0	0	0	0	0	0	0
Yersinia_aleksiciae	0	0	0	0	1.0	0	0	0	0	0	0	0	0	0	0	0	0	0	0	0	0.0	0.0	0.0	0.0	0.09090909090909091	0.0	0.0	0.0	0.0	0.0	0.0	0.0	0.0	0.0	0.0	0.0	0.0	0.0	0.0	0.0	1
Yersinia_enterocolitica	0	0	0	0	0	0	0	0	0	0	0	0	0	0	0	0	0	0	0	0	0	0	0	0	0	0	0	0	0	0	0	0	0	0	0	0	0	0	0	0	0
Yersinia_enterocolitica_LC20	0	0	0	0	0	0	0	0	0	0	0	0	0	0	0	0	0	0	0	0	0	0	0	0	0	0	0	0	0	0	0	0	0	0	0	0	0	0	0	0	0
Yersinia_enterocolitica_subsp._palearctica	0	0	0	0	0	0	0	0	0	0	0	0	0	0	0	0	0	0	0	0	0.0	0.0	0.0	0.0	0.0	0.0	0.0	0.0	0.09090909090909091	0.0	0.09090909090909091	0.0	0.0	0.0	0.09090909090909091	0.0	0.0	0.09090909090909091	0.0	0.0	1
Yersinia_enterocolitica_subsp._palearctica_105.5R(r)	0	0	0	0	0	0	0	0	0	0	0	0	0	0	0	0	0	0	0	0	0	0	0	0	0	0	0	0	0	0	0	0	0	0	0	0	0	0	0	0	0
Yersinia_intermedia	0	0	0	0	0	0	0	0	0	0	0	0	0	0	0	0	0	0	0	0	0	0	0	0	0	0	0	0	0	0	0	0	0	0	0	0	0	0	0	0	0
Yersinia_pestis	0	1.0	0	0	0	0	0	0	0	0	0	0	0	0	0	0	0	0	0	0	0.0	0.09090909090909091	0.0	0.0	0.0	0.0	0.0	0.0	0.0	0.0	0.0	0.0	0.0	0.0	0.0	0.0	0.0	0.0	0.0	0.0	1
Yersinia_pestis_CO92	0	0	0	0	0	0	0	0	0	0	0	0	0	0	0	0	0	0	0	0	0	0	0	0	0	0	0	0	0	0	0	0	0	0	0	0	0	0	0	0	0
Yersinia_pestis_EV_NIIEG	0	0	0	0	0	0	0	0	0	0	0	0	0	0	0	0	0	0	0	0	0	0	0	0	0	0	0	0	0	0	0	0	0	0	0	0	0	0	0	0	0
Yersinia_pseudotuberculosis	0	0	0	0	0	0	0	0	0	0	0	0	0	0	0	0	0	0	0	0	0	0	0	0	0	0	0	0	0	0	0	0	0	0	0	0	0	0	0	0	0
Yersinia_pseudotuberculosis_complex	0	0	0	0	0	0	0	0	0	0	0	0	0	0	0	0	0	0	0	0	0	0	0	0	0	0	0	0	0	0	0	0	0	0	0	0	0	0	0	0	0
Yersinia_rohdei	0	0	0	0	0	0	0	0	0	0	0	0	0	0	0	0	0	0	0	0	0	0	0	0	0	0	0	0	0	0	0	0	0	0	0	0	0	0	0	0	0
Yersinia_ruckeri	0	0	0	0	0	0	0	0	0	0	0	0	0	0	0	0	0	0	0	0	0.0	0.0	0.0	0.0	0.0	0.0	0.0	0.0	0.0	0.09090909090909091	0.0	0.09090909090909091	0.0	0.0	0.09090909090909091	0.0	0.09090909090909091	0.0	0.0	0.0	1
Yersinia_similis	0	0	0	0	0	0	0	0	0	0	0	0	0	0	0	0	0	0	0	0	0	0	0	0	0	0	0	0	0	0	0	0	0	0	0	0	0	0	0	0	0
