Node	C>T_1	C>T_2	C>T_3	C>T_4	C>T_5	C>T_6	C>T_7	C>T_8	C>T_9	C>T_10	G>A_11	G>A_12	G>A_13	G>A_14	G>A_15	G>A_16	G>A_17	G>A_18	G>A_19	G>A_20	D>V(11Substitution)_1	D>V(11Substitution)_2	D>V(11Substitution)_3	D>V(11Substitution)_4	D>V(11Substitution)_5	D>V(11Substitution)_6	D>V(11Substitution)_7	D>V(11Substitution)_8	D>V(11Substitution)_9	D>V(11Substitution)_10	H>B(11Substitution)_11	H>B(11Substitution)_12	H>B(11Substitution)_13	H>B(11Substitution)_14	H>B(11Substitution)_15	H>B(11Substitution)_16	H>B(11Substitution)_17	H>B(11Substitution)_18	H>B(11Substitution)_19	H>B(11Substitution)_20	considered_Matches
Actinobacillus_equuli	0	0	0	0	0	0	0	0	0	0	0	0	0	0	0	0	0	0	0	0	0	0	0	0	0	0	0	0	0	0	0	0	0	0	0	0	0	0	0	0	0
Actinobacillus_pleuropneumoniae	0	0	0	0	0	0	0	0	0	0	0	0	0	0	0	0	0	0	0	0	0	0	0	0	0	0	0	0	0	0	0	0	0	0	0	0	0	0	0	0	0
African_swine_fever_virus	0	0	0	0	0	0	0	0	0	0	0	0	0	0	0	0	0	0	0	0	0	0	0	0	0	0	0	0	0	0	0	0	0	0	0	0	0	0	0	0	0
Aphthovirus	0	0	0	0	0	0	0	0	0	0	0	0	0	0	0	0	0	0	0	0	0	0	0	0	0	0	0	0	0	0	0	0	0	0	0	0	0	0	0	0	0
Arcanobacterium_haemolyticum	0	0	0	0	0	0	0	0	0	0	0	0	0	0	0	0	0	0	0	0	0	0	0	0	0	0	0	0	0	0	0	0	0	0	0	0	0	0	0	0	0
Aspergillus_fumigatus	0	0	0	0	0	0	0	0	0	0	0	0	0	0	0	0	0	0	0	0	0	0	0	0	0	0	0	0	0	0	0	0	0	0	0	0	0	0	0	0	0
Bartonella_bacilliformis	0	0	0	0	0	0	0	0	0	0	0	0	0	0	0	0	0	0	0	0	0	0	0	0	0	0	0	0	0	0	0	0	0	0	0	0	0	0	0	0	0
Bartonella_henselae	0	0	0	0	0	0	0	0	0	0	0	0	0	0	0	0	0	0	0	0	0	0	0	0	0	0	0	0	0	0	0	0	0	0	0	0	0	0	0	0	0
Bartonella_quintana	0	0	0	0	0	0	0	0	0	0	0	0	0	0	0	0	0	0	0	0	0	0	0	0	0	0	0	0	0	0	0	0	0	0	0	0	0	0	0	0	0
Bartonella_quintana_RM-11	0	0	0	0	0	0	0	0	0	0	0	0	0	0	0	0	0	0	0	0	0	0	0	0	0	0	0	0	0	0	0	0	0	0	0	0	0	0	0	0	0
Blastomyces_dermatitidis	0	0	0	0	0	0	0	0	0	0	0	0	0	0	0	0	0	0	0	0	0	0	0	0	0	0	0	0	0	0	0	0	0	0	0	0	0	0	0	0	0
Bordetella_bronchialis	0.5	0	0	0.75	0.18181818181818182	0	0	0.2	0.5	0	0	0	0.25	0	0	0.25	0.125	0	0	0.3333333333333333	0.04242424242424243	0.0303030303030303	0.006060606060606061	0.04242424242424243	0.0303030303030303	0.0	0.024242424242424242	0.05454545454545455	0.024242424242424242	0.006060606060606061	0.024242424242424242	0.0	0.006060606060606061	0.01818181818181818	0.006060606060606061	0.006060606060606061	0.01818181818181818	0.0	0.006060606060606061	0.024242424242424242	15
Bordetella_bronchiseptica	0.5	0	0.14285714285714285	0.6	0.1111111111111111	0	0	0	0	0	0	0	0	0.16666666666666666	0	0	0.2857142857142857	0	0	0.42857142857142855	0.045454545454545456	0.0	0.012987012987012988	0.03896103896103896	0.025974025974025976	0.03896103896103896	0.025974025974025976	0.0	0.0	0.0	0.0	0.01948051948051948	0.0	0.012987012987012988	0.0	0.0	0.012987012987012988	0.01948051948051948	0.01948051948051948	0.01948051948051948	14
Bordetella_genomosp._13	0	1.0	0	0	0	0	0	1.0	0	0	0	0	0	0	0	0.5	0.5	0	1.0	0	0.03896103896103896	0.07792207792207792	0.0	0.03896103896103896	0.0	0.0	0.0	0.05194805194805195	0.012987012987012988	0.012987012987012988	0.012987012987012988	0.012987012987012988	0.0	0.0	0.025974025974025976	0.025974025974025976	0.012987012987012988	0.0	0.05194805194805195	0.025974025974025976	7
Bordetella_pertussis	1.0	0	0	0	0	0	0	0	0	0	0	0	0	0	0	0	0.47368421052631576	0	0.5263157894736842	0	0.0303030303030303	0.0	0.0	0.0303030303030303	0.0	0.0303030303030303	0.0	0.0	0.0303030303030303	0.0606060606060606	0.027272727272727275	0.027272727272727275	0.0	0.0	0.0303030303030303	0.0	0.027272727272727275	0.0303030303030303	0.0303030303030303	0.0030303030303030303	30
Bordetella_pertussis_137	0	0	0	0	0	0	0	0	0	0	0	0	0	0	0	0	0	0	0	1.0	0.0	0.0	0.0	0.0	0.0	0.0	0.0	0.0	0.0	0.0	0.00909090909090909	0.08181818181818182	0.0	0.0	0.0	0.0	0.00909090909090909	0.00909090909090909	0.0	0.08181818181818182	10
Bordetella_pertussis_18323	0	0	0	0	0	0	0	0	0	0	0	0	0	0	0	0	0	0	0	0	0	0	0	0	0	0	0	0	0	0	0	0	0	0	0	0	0	0	0	0	0
Bordetella_petrii	0.7142857142857143	0.14285714285714285	0.42857142857142855	0.125	0.1111111111111111	0	0	0	0	0	0	0.2	0	0	0	0.5714285714285714	0.2857142857142857	0.1	0	0.1	0.019762845849802372	0.015810276679841896	0.03162055335968379	0.015810276679841896	0.007905138339920948	0.007905138339920948	0.007905138339920948	0.011857707509881422	0.007905138339920948	0.003952569169960474	0.015810276679841896	0.011857707509881422	0.011857707509881422	0.023715415019762844	0.011857707509881422	0.02766798418972332	0.011857707509881422	0.007905138339920948	0.0	0.02766798418972332	23
Bordetella_trematum	0.7777777777777778	0	0	0	0.3333333333333333	0	0	0	0	0.5	0	0.14285714285714285	0	0	0	1.0	0.42857142857142855	0	0.5	0.25	0.03535353535353535	0.010101010101010102	0.020202020202020204	0.010101010101010102	0.020202020202020204	0.0	0.0	0.020202020202020204	0.010101010101010102	0.005050505050505051	0.010101010101010102	0.045454545454545456	0.025252525252525252	0.01515151515151515	0.01515151515151515	0.010101010101010102	0.0303030303030303	0.005050505050505051	0.01515151515151515	0.005050505050505051	18
Borrelia_crocidurae	0	0	0	0	0	0	0	0	0	0	0	0	0	0	0	0	0	0	0	0	0	0	0	0	0	0	0	0	0	0	0	0	0	0	0	0	0	0	0	0	0
Borrelia_recurrentis	0	0	0	0	0	0	0	0	0	0	0	0	0	0	0	0	0	0	0	0	0	0	0	0	0	0	0	0	0	0	0	0	0	0	0	0	0	0	0	0	0
Borreliella_afzelii	0	0	0	0	0	0	0	0	0	0	0	0	0	0	0	0	0	0	0	0	0	0	0	0	0	0	0	0	0	0	0	0	0	0	0	0	0	0	0	0	0
Borreliella_burgdorferi	0	0	0	0	0	0	0	0	0	0	0	0	0	0	0	0	0	0	0	0	0	0	0	0	0	0	0	0	0	0	0	0	0	0	0	0	0	0	0	0	0
Borreliella_garinii	0	0	0	0	0	0	0	0	0	0	0	0	0	0	0	0	0	0	0	0	0	0	0	0	0	0	0	0	0	0	0	0	0	0	0	0	0	0	0	0	0
Bovine_rhinitis_A_virus	0	0	0	0	0	0	0	0	0	0	0	0	0	0	0	0	0	0	0	0	0	0	0	0	0	0	0	0	0	0	0	0	0	0	0	0	0	0	0	0	0
Brucella_abortus	0	0	0	0	0	0	0	0	0	0	0	0	0	0	0	0	0	0	0	0	0	0	0	0	0	0	0	0	0	0	0	0	0	0	0	0	0	0	0	0	0
Brucella_abortus_bv._6_str._870	0	0	0	0	0	0	0	0	0	0	0	0	0	0	0	0	0	0	0	0	0	0	0	0	0	0	0	0	0	0	0	0	0	0	0	0	0	0	0	0	0
Brucella_canis	0	0	0	0	0	0	0	0	0	0	0	0	0	0	0	0	0	0	0	0	0	0	0	0	0	0	0	0	0	0	0	0	0	0	0	0	0	0	0	0	0
Brucella_melitensis	0	0	0	0	0	0	0	0	0	0	0	0	0	0	0	0	0	0	0	0	0	0	0	0	0	0	0	0	0	0	0	0	0	0	0	0	0	0	0	0	0
Brucella_melitensis_bv._2_str._63/9	0	1.0	0	0	0	0	0	0	0	0	0	0	0	0	0	0	0	0	0	0	0.0	0.09090909090909091	0.0	0.0	0.0	0.0	0.0	0.0	0.09090909090909091	0.0	0.045454545454545456	0.0	0.0	0.0	0.045454545454545456	0.0	0.045454545454545456	0.045454545454545456	0.0	0.0	2
Brucella_microti	0	0	0	0	0	0	0	0	0	0	0	0	0	0	0	0	0	0	0	0	0	0	0	0	0	0	0	0	0	0	0	0	0	0	0	0	0	0	0	0	0
Brucella_ovis	0	0	0	0	0	0	0	0	0	0	0	0	0	0	0	0	0	0	0	0	0	0	0	0	0	0	0	0	0	0	0	0	0	0	0	0	0	0	0	0	0
Brucella_suis	0	0	0	0	0	0	0	0	0	0	0	0	0	0	0	0	0	0	0	0	0.0	0.0	0.0	0.0	0.0	0.0	0.0	0.0	0.0	0.0	0.0	0.0	0.0	0.0	0.0	0.0	0.0	0.0	0.0	0.0	1
Brucella_suis_019	0	0	0	0	0	0	0	0	0	0	0	0	0	0	0	0	0	0	0	0	0	0	0	0	0	0	0	0	0	0	0	0	0	0	0	0	0	0	0	0	0
Brucella_suis_bv._2	0	0	0	0	0	0	0	0	0	0	0	0	0	0	0	0	0	0	0	0	0	0	0	0	0	0	0	0	0	0	0	0	0	0	0	0	0	0	0	0	0
Burkholderia_cepacia	0.3333333333333333	0.3	0.5384615384615384	0	0.6666666666666666	0	0	0	0	0	0	0	0	0	0	0.7	0.5	0	0	0.125	0.003787878787878788	0.011363636363636362	0.041666666666666664	0.0	0.030303030303030304	0.011363636363636362	0.015151515151515152	0.01893939393939394	0.007575757575757576	0.007575757575757576	0.0	0.011363636363636362	0.0	0.022727272727272724	0.01893939393939394	0.04545454545454545	0.015151515151515152	0.015151515151515152	0.026515151515151516	0.007575757575757576	24
Burkholderia_cepacia_ATCC_25416	0.23076923076923078	0	0.15	0.3333333333333333	0.5	0	0	0.37037037037037035	0	0	0	0	0	0	0	0	0	0.3333333333333333	0.2727272727272727	0.6666666666666666	0.045454545454545456	0.0	0.020202020202020204	0.020202020202020204	0.04292929292929293	0.020202020202020204	0.0025252525252525255	0.04040404040404041	0.020202020202020204	0.03282828282828283	0.0025252525252525255	0.007575757575757575	0.0	0.0025252525252525255	0.010101010101010102	0.025252525252525252	0.0	0.01515151515151515	0.017676767676767676	0.03282828282828283	36
Burkholderia_cepacia_JBK9	0.5555555555555556	0.5	0.6	0	0	0	0.2	0.125	0	0.14285714285714285	0	0	0	0.25	0	0.2	0.2	0.25	0.25	0.2857142857142857	0.03409090909090909	0.017045454545454544	0.022727272727272728	0.011363636363636364	0.011363636363636364	0.022727272727272728	0.022727272727272728	0.017045454545454544	0.017045454545454544	0.011363636363636364	0.022727272727272728	0.0	0.017045454545454544	0.017045454545454544	0.011363636363636364	0.005681818181818182	0.017045454545454544	0.017045454545454544	0.011363636363636364	0.011363636363636364	16
Burkholderia_gladioli	0.6307692307692307	0.05454545454545454	0.125	0.14285714285714285	0.6285714285714286	0	0.024390243902439025	0	0.0196078431372549	0.11428571428571428	0	0.125	0	0.7272727272727273	0	0.14285714285714285	0.3076923076923077	0	0.37777777777777777	0.20833333333333334	0.04051383399209486	0.010869565217391304	0.01383399209486166	0.005928853754940711	0.025691699604743084	0.00691699604743083	0.028656126482213436	0.017786561264822136	0.0029644268774703555	0.008893280632411068	0.001976284584980237	0.014822134387351778	0.007905138339920948	0.03162055335968379	0.003952569169960474	0.02766798418972332	0.008893280632411068	0.00691699604743083	0.020750988142292492	0.019762845849802372	92
Burkholderia_gladioli_BSR3	0	1.0	0	0	0	0	0	0	0	0	0	0	0	0	0	0	0	0	0	0.5	0.0	0.09090909090909091	0.0	0.01818181818181818	0.01818181818181818	0.0	0.01818181818181818	0.0	0.0	0.01818181818181818	0.03636363636363636	0.0	0.0	0.0	0.0	0.03636363636363636	0.0	0.0	0.01818181818181818	0.03636363636363636	5
Burkholderia_gladioli_pv._gladioli	0.34615384615384615	0.6410256410256411	0.2857142857142857	0.25	0.39473684210526316	0	0	0	0	0	0	0	0.1891891891891892	0	0.10526315789473684	0.10526315789473684	0	0.4375	0.125	0.2608695652173913	0.020884520884520884	0.030712530712530717	0.0171990171990172	0.004914004914004914	0.030712530712530717	0.004914004914004914	0.004914004914004914	0.002457002457002457	0.006142506142506142	0.019656019656019656	0.0085995085995086	0.009828009828009828	0.0171990171990172	0.01474201474201474	0.012285012285012284	0.022113022113022116	0.012285012285012284	0.011056511056511058	0.013513513513513514	0.013513513513513514	74
Burkholderia_mallei	0	0	0	0	0	0	0	0	0	0	0	0	0	0	0	0	0	0	0	0	0	0	0	0	0	0	0	0	0	0	0	0	0	0	0	0	0	0	0	0	0
Burkholderia_mallei_NCTC_10229	0	0	0	0	0	0	0	0	0	0	0	0	0	0	0	0	0	0	0	0	0	0	0	0	0	0	0	0	0	0	0	0	0	0	0	0	0	0	0	0	0
Burkholderia_mallei_NCTC_10247	0	0	0	0	0	0	0	0	0	0	0	0	0	0	0	0	0	0	0	0	0	0	0	0	0	0	0	0	0	0	0	0	0	0	0	0	0	0	0	0	0
Burkholderia_multivorans	0.07142857142857142	0.3829787234042553	0.25	0.125	0.06451612903225806	0	0	0	0	0	0	0	0.03076923076923077	0	0	0.4827586206896552	0.5660377358490566	0	0.2909090909090909	0.44	0.006796941376380629	0.02463891248937978	0.008496176720475786	0.0076465590484282074	0.0118946474086661	0.011045029736618523	0.0025488530161427354	8.496176720475786E-4	0.0033984706881903144	8.496176720475786E-4	0.0076465590484282074	0.0016992353440951572	0.0025488530161427354	0.019541206457094305	0.0033984706881903144	0.013593882752761258	0.03313508920985556	0.040781648258283766	0.0237892948173322	0.016992353440951572	107
Burkholderia_multivorans_ATCC_17616	0	0.5714285714285714	0.15384615384615385	0	0	0	0.14285714285714285	0	0	0	0	0	0	0	0	0.9166666666666666	0	1.0	0.3333333333333333	0.625	0.0	0.012987012987012988	0.006493506493506494	0.0	0.01948051948051948	0.0	0.012987012987012988	0.029220779220779224	0.0	0.0	0.03571428571428571	0.025974025974025976	0.025974025974025976	0.016233766233766232	0.0	0.045454545454545456	0.0	0.025974025974025976	0.029220779220779224	0.04220779220779221	28
Burkholderia_multivorans_ATCC_BAA-247	0	0	0.35294117647058826	0	0	0	0	0.2	0	0	1.0	0	0	0.26666666666666666	0	0.42857142857142855	0.9230769230769231	0	0.09090909090909091	0.47058823529411764	0.024064171122994655	0.005347593582887701	0.034759358288770054	0.0160427807486631	0.0	0.0	0.00802139037433155	0.00802139037433155	0.00802139037433155	0.0	0.053475935828877004	0.0	0.0	0.026737967914438502	0.01871657754010695	0.01871657754010695	0.0320855614973262	0.00802139037433155	0.0160427807486631	0.021390374331550804	34
Burkholderia_pseudomallei	0.8235294117647058	0.21052631578947367	0.02631578947368421	0.058823529411764705	0.1	0	0	0.0625	0	0	0	0	0.043478260869565216	0.07142857142857142	0	0.5945945945945946	0.5882352941176471	0.14814814814814814	0.08	0.3333333333333333	0.025174825174825177	0.020979020979020976	0.004195804195804196	0.008391608391608392	0.006993006993006993	0.0013986013986013986	0.033566433566433566	0.008391608391608392	0.0	0.0013986013986013986	0.0013986013986013986	0.011188811188811189	0.03916083916083916	0.011188811188811189	0.008391608391608392	0.032167832167832165	0.015384615384615385	0.032167832167832165	0.011188811188811189	0.03496503496503497	65
Burkholderia_pseudomallei_1106b	0	0	1.0	0	0	0	0	0	0	1.0	0	0	0	0	0	0	0	0	0	0	0.0	0.0	0.09090909090909091	0.0	0.0	0.0	0.0	0.0	0.0	0.09090909090909091	0.0	0.0	0.09090909090909091	0.0	0.09090909090909091	0.0	0.0	0.0	0.0	0.0	1
Burkholderia_pseudomallei_1710a	0	1.0	0	0	0	0	0	0	0	0	0	0	0	0	0	0	0	0	0	0	0.0	0.0909090909090909	0.0909090909090909	0.0	0.0	0.0	0.0909090909090909	0.0909090909090909	0.0	0.0	0.0	0.0	0.0	0.0	0.030303030303030304	0.0909090909090909	0.0	0.0	0.0	0.0	3
Burkholderia_pseudomallei_7894	0	0	0	0	0	0	0	0	0	0	0	0	0	0	0	0	0	0	0	0	0	0	0	0	0	0	0	0	0	0	0	0	0	0	0	0	0	0	0	0	0
Burkholderia_pseudomallei_B03	0	0	0	0	1.0	1.0	0	0	0	0	0	0	0	0	0	0	0	0	0	0	0.09090909090909091	0.0	0.09090909090909091	0.0	0.09090909090909091	0.09090909090909091	0.0	0.0	0.0	0.0	0.09090909090909091	0.0	0.0	0.0	0.0	0.0	0.0	0.0	0.0	0.0	1
Burkholderia_pseudomallei_MSHR1153	0	0	0	0	0	0	0	0	0	1.0	0	0	0	0	0	0	0	1.0	0	0	0.0	0.0	0.0	0.09090909090909091	0.0	0.0	0.0	0.0	0.09090909090909091	0.09090909090909091	0.045454545454545456	0.0	0.0	0.0	0.0	0.0	0.0	0.045454545454545456	0.045454545454545456	0.0	2
Burkholderia_pseudomallei_MSHR2543	1.0	0	0	0	0	0	0	0	0	0	0	0	0	0	0	0	0	0	0	0	0.09090909090909091	0.0	0.0	0.0	0.0	0.0	0.0	0.0	0.0	0.0	0.0	0.0	0.0	0.0	0.0	0.0	0.0	0.0	0.0	0.0	1
Burkholderia_pseudomallei_MSHR346	0	0	0	0	0	0	0	0	0	0	0	0	0	0	0	0	0	0	0	0	0	0	0	0	0	0	0	0	0	0	0	0	0	0	0	0	0	0	0	0	0
Burkholderia_pseudomallei_MSHR435	0	0	0	0.5	0.5	0.14285714285714285	0.14285714285714285	0	0	0	0	0	0	0	0	0	0.14285714285714285	1.0	0	0.7777777777777778	0.0	0.03409090909090909	0.03409090909090909	0.011363636363636364	0.005681818181818182	0.005681818181818182	0.011363636363636364	0.005681818181818182	0.005681818181818182	0.005681818181818182	0.005681818181818182	0.011363636363636364	0.005681818181818182	0.005681818181818182	0.045454545454545456	0.005681818181818182	0.005681818181818182	0.045454545454545456	0.03977272727272727	0.03977272727272727	16
Burkholderia_pseudomallei_NCTC_13179	0.375	0	0.14285714285714285	0	0.5	0	0	0	0	0	0	0	0	0	0	0.16666666666666666	0	0	0	0	0.02727272727272727	0.0	0.00909090909090909	0.02727272727272727	0.03636363636363636	0.03636363636363636	0.0	0.0	0.0	0.01818181818181818	0.00909090909090909	0.0	0.0	0.0	0.0	0.00909090909090909	0.045454545454545456	0.02727272727272727	0.00909090909090909	0.0	10
Burkholderia_pseudomallei_Pasteur_52237	0	0	0	0	0	0	0	0	0	0	0	0	0	0	0	0	0	0	0	0	0	0	0	0	0	0	0	0	0	0	0	0	0	0	0	0	0	0	0	0	0
Campylobacter_coli	0	0	0	0	0	0	0	0	0	0	0	0	0	0	0	0	0	0	0	0	0	0	0	0	0	0	0	0	0	0	0	0	0	0	0	0	0	0	0	0	0
Campylobacter_fetus	0	0	0	0	0	0	0	0	0	0	0	0	0	0	0	0	0	0	0	0	0	0	0	0	0	0	0	0	0	0	0	0	0	0	0	0	0	0	0	0	0
Campylobacter_gracilis	0	0	0	0	0	0	0	0	0	0	0	0	0	0	0	0	0	0	0	0	0	0	0	0	0	0	0	0	0	0	0	0	0	0	0	0	0	0	0	0	0
Campylobacter_showae	0	0	0	0	0	0	0	0	0	0	0	0	0	0	0	0	0	0	0	0	0	0	0	0	0	0	0	0	0	0	0	0	0	0	0	0	0	0	0	0	0
Canine_morbillivirus	0	0	0	0	0	0	0	0	0	0	0	0	0	0	0	0	0	0	0	0	0	0	0	0	0	0	0	0	0	0	0	0	0	0	0	0	0	0	0	0	0
Chlamydia_abortus	0	0	0	0	0	0	0	0	0	0	0	0	0	0	0	0	0	0	0	0	0	0	0	0	0	0	0	0	0	0	0	0	0	0	0	0	0	0	0	0	0
Chlamydia_caviae	0	0	0	0	0	0	0	0	0	0	0	0	0	0	0	0	0	0	0	0	0	0	0	0	0	0	0	0	0	0	0	0	0	0	0	0	0	0	0	0	0
Chlamydia_felis	0	0	0	0	0	0	0	0	0	0	0	0	0	0	0	0	0	0	0	0	0	0	0	0	0	0	0	0	0	0	0	0	0	0	0	0	0	0	0	0	0
Chlamydia_muridarum	0	0	0	0	0	0	0	0	0	0	0	0	0	0	0	0	0	0	0	0	0	0	0	0	0	0	0	0	0	0	0	0	0	0	0	0	0	0	0	0	0
Chlamydia_pecorum	0	0	0	0	0	0	0	0	0	0	0	0	0	0	0	0	0	0	0	0	0	0	0	0	0	0	0	0	0	0	0	0	0	0	0	0	0	0	0	0	0
Chlamydia_pneumoniae	0	0	0	0	0	0	0	0	0	0	0	0	0	0	0	0	0	0	0	0	0	0	0	0	0	0	0	0	0	0	0	0	0	0	0	0	0	0	0	0	0
Chlamydia_psittaci	0	0	0	0	0	0	0	0	0	0	0	0	0	0	0	0	0	0	0	0	0	0	0	0	0	0	0	0	0	0	0	0	0	0	0	0	0	0	0	0	0
Chlamydia_suis	0	0	0	0	0	0	0	0	0	0	0	0	0	0	0	0	0	0	0	0	0	0	0	0	0	0	0	0	0	0	0	0	0	0	0	0	0	0	0	0	0
Chlamydia_trachomatis	0	0	0	0	0	0	0	0	0	0	0	0	0	0	0	0	0	0	0	0	0	0	0	0	0	0	0	0	0	0	0	0	0	0	0	0	0	0	0	0	0
Corynebacterium_ammoniagenes	0	0	0	0	0	0	0	0	0	0	0	0	0	0	0	0	0	0	0	0	0	0	0	0	0	0	0	0	0	0	0	0	0	0	0	0	0	0	0	0	0
Corynebacterium_amycolatum	0	0	0	0	0	0	0	0	0	0	0	0	0	0	0	0	0	0	0	0	0	0	0	0	0	0	0	0	0	0	0	0	0	0	0	0	0	0	0	0	0
Corynebacterium_bovis	0.6	0.2857142857142857	0.5	0	0	0	0	0	0	0	0	0	0	0	0	0	0	0.4	0.16666666666666666	0.2	0.03636363636363636	0.01818181818181818	0.00909090909090909	0.0	0.0	0.01818181818181818	0.00909090909090909	0.00909090909090909	0.0	0.0	0.01818181818181818	0.00909090909090909	0.00909090909090909	0.01818181818181818	0.02727272727272727	0.02727272727272727	0.01818181818181818	0.01818181818181818	0.00909090909090909	0.01818181818181818	10
Corynebacterium_crudilactis	0	0	0	0	0	0	0	0	0	0	0	0	0	0	0	0	0	0	0	0	0	0	0	0	0	0	0	0	0	0	0	0	0	0	0	0	0	0	0	0	0
Corynebacterium_diphtheriae	0	0	0	0	0	0	0	0	0	0	0	0	0	0	0	0	0	0	0	0	0	0	0	0	0	0	0	0	0	0	0	0	0	0	0	0	0	0	0	0	0
Corynebacterium_diphtheriae_HC03	0	0	0	0	0	0	0	0	0	0	0	0	0	0	0	0	0	0	0	0	0	0	0	0	0	0	0	0	0	0	0	0	0	0	0	0	0	0	0	0	0
Corynebacterium_jeikeium	0	1.0	0	0	0	0	0	0	0	0	0	0	0	0	0	0	0	0	0	1.0	0.09090909090909091	0.09090909090909091	0.0	0.0	0.0	0.0	0.0	0.0	0.0	0.0	0.0	0.0	0.0	0.0	0.0	0.0	0.0	0.0	0.0	0.09090909090909091	1
Corynebacterium_jeikeium_K411	0.5	0.5	0	0	0.5	0	0	0	0	0	0	0	0	0	0	0	0	0	0	0	0.03636363636363636	0.03636363636363636	0.01818181818181818	0.05454545454545454	0.03636363636363636	0.0	0.01818181818181818	0.0	0.0	0.0	0.0	0.0	0.0	0.0	0.0	0.03636363636363636	0.0	0.0	0.0	0.0	5
Corynebacterium_kroppenstedtii	0	0	0	0	0	0	0	0	0	0	0	0	0	0	0	0	0	0	0	0	0	0	0	0	0	0	0	0	0	0	0	0	0	0	0	0	0	0	0	0	0
Corynebacterium_kroppenstedtii_DSM_44385	0	0	0	0	0	0	0	0	0	0	0	0	0	0	0	0	0	0	0	0	0	0	0	0	0	0	0	0	0	0	0	0	0	0	0	0	0	0	0	0	0
Corynebacterium_maris	0	0	0	0	0	0	0	0	0	0	0	0	0	0	0	0	0	0	0	0	0	0	0	0	0	0	0	0	0	0	0	0	0	0	0	0	0	0	0	0	0
Corynebacterium_maris_DSM_45190	0	1.0	0	0	1.0	0	0	0	0	0	0	0	0	1.0	0	0	0	0	0	0	0.0	0.09090909090909091	0.0	0.0	0.09090909090909091	0.0	0.0	0.0	0.0	0.0	0.045454545454545456	0.0	0.0	0.045454545454545456	0.0	0.0	0.045454545454545456	0.0	0.0	0.0	2
Corynebacterium_matruchotii	0	0	0	0	0	0	0	0	0	0	0	0	0	0	0	0	0	0	0	0	0.0	0.0	0.0	0.0	0.09090909090909091	0.0	0.0	0.0	0.0	0.0	0.0	0.0	0.0	0.0	0.0	0.0	0.0	0.0	0.0	0.0	1
Corynebacterium_minutissimum	0	0	0	0	0	0	0	0	0	0	0	0	0	0	0	0	0	0	0	0	0	0	0	0	0	0	0	0	0	0	0	0	0	0	0	0	0	0	0	0	0
Corynebacterium_pseudotuberculosis	0	0	0	0	0	0	0	0	0	0	0	0	0	0	0	0	0	0	0	0	0	0	0	0	0	0	0	0	0	0	0	0	0	0	0	0	0	0	0	0	0
Corynebacterium_renale	0	0	0	1.0	0	0	0	0	0	0	0	0	0	0	0	0	0	0	0	0	0.0	0.045454545454545456	0.09090909090909091	0.09090909090909091	0.045454545454545456	0.0	0.0	0.0	0.0	0.0	0.0	0.0	0.0	0.0	0.0	0.0	0.0	0.0	0.0	0.0	2
Corynebacterium_segmentosum	0	0	0	0	1.0	0	0	0	0	0	0	0	0	0	0	0	0	0	0	0	0.09090909090909091	0.0	0.0	0.0	0.09090909090909091	0.0	0.0	0.0	0.0	0.09090909090909091	0.0	0.0	0.0	0.0	0.0	0.0	0.0	0.0	0.09090909090909091	0.0	1
Corynebacterium_sphenisci	0	0	0	0	0	0	0	0	0	0	0	0	0	0	0	0	0	0	0	0	0	0	0	0	0	0	0	0	0	0	0	0	0	0	0	0	0	0	0	0	0
Corynebacterium_sphenisci_DSM_44792	0.3333333333333333	0.6666666666666666	0.6666666666666666	0.3333333333333333	0.5555555555555556	0	0	0	0	0	0	0.3333333333333333	0	0	0	0.25	0	0	0.2857142857142857	0.23076923076923078	0.04363636363636363	0.01818181818181818	0.03272727272727273	0.025454545454545455	0.025454545454545455	0.03272727272727273	0.007272727272727273	0.014545454545454545	0.01818181818181818	0.025454545454545455	0.007272727272727273	0.014545454545454545	0.010909090909090908	0.010909090909090908	0.014545454545454545	0.01818181818181818	0.010909090909090908	0.0036363636363636364	0.010909090909090908	0.014545454545454545	25
Corynebacterium_stationis	0	0	0	0	0	0	0	0	0	0	0	0	0	0	0	0	0	0	0	0	0	0	0	0	0	0	0	0	0	0	0	0	0	0	0	0	0	0	0	0	0
Corynebacterium_striatum	0.6666666666666666	0	0	0	0.5	0	0	0	0	0	0	0	0	0	0	0	0	0	1.0	0	0.045454545454545456	0.0	0.0	0.045454545454545456	0.022727272727272728	0.0	0.0	0.0	0.0	0.06818181818181818	0.0	0.022727272727272728	0.045454545454545456	0.0	0.022727272727272728	0.0	0.0	0.0	0.022727272727272728	0.0	4
Corynebacterium_urealyticum	0	0	0	0	0	0	0	0	0	0	0	0	0	0	0	0	0	0	0	1.0	0.0	0.0	0.0909090909090909	0.0	0.0	0.0	0.0	0.0	0.0909090909090909	0.0	0.0	0.0	0.0	0.0	0.0	0.0	0.06060606060606061	0.0909090909090909	0.0	0.06060606060606061	3
Corynebacterium_ureicelerivorans	0.5	0	0	0	0	0	0	0	0	0	0	0	0	0	0	0	0	0	0	0	0.045454545454545456	0.0	0.045454545454545456	0.0	0.0	0.0	0.0	0.0	0.0	0.0	0.0	0.0	0.0	0.0	0.0	0.0	0.0	0.0	0.0	0.045454545454545456	2
Corynebacterium_xerosis	0.4	0	0	0.25	0	0	0	0	0	0	0	0	0	0	0	0	1.0	0.3333333333333333	0.2	0	0.030303030303030304	0.015151515151515152	0.030303030303030304	0.015151515151515152	0.0	0.0	0.015151515151515152	0.0	0.04545454545454545	0.015151515151515152	0.015151515151515152	0.0	0.015151515151515152	0.0	0.015151515151515152	0.04545454545454545	0.030303030303030304	0.015151515151515152	0.015151515151515152	0.015151515151515152	6
Cowpox_virus	0	0	0	0	0	0	0	0	0	0	0	0	0	0	0	0	0	0	0	0	0	0	0	0	0	0	0	0	0	0	0	0	0	0	0	0	0	0	0	0	0
Coxiella_burnetii	0	0	0	0	1.0	1.0	0	0	0	0	0	0	0	0	0	0	0	0	0	0	0.0	0.0	0.0909090909090909	0.0	0.0909090909090909	0.0909090909090909	0.0	0.0	0.0	0.0	0.07575757575757576	0.07575757575757576	0.0	0.0	0.0	0.0	0.0	0.0	0.0909090909090909	0.0	6
Coxiella_burnetii_str._Schperling	0	0	0	0	0	0	0	0	0	0	0	0	0	0	0	0	0	0	0	0	0	0	0	0	0	0	0	0	0	0	0	0	0	0	0	0	0	0	0	0	0
Cryptosporidium	0	0	0	0	0	0	0	0	0	0	0	0	0	0	0	0	0	0	0	0	0	0	0	0	0	0	0	0	0	0	0	0	0	0	0	0	0	0	0	0	0
Cryptosporidium_parvum	0	0	0	0	0	0	0	0	0	0	0	0	0	0	0	0	0	0	0	0	0	0	0	0	0	0	0	0	0	0	0	0	0	0	0	0	0	0	0	0	0
Deltaretrovirus	0	0	0	0	0	0	0	0	0	0	0	0	0	0	0	0	0	0	0	0	0	0	0	0	0	0	0	0	0	0	0	0	0	0	0	0	0	0	0	0	0
Ehrlichia_canis	0	0	0	0	0	0	0	0	0	0	0	0	0	0	0	0	0	0	0	0	0	0	0	0	0	0	0	0	0	0	0	0	0	0	0	0	0	0	0	0	0
Enterococcus_avium	0	0	0	0	0	0	0	0	0	0	0	0	0	0	0	0	0	0	0	0	0	0	0	0	0	0	0	0	0	0	0	0	0	0	0	0	0	0	0	0	0
Enterococcus_casseliflavus	0	0	0	0	0	0	0	0	0	0	0	0	0	0	0	0	0	0	0	0	0	0	0	0	0	0	0	0	0	0	0	0	0	0	0	0	0	0	0	0	0
Enterococcus_cecorum	0	0	0	0	0	0	0	0	0	0	0	0	0	0	0	0	0	0	0	0	0	0	0	0	0	0	0	0	0	0	0	0	0	0	0	0	0	0	0	0	0
Enterococcus_durans	0	0	0	0	0	0	0	0	0	0	0	0	0	0	0	0	0	0	0	0	0	0	0	0	0	0	0	0	0	0	0	0	0	0	0	0	0	0	0	0	0
Enterococcus_faecalis	0	0	0	0	0	0	0	0	0	0	0	0	0	0	0	0	0	0	0	0	0	0	0	0	0	0	0	0	0	0	0	0	0	0	0	0	0	0	0	0	0
Enterococcus_faecium	0	0	0	0	0	0	0	0	0	0	0	0	0	0	0	0	0	0	0	0	0	0	0	0	0	0	0	0	0	0	0	0	0	0	0	0	0	0	0	0	0
Enterococcus_faecium_ATCC_8459_=_NRRL_B-2354	0	0	0	0	0	0	0	0	0	0	0	0	0	0	0	0	0	0	0	0	0	0	0	0	0	0	0	0	0	0	0	0	0	0	0	0	0	0	0	0	0
Enterococcus_hirae	0	0	0	0	0	0	0	0	0	0	0	0	0	0	0	0	0	0	0	0	0	0	0	0	0	0	0	0	0	0	0	0	0	0	0	0	0	0	0	0	0
Enterococcus_hirae_ATCC_9790	0	0	0	0	0	0	0	0	0	0	0	0	0	0	0	0	0	0	0	0	0	0	0	0	0	0	0	0	0	0	0	0	0	0	0	0	0	0	0	0	0
Enterococcus_mundtii	0	0	0	0	0	0	0	0	0	0	0	0	0	0	0	0	0	0	0	0	0	0	0	0	0	0	0	0	0	0	0	0	0	0	0	0	0	0	0	0	0
Enterovirus_B	0	0	0	0	0	0	0	0	0	0	0	0	0	0	0	0	0	0	0	0	0	0	0	0	0	0	0	0	0	0	0	0	0	0	0	0	0	0	0	0	0
Epizootic_hemorrhagic_disease_virus_(serotype_1_/_strain_New_Jersey)	0	0	0	0	0	0	0	0	0	0	0	0	0	0	0	0	0	0	0	0	0	0	0	0	0	0	0	0	0	0	0	0	0	0	0	0	0	0	0	0	0
Equine_rhinitis_A_virus	0	0	0	0	0	0	0	0	0	0	0	0	0	0	0	0	0	0	0	0	0	0	0	0	0	0	0	0	0	0	0	0	0	0	0	0	0	0	0	0	0
Erysipelothrix_rhusiopathiae	0	0	0	0	0	0	0	0	0	0	0	0	0	0	0	0	0	0	0	0	0	0	0	0	0	0	0	0	0	0	0	0	0	0	0	0	0	0	0	0	0
Erysipelothrix_rhusiopathiae_str._Fujisawa	0	0	0	0	0	0	0	0	0	0	0	0	0	0	0	0	0	0	0	0	0	0	0	0	0	0	0	0	0	0	0	0	0	0	0	0	0	0	0	0	0
Erythroparvovirus	0	0	0	0	0	0	0	0	0	0	0	0	0	0	0	0	0	0	0	0	0	0	0	0	0	0	0	0	0	0	0	0	0	0	0	0	0	0	0	0	0
Escherichia_coli	0.8	0	0	0	0	0	0	0	0	0	0	0	0	0	0	0	0.1875	0	1.0	0	0.0641711229946524	0.0	0.0	0.06951871657754011	0.0	0.005347593582887701	0.0	0.0641711229946524	0.0	0.0	0.005347593582887701	0.0	0.0	0.0	0.0	0.005347593582887701	0.0160427807486631	0.0	0.010695187165775402	0.0160427807486631	17
Escherichia_coli_O111	0	0	0	0	0	0	0	0	0	0	0	0	0	0	0	0	0	0	0	0	0	0	0	0	0	0	0	0	0	0	0	0	0	0	0	0	0	0	0	0	0
Escherichia_coli_O145	0	0	0	0	0	0	0	0	0	0	0	0	0	0	0	0	0	0	0	0	0	0	0	0	0	0	0	0	0	0	0	0	0	0	0	0	0	0	0	0	0
Escherichia_coli_O157:H7	0	0	0	0	0	0	0	0	0	0	0	0	0	0	0	0	0	0	0	0	0	0	0	0	0	0	0	0	0	0	0	0	0	0	0	0	0	0	0	0	0
Escherichia_coli_O26	0	0	0	0	0	0	0	0	0	0	0	0	0	0	0	0	0	0	0	0	0	0	0	0	0	0	0	0	0	0	0	0	0	0	0	0	0	0	0	0	0
Francisella_tularensis	0	0	0	0	0	0	0	0	0	0	0	0	0	0	0	0	0	0	0	0	0	0	0	0	0	0	0	0	0	0	0	0	0	0	0	0	0	0	0	0	0
Francisella_tularensis_subsp._novicida	0	0	0	0	0	0	0	0	0	0	0	0	0	0	0	0	0	0	0	0	0	0	0	0	0	0	0	0	0	0	0	0	0	0	0	0	0	0	0	0	0
Francisella_tularensis_subsp._tularensis	0	0	0	0	0	0	0	0	0	0	0	0	0	0	0	0	0	0	0	0	0	0	0	0	0	0	0	0	0	0	0	0	0	0	0	0	0	0	0	0	0
Fusobacterium	0	0	0	0	0	0	0	0	0	0	0	0	0	0	0	0	0	0	0	0	0	0	0	0	0	0	0	0	0	0	0	0	0	0	0	0	0	0	0	0	0
Fusobacterium_gastrosuis	0	0	0	0	0	0	0	0	0	0	0	0	0	0	0	0	0	0	0	0	0	0	0	0	0	0	0	0	0	0	0	0	0	0	0	0	0	0	0	0	0
Fusobacterium_gonidiaformans_ATCC_25563	0	0	0	0	0	0	0	0	0	0	0	0	0	0	0	0	0	0	0	0	0	0	0	0	0	0	0	0	0	0	0	0	0	0	0	0	0	0	0	0	0
Fusobacterium_mortiferum_ATCC_9817	0	0	0	0	0	0	0	0	0	0	0	0	0	0	0	0	0	0	0	0	0	0	0	0	0	0	0	0	0	0	0	0	0	0	0	0	0	0	0	0	0
Fusobacterium_necrophorum	0	0	0	0	0	0	0	0	0	0	0	0	0	0	0	0	0	0	0	0	0	0	0	0	0	0	0	0	0	0	0	0	0	0	0	0	0	0	0	0	0
Fusobacterium_necrophorum_subsp._necrophorum	0	0	0	0	0	0	0	0	0	0	0	0	0	0	0	0	0	0	0	0	0	0	0	0	0	0	0	0	0	0	0	0	0	0	0	0	0	0	0	0	0
Fusobacterium_nucleatum	0	0	0	0	0	0	0	0	0	0	0	0	0	0	0	0	0	0	0	0	0	0	0	0	0	0	0	0	0	0	0	0	0	0	0	0	0	0	0	0	0
Fusobacterium_ulcerans_ATCC_49185	0	0	0	0	0	0	0	0	0	0	0	0	0	0	0	0	0	0	0	0	0	0	0	0	0	0	0	0	0	0	0	0	0	0	0	0	0	0	0	0	0
Goatpox_virus	0	0	0	0	0	0	0	0	0	0	0	0	0	0	0	0	0	0	0	0	0	0	0	0	0	0	0	0	0	0	0	0	0	0	0	0	0	0	0	0	0
Haemophilus_influenzae	0	0	0	0	0	0	0	0	0	0	0	0	0	0	0	0	0	0	0	0	0	0	0	0	0	0	0	0	0	0	0	0	0	0	0	0	0	0	0	0	0
Haemophilus_influenzae_KR494	0	0	0	0	0	0	0	0	0	0	0	0	0	0	0	0	0	0	0	0	0	0	0	0	0	0	0	0	0	0	0	0	0	0	0	0	0	0	0	0	0
Haemophilus_influenzae_biotype_aegyptius	0	0	0	0	0	0	0	0	0	0	0	0	0	0	0	0	0	0	0	0	0	0	0	0	0	0	0	0	0	0	0	0	0	0	0	0	0	0	0	0	0
Helicobacter_cinaedi	1.0	0	0	0	0	0	0	0	0	0	0	0	0	0	0	0	0	0	0	0	0.09090909090909091	0.0	0.0	0.0	0.0	0.0	0.0	0.0	0.0	0.0	0.0	0.0	0.045454545454545456	0.045454545454545456	0.0	0.0	0.0	0.0	0.0	0.0	2
Helicobacter_pylori	1.0	0	0	0	0	0	0	0	0	0	0	0	0	0	0	0	0	0	0	0	0.0909090909090909	0.0	0.0	0.0	0.0	0.0	0.0	0.0	0.0	0.0	0.0	0.0	0.0	0.0	0.0	0.0	0.015151515151515152	0.07575757575757576	0.0	0.015151515151515152	6
Helicobacter_pylori_HUP-B14	0	0	0	0	0	0	0	0	0	0	0	0	0	0	0	0	0	0	0	0	0	0	0	0	0	0	0	0	0	0	0	0	0	0	0	0	0	0	0	0	0
Helicobacter_pylori_J99	0	0	0	0	0	0	0	0	0	0	0	0	0	0	0	0	0	0	0	0	0	0	0	0	0	0	0	0	0	0	0	0	0	0	0	0	0	0	0	0	0
Helicobacter_pylori_Shi112	0	0	0	0	0	0	0	0	0	0	0	0	0	0	0	0	0	0	0	0	0	0	0	0	0	0	0	0	0	0	0	0	0	0	0	0	0	0	0	0	0
Hepatitis_B_virus	0	0	0	0	0	0	0	0	0	0	0	0	0	0	0	0	0	0	0	0	0	0	0	0	0	0	0	0	0	0	0	0	0	0	0	0	0	0	0	0	0
Hepatitis_E_virus	0	0	0	0	0	0	0	0	0	0	0	0	0	0	0	0	0	0	0	0	0	0	0	0	0	0	0	0	0	0	0	0	0	0	0	0	0	0	0	0	0
Hepatitis_delta_virus	0	0	0	0	0	0	0	0	0	0	0	0	0	0	0	0	0	0	0	0	0	0	0	0	0	0	0	0	0	0	0	0	0	0	0	0	0	0	0	0	0
Human_adenovirus_1	0	0	0	0	0	0	0	0	0	0	0	0	0	0	0	0	0	0	0	0	0	0	0	0	0	0	0	0	0	0	0	0	0	0	0	0	0	0	0	0	0
Human_adenovirus_2	0	0	0	0	0	0	0	0	0	0	0	0	0	0	0	0	0	0	0	0	0	0	0	0	0	0	0	0	0	0	0	0	0	0	0	0	0	0	0	0	0
Human_adenovirus_35	0	0	0	0	0	0	0	0	0	0	0	0	0	0	0	0	0	0	0	0	0	0	0	0	0	0	0	0	0	0	0	0	0	0	0	0	0	0	0	0	0
Human_adenovirus_5	0	0	0	0	0	0	0	0	0	0	0	0	0	0	0	0	0	0	0	0	0	0	0	0	0	0	0	0	0	0	0	0	0	0	0	0	0	0	0	0	0
Human_adenovirus_54	0	0	0	0	0	0	0	0	0	0	0	0	0	0	0	0	0	0	0	0	0	0	0	0	0	0	0	0	0	0	0	0	0	0	0	0	0	0	0	0	0
Human_adenovirus_7	0	0	0	0	0	0	0	0	0	0	0	0	0	0	0	0	0	0	0	0	0	0	0	0	0	0	0	0	0	0	0	0	0	0	0	0	0	0	0	0	0
Human_alphaherpesvirus_1	0	0	0	0	0	0	0	0	0	0	0	0	0	0	0	0	0	0	0	0	0	0	0	0	0	0	0	0	0	0	0	0	0	0	0	0	0	0	0	0	0
Human_alphaherpesvirus_2	0	0	0	0	0	0	0	0	0	0	0	0	0	0	0	0	0	0	0	0	0	0	0	0	0	0	0	0	0	0	0	0	0	0	0	0	0	0	0	0	0
Human_alphaherpesvirus_3	0	0	0	0	0	0	0	0	0	0	0	0	0	0	0	0	0	0	0	0	0	0	0	0	0	0	0	0	0	0	0	0	0	0	0	0	0	0	0	0	0
Human_gammaherpesvirus_4	0	0	0	0	0	0	0	0	0	0	0	0	0	0	0	0	0	0	0	0	0	0	0	0	0	0	0	0	0	0	0	0	0	0	0	0	0	0	0	0	0
Human_herpesvirus_4_type_2	0	0	0	0	0	0	0	0	0	0	0	0	0	0	0	0	0	0	0	0	0	0	0	0	0	0	0	0	0	0	0	0	0	0	0	0	0	0	0	0	0
Human_mastadenovirus_C	0	0	0	0	0	0	0	0	0	0	0	0	0	0	0	0	0	0	0	0	0	0	0	0	0	0	0	0	0	0	0	0	0	0	0	0	0	0	0	0	0
JC_polyomavirus	0	0	0	0	0	0	0	0	0	0	0	0	0	0	0	0	0	0	0	0	0	0	0	0	0	0	0	0	0	0	0	0	0	0	0	0	0	0	0	0	0
Klebsiella_aerogenes	0	0	0	0	0	0	0	0	0	0	0	0	0	0	0	0	0	1.0	0	0	0.0	0.0909090909090909	0.0	0.0909090909090909	0.0	0.0	0.0	0.0	0.0909090909090909	0.0	0.0	0.0	0.0	0.0	0.0	0.015151515151515152	0.0	0.07575757575757576	0.0	0.0	6
Klebsiella_aerogenes_EA1509E	0	0	0	0	0	0	0	0	0	0	0	0	0	0	0	0	0	0	0	0	0	0	0	0	0	0	0	0	0	0	0	0	0	0	0	0	0	0	0	0	0
Klebsiella_michiganensis	0	0	0	0	0.8571428571428571	0	0	0	0	0	0	0	0	0	0	1.0	0	0	0	0.5	0.0	0.0	0.0	0.0	0.06818181818181818	0.0	0.0	0.0	0.0	0.0	0.0	0.056818181818181816	0.0	0.0	0.0	0.011363636363636364	0.022727272727272728	0.011363636363636364	0.0	0.022727272727272728	8
Klebsiella_michiganensis_HKOPL1	0	1.0	0	0	0	0	0	0	0	0	0	0	0	0	0	0	0	1.0	0	0	0.0	0.09090909090909091	0.0707070707070707	0.0707070707070707	0.0	0.0	0.0	0.0	0.0	0.0	0.020202020202020204	0.0606060606060606	0.0	0.0	0.0	0.0	0.0	0.0707070707070707	0.0	0.0	9
Klebsiella_michiganensis_KCTC_1686	0	0	0	0	0	0	0	0	0	0	0	0	0	0	0	0	0	0	0	0	0	0	0	0	0	0	0	0	0	0	0	0	0	0	0	0	0	0	0	0	0
Klebsiella_oxytoca	1.0	0	0	0	0	0	0	0	0	0	0	0	0	0	0	0	0.75	0	0.8333333333333334	0	0.01818181818181818	0.07272727272727272	0.0	0.0	0.0	0.03636363636363636	0.0	0.0	0.0	0.0	0.0	0.0	0.0	0.0	0.02727272727272727	0.03636363636363636	0.08181818181818182	0.045454545454545456	0.045454545454545456	0.0	10
Klebsiella_pneumoniae	0	0	0	0	0	0	0	0	0	0	0	0	0	0	0	0	0	0	0	0	0	0	0	0	0	0	0	0	0	0	0	0	0	0	0	0	0	0	0	0	0
Klebsiella_pneumoniae_subsp._pneumoniae	0	0	0	0	0	0	0	0	0	0	0	0	0	0	0	0	0	0	0	0	0	0	0	0	0	0	0	0	0	0	0	0	0	0	0	0	0	0	0	0	0
Klebsiella_pneumoniae_subsp._pneumoniae_KPNIH24	0	0	0	0	0	0	0	0	0	0	0	0	0	0	0	0	0	0	0	0	0	0	0	0	0	0	0	0	0	0	0	0	0	0	0	0	0	0	0	0	0
Klebsiella_pneumoniae_subsp._pneumoniae_KPNIH27	0	0	0	0	0	0	0	0	0	0	0	0	0	0	0	0	0	0	0	0	0	0	0	0	0	0	0	0	0	0	0	0	0	0	0	0	0	0	0	0	0
Klebsiella_pneumoniae_subsp._rhinoscleromatis	0	0	0	0	0	0	0	0	0	0	0	0	0	0	0	0	0	0	0	0	0	0	0	0	0	0	0	0	0	0	0	0	0	0	0	0	0	0	0	0	0
Klebsiella_pneumoniae_subsp._rhinoscleromatis_SB3432	0	0	0	0	0	0	0	0	0	0	0	0	0	0	0	0	0	0	0	0	0	0	0	0	0	0	0	0	0	0	0	0	0	0	0	0	0	0	0	0	0
Legionella_anisa	0	0	0	0	0	0	0	0	0	0	0	0	0	0	0	0	0	0	0	0	0	0	0	0	0	0	0	0	0	0	0	0	0	0	0	0	0	0	0	0	0
Legionella_lansingensis	0	0	0	0	0	0	0	0	0	0	0	0	0	0	0	0	0	0	0	0	0	0	0	0	0	0	0	0	0	0	0	0	0	0	0	0	0	0	0	0	0
Legionella_pneumophila	0	0	0	0	0	0	0	0	0	0	0	0	0	0	0	0	0	0	0	0	0	0	0	0	0	0	0	0	0	0	0	0	0	0	0	0	0	0	0	0	0
Legionella_pneumophila_str._Corby	0	0	0	0	0	0	0	0	0	0	0	0	0	0	0	0	0	0	0	1.0	0.0	0.0	0.0	0.0	0.0	0.0	0.0	0.0	0.0	0.0	0.0	0.0	0.0	0.0	0.0	0.0	0.0	0.0	0.0	0.045454545454545456	2
Legionella_pneumophila_subsp._fraseri	0	0	0	0	0	0	0	0	0	0	0	0	0	0	0	0	0	0	0	0	0	0	0	0	0	0	0	0	0	0	0	0	0	0	0	0	0	0	0	0	0
Legionella_pneumophila_subsp._pascullei	0	1.0	0	0	0	0	0	0	0	0	0	0	0	0	1.0	0	0	0	0	0	0.0	0.09090909090909091	0.0	0.0	0.0	0.0	0.0	0.0	0.0	0.0	0.0	0.0	0.0	0.045454545454545456	0.045454545454545456	0.0	0.0	0.0	0.0	0.0	2
Legionella_pneumophila_subsp._pneumophila	0	1.0	0	0	0	0	0	0	0	0	0	0	0	0	0	0	0	0	0	0	0.0	0.09090909090909091	0.0	0.09090909090909091	0.0	0.0	0.0	0.0	0.0	0.09090909090909091	0.0	0.0	0.0	0.0	0.0	0.09090909090909091	0.0	0.0	0.0	0.0	1
Leptospira_alexanderi	0	0	0	0	0	0	0	0	0	0	0	0	0	0	0	0	0	0	0	0	0	0	0	0	0	0	0	0	0	0	0	0	0	0	0	0	0	0	0	0	0
Leptospira_alstonii	0	0	0	0	0	0	0	0	0	0	0	0	0	0	0	0	0	0	0	0	0	0	0	0	0	0	0	0	0	0	0	0	0	0	0	0	0	0	0	0	0
Leptospira_biflexa	0	0	0	0	0	0	0	0	0	0	0	0	0	0	0	0	0	0	0	0	0	0	0	0	0	0	0	0	0	0	0	0	0	0	0	0	0	0	0	0	0
Leptospira_biflexa_serovar_Patoc	0	0	0	0	0	0	0	0	0	0	0	0	0	0	0	0	0	0	0	0	0	0	0	0	0	0	0	0	0	0	0	0	0	0	0	0	0	0	0	0	0
Leptospira_borgpetersenii	0	0	0	0	0	0	0	0	0	0	0	0	0	0	0	0	0	0	0	0	0	0	0	0	0	0	0	0	0	0	0	0	0	0	0	0	0	0	0	0	0
Leptospira_borgpetersenii_serovar_Ceylonica	0	0	0	0	0	0	0	0	0	0	0	0	0	0	0	1.0	0	0	0	0	0.0	0.0	0.0	0.0	0.0	0.0	0.0	0.0	0.0	0.09090909090909091	0.0	0.0	0.045454545454545456	0.045454545454545456	0.0	0.045454545454545456	0.0	0.0	0.0	0.0	2
Leptospira_broomii	0	0	0	0	0	0	0	0	0	0	0	0	0	0	0	0	0	0	0	0	0	0	0	0	0	0	0	0	0	0	0	0	0	0	0	0	0	0	0	0	0
Leptospira_fainei	0	0	0	0	0	0	0	0	0	0	0	0	0	0	0	0	0	0	0	0	0	0	0	0	0	0	0	0	0	0	0	0	0	0	0	0	0	0	0	0	0
Leptospira_inadai	0	0	0	0	0	0	0	0	0	0	0	0	0	0	0	0	0	0	0	0	0	0	0	0	0	0	0	0	0	0	0	0	0	0	0	0	0	0	0	0	0
Leptospira_interrogans	0	0	0	0	0	0	0	0	0	0	0	0	0	0	0	0	0	0	0	0	0	0	0	0	0	0	0	0	0	0	0	0	0	0	0	0	0	0	0	0	0
Leptospira_interrogans_serovar_Lai_str._IPAV	0	0	0	0	0	0	0	0	0	0	0	0	0	0	0	0	0	0	0	0	0	0	0	0	0	0	0	0	0	0	0	0	0	0	0	0	0	0	0	0	0
Leptospira_interrogans_serovar_Linhai_str._56609	0	0	0	0	0	0	0	0	0	0	0	0	0	0	0	0	0	0	0	0	0	0	0	0	0	0	0	0	0	0	0	0	0	0	0	0	0	0	0	0	0
Leptospira_kirschneri	0	0	0	0	0	0	0	0	0	0	0	0	0	0	0	0	0	0	0	0	0	0	0	0	0	0	0	0	0	0	0	0	0	0	0	0	0	0	0	0	0
Leptospira_kmetyi	0	0	0	0	0	0	0	0	0	0	0	0	0	0	0	0	0	0	0	0	0	0	0	0	0	0	0	0	0	0	0	0	0	0	0	0	0	0	0	0	0
Leptospira_licerasiae	0	0	0	0	0	0	0	0	0	0	0	0	0	0	0	0	0	0	0	0	0	0	0	0	0	0	0	0	0	0	0	0	0	0	0	0	0	0	0	0	0
Leptospira_noguchii	1.0	0	0	0	0	0	0	0	0	0	0	0	0	0	0	0	0	0	0	0	0.09090909090909091	0.09090909090909091	0.0	0.0	0.0	0.0	0.0	0.0	0.0	0.0	0.0	0.0	0.0	0.0	0.0	0.045454545454545456	0.0	0.0	0.045454545454545456	0.0	2
Leptospira_santarosai	0	0	0	0	0	0	0	0	0	0	0	0	0	0	0	0	0	0	0	0	0	0	0	0	0	0	0	0	0	0	0	0	0	0	0	0	0	0	0	0	0
Leptospira_santarosai_serovar_Shermani_str._LT_821	0	0	0	0	0	0	0	0	0	0	0	0	0	0	0	0	0	0	0	0	0	0	0	0	0	0	0	0	0	0	0	0	0	0	0	0	0	0	0	0	0
Leptospira_weilii	0	0	0	0.8571428571428571	0.3333333333333333	0	0	0.5	0	0	0	0	0	0	0	0.2	0.7647058823529411	0	0	0.5	0.0	0.021818181818181816	0.010909090909090908	0.021818181818181816	0.010909090909090908	0.0	0.025454545454545455	0.04	0.021818181818181816	0.0	0.0	0.0	0.010909090909090908	0.014545454545454545	0.0036363636363636364	0.0036363636363636364	0.05818181818181818	0.0036363636363636364	0.010909090909090908	0.0036363636363636364	25
Leptospira_wolffii	0	0	0	0	0	0	0	0	0	0	0	0	0	0	0	0	0	0	0	0	0	0	0	0	0	0	0	0	0	0	0	0	0	0	0	0	0	0	0	0	0
Listeria_monocytogenes	0	0	0	0	0	0	0	0	0	0	0	0	0	0	0	0	0	0	0	0	0	0	0	0	0	0	0	0	0	0	0	0	0	0	0	0	0	0	0	0	0
Listeria_monocytogenes_HCC23	0	0	0	0	0	0	0	0	0	0	0	0	0	0	0	0	0	0	0	0	0	0	0	0	0	0	0	0	0	0	0	0	0	0	0	0	0	0	0	0	0
Lumpy_skin_disease_virus	0	0	0	0	0	0	0	0	0	0	0	0	0	0	0	0	0	0	0	0	0	0	0	0	0	0	0	0	0	0	0	0	0	0	0	0	0	0	0	0	0
Lymphocryptovirus	0	0	0	0	0	0	0	0	0	0	0	0	0	0	0	0	0	0	0	0	0	0	0	0	0	0	0	0	0	0	0	0	0	0	0	0	0	0	0	0	0
Mannheimia_haemolytica	0	0	0	0	0	0	0	0	0	0	0	0	0	0	0	0	0	0	0	0	0	0	0	0	0	0	0	0	0	0	0	0	0	0	0	0	0	0	0	0	0
Mannheimia_haemolytica_D153	0	0	0	0	0	0	0	0	0	0	0	0	0	0	0	0	0	0	0	0	0	0	0	0	0	0	0	0	0	0	0	0	0	0	0	0	0	0	0	0	0
Measles_morbillivirus	0	0	0	0	0	0	0	0	0	0	0	0	0	0	0	0	0	0	0	0	0	0	0	0	0	0	0	0	0	0	0	0	0	0	0	0	0	0	0	0	0
Methanobrevibacter_oralis	0	0	0	0	0	0	0	0	0	0	0	0	0	0	0	0	0	0	0	0	0	0	0	0	0	0	0	0	0	0	0	0	0	0	0	0	0	0	0	0	0
Moraxella_catarrhalis	0	0	0	0	0	0	0	0	0	0	0	0	0	0	0	0	0	0	0	0	0	0	0	0	0	0	0	0	0	0	0	0	0	0	0	0	0	0	0	0	0
Morbillivirus	0	0	0	0	0	0	0	0	0	0	0	0	0	0	0	0	0	0	0	0	0	0	0	0	0	0	0	0	0	0	0	0	0	0	0	0	0	0	0	0	0
Mycobacterium_avium	0.5806451612903226	0.6363636363636364	0.2647058823529412	0.2336448598130841	0.12962962962962962	0	0	0.08974358974358974	0	0	0	0	0	0	0	0.29357798165137616	0.13978494623655913	0.2755102040816326	0.3191489361702128	0.11666666666666667	0.02779864763335838	0.021036814425244178	0.0067618332081142	0.01389932381667919	0.009391435011269723	0.009767092411720512	0.007137490608564989	0.0067618332081142	0.004507888805409466	0.008264462809917356	0.0015026296018031556	0.0	0.010518407212622089	0.0	0.015026296018031555	0.01389932381667919	0.004883546205860256	0.016153268219383923	0.014274981217129978	0.025169045830202855	242
Mycobacterium_avium_subsp._avium	0	0.5	0	0	0.42857142857142855	0	0	0	0	0	0	0	0	0	0	0	0	0	0	0.6153846153846154	0.024242424242424242	0.03636363636363636	0.0	0.0	0.04242424242424243	0.0	0.0	0.01818181818181818	0.0	0.0	0.012121212121212121	0.024242424242424242	0.024242424242424242	0.024242424242424242	0.01818181818181818	0.024242424242424242	0.0303030303030303	0.0	0.01818181818181818	0.048484848484848485	15
Mycobacterium_avium_subsp._hominissuis	0	0	0.25	0	1.0	0.2	0	0	0	0	0.3333333333333333	0	0	0	0	1.0	0.4	0	0.25	0.16666666666666666	0.0	0.008264462809917356	0.01652892561983471	0.008264462809917356	0.04132231404958678	0.024793388429752063	0.0	0.01652892561983471	0.01652892561983471	0.008264462809917356	0.008264462809917356	0.0	0.01652892561983471	0.0	0.0	0.01652892561983471	0.03305785123966942	0.008264462809917356	0.024793388429752063	0.008264462809917356	11
Mycobacterium_avium_subsp._paratuberculosis	1.0	0	0.7142857142857143	0.2	0	0	0	0	0	0	0	0	0	0.5	0	0.42857142857142855	0.2857142857142857	0.4	0	0	0.0160427807486631	0.0160427807486631	0.026737967914438502	0.0160427807486631	0.0	0.058823529411764705	0.0160427807486631	0.0	0.0	0.021390374331550804	0.0	0.005347593582887701	0.026737967914438502	0.026737967914438502	0.021390374331550804	0.026737967914438502	0.0160427807486631	0.04278074866310161	0.0	0.0160427807486631	17
Mycobacterium_canettii	1.0	0	0	0	0	0	0	0	0	0	0	0	0	0	0	0	0	0	0	0	0.09090909090909091	0.0	0.0	0.0	0.0	0.0	0.0	0.0	0.0	0.0	0.0	0.09090909090909091	0.0	0.09090909090909091	0.0	0.0	0.0	0.0	0.0	0.0	1
Mycobacterium_colombiense	0	0	0	0	0	0	0	0	0	0	0	0	0	0	0	0	0	0	0	0	0	0	0	0	0	0	0	0	0	0	0	0	0	0	0	0	0	0	0	0	0
Mycobacterium_colombiense_CECT_3035	0	0	0	0.3333333333333333	1.0	0	0	0	0	0	0	0	0	0	0	0	0.5	0.3333333333333333	0	1.0	0.015151515151515152	0.030303030303030304	0.015151515151515152	0.015151515151515152	0.030303030303030304	0.0	0.015151515151515152	0.0	0.0	0.0	0.015151515151515152	0.030303030303030304	0.015151515151515152	0.030303030303030304	0.0	0.0	0.04545454545454545	0.030303030303030304	0.015151515151515152	0.015151515151515152	6
Mycobacterium_intracellulare	0	0	0	0	0	0	0	0.25	0	0	0	0	1.0	0	0	0	0.75	0	0.5	1.0	0.011363636363636364	0.011363636363636364	0.0	0.022727272727272728	0.0	0.0	0.011363636363636364	0.011363636363636364	0.011363636363636364	0.022727272727272728	0.0	0.045454545454545456	0.03409090909090909	0.011363636363636364	0.022727272727272728	0.011363636363636364	0.03409090909090909	0.0	0.03409090909090909	0.045454545454545456	8
Mycobacterium_intracellulare_subsp._yongonense	1.0	0	0	0.1111111111111111	0.25	0	0	0	0	0	0	0	0	0	0	0.4	0.2857142857142857	0	0.7142857142857143	0	0.045454545454545456	0.01515151515151515	0.005050505050505051	0.005050505050505051	0.020202020202020204	0.01515151515151515	0.020202020202020204	0.01515151515151515	0.01515151515151515	0.0	0.0	0.010101010101010102	0.020202020202020204	0.0	0.0	0.020202020202020204	0.010101010101010102	0.010101010101010102	0.04040404040404041	0.010101010101010102	18
Mycobacterium_kansasii	0.4375	0	0.16666666666666666	0.35294117647058826	0.08333333333333333	0	0	0	0	0	0	0	0	0	0.08333333333333333	0.09090909090909091	0.1111111111111111	0.4	0.2222222222222222	0.6	0.024242424242424242	0.0030303030303030303	0.021212121212121213	0.021212121212121213	0.012121212121212121	0.0030303030303030303	0.0030303030303030303	0.027272727272727275	0.012121212121212121	0.00909090909090909	0.006060606060606061	0.00909090909090909	0.01818181818181818	0.00909090909090909	0.006060606060606061	0.012121212121212121	0.024242424242424242	0.01515151515151515	0.006060606060606061	0.04545454545454545	30
Mycobacterium_leprae	0	0	0	0	0	0	0	0	0	0	0	0	0	0	0	0	0	0	0	0	0	0	0	0	0	0	0	0	0	0	0	0	0	0	0	0	0	0	0	0	0
Mycobacterium_leprae_Kyoto-2	0	0	0	0	0	0	0	0	0	0	0	0	0	0	0	0	0	0	0	0	0	0	0	0	0	0	0	0	0	0	0	0	0	0	0	0	0	0	0	0	0
Mycobacterium_marseillense	0	0.5	0	0.6666666666666666	0	0	0	0	0	0	0	0	0	0	0	0.25	0.5	0.5	0.3333333333333333	0.16666666666666666	0.008264462809917356	0.024793388429752063	0.008264462809917356	0.03305785123966942	0.0	0.0	0.03305785123966942	0.008264462809917356	0.01652892561983471	0.0	0.0	0.024793388429752063	0.024793388429752063	0.0	0.01652892561983471	0.01652892561983471	0.024793388429752063	0.024793388429752063	0.04958677685950413	0.01652892561983471	11
Mycobacterium_sp._JS623	1.0	0.6	0.375	0.25	0	0	0	0	0	0.3333333333333333	0	0	0.5	0	0	0	0.3333333333333333	0.3333333333333333	0	0	0.030303030303030304	0.022727272727272724	0.030303030303030304	0.015151515151515152	0.030303030303030304	0.03787878787878788	0.0	0.015151515151515152	0.015151515151515152	0.022727272727272724	0.007575757575757576	0.007575757575757576	0.03787878787878788	0.015151515151515152	0.022727272727272724	0.022727272727272724	0.007575757575757576	0.022727272727272724	0.0	0.007575757575757576	12
Mycobacterium_sp._YC-RL4	0	0	0.6666666666666666	0.25	0.8	0	0	0	0	0	0.3333333333333333	0	0	0	0	0	0.4	0	0.2	0	0.0	0.0	0.01818181818181818	0.02727272727272727	0.045454545454545456	0.02727272727272727	0.0	0.01818181818181818	0.0	0.0	0.01818181818181818	0.02727272727272727	0.02727272727272727	0.0	0.01818181818181818	0.03636363636363636	0.03636363636363636	0.00909090909090909	0.01818181818181818	0.00909090909090909	10
Mycobacterium_tuberculosis	0	0	0.06451612903225806	0.5384615384615384	0	0	0	0	0	0	0	0	0	0	0.36363636363636365	0.1935483870967742	0	0.35294117647058826	0	0.7307692307692307	0.0	0.022727272727272724	0.003787878787878788	0.047348484848484855	0.0	0.0	0.022727272727272724	0.0	0.020833333333333332	0.03787878787878788	0.0	0.022727272727272724	0.022727272727272724	0.011363636363636362	0.007575757575757576	0.022727272727272724	0.013257575757575758	0.034090909090909095	0.026515151515151516	0.03598484848484849	48
Mycobacterium_tuberculosis_KZN_1435	1.0	0	0	0	0	0	0	0	0	0	0	0	0	0	0	0	0	0	0	0	0.09090909090909091	0.09090909090909091	0.0	0.0	0.0	0.0	0.0	0.0	0.0	0.0	0.0	0.045454545454545456	0.0	0.0	0.0	0.0	0.045454545454545456	0.045454545454545456	0.0	0.0	2
Mycobacterium_tuberculosis_complex	0	1.0	0	0.3333333333333333	0	0	0	0	0	0	0	0	0	0	0.04	0.96	0	0	0	0	0.07272727272727272	0.006060606060606061	0.0	0.012121212121212121	0.0	0.0	0.0	0.0	0.0	0.0	0.012121212121212121	0.048484848484848485	0.0	0.0	0.0030303030303030303	0.07575757575757576	0.048484848484848485	0.0030303030303030303	0.0	0.0	30
Mycobacterium_tuberculosis_variant_africanum	0	0	0	0	0	0	0	0	0	0	0	0	0	0	0	0	0	0	0	0	0	0	0	0	0	0	0	0	0	0	0	0	0	0	0	0	0	0	0	0	0
Mycobacterium_tuberculosis_variant_bovis	0	0	0	0	0	0	0	0	0	0	0	0	0	0	0	0	0	0	0	0	0	0	0	0	0	0	0	0	0	0	0	0	0	0	0	0	0	0	0	0	0
Mycobacteroides_abscessus	0.15555555555555556	0	0.5555555555555556	0.14925373134328357	0	0	0	0	0	0.18181818181818182	0	0	0	0	0	0.5384615384615384	0.6666666666666666	0.16666666666666666	0.24	0.23809523809523808	0.007667031763417305	0.0	0.019715224534501644	0.01095290251916758	0.004381161007667032	0.01533406352683461	0.024096385542168676	0.0	0.002190580503833516	0.004381161007667032	0.002190580503833516	0.01095290251916758	0.03614457831325301	0.016429353778751366	0.0	0.03066812705366922	0.016429353778751366	0.004381161007667032	0.04928806133625411	0.03614457831325301	83
Mycobacteroides_abscessus_subsp._abscessus	0.8	0	0	0	0	0	0	0	0	0	0	0	0	0	0	0	0	0	0	0.3333333333333333	0.07272727272727272	0.0	0.0	0.0	0.0	0.0	0.0	0.048484848484848485	0.04242424242424243	0.04242424242424243	0.006060606060606061	0.0	0.006060606060606061	0.0	0.0	0.0	0.0	0.0	0.0303030303030303	0.01818181818181818	15
Mycobacteroides_abscessus_subsp._bolletii	0	0	0	0	0	0	0	0	0	0	0	0	0	0	0	0	0	0	0	0	0	0	0	0	0	0	0	0	0	0	0	0	0	0	0	0	0	0	0	0	0
Mycobacteroides_abscessus_subsp._bolletii_50594	1.0	0	0	0	0	0	0	0	0	0	0	0	0	0	0	0	0	0	0	0	0.0909090909090909	0.0	0.0	0.0	0.0909090909090909	0.0909090909090909	0.0909090909090909	0.0	0.0	0.0	0.0	0.0	0.0	0.030303030303030304	0.0	0.0	0.0	0.030303030303030304	0.0	0.06060606060606061	3
Mycobacteroides_abscessus_subsp._massiliense	0	0	1.0	0	1.0	0	0	1.0	0	0	0	0	0	0	0	0	0	0	0	0.8888888888888888	0.0	0.0	0.00909090909090909	0.0	0.00909090909090909	0.0	0.0	0.07272727272727272	0.0	0.0	0.0	0.07272727272727272	0.0	0.0	0.07272727272727272	0.0	0.0	0.0	0.0	0.07272727272727272	10
Mycobacteroides_abscessus_subsp._massiliense_CCUG_48898_=_JCM_15300	0	0	0	0	0	0	0	0	0	0	0	0	0	0	0	0	0	0	0	0	0	0	0	0	0	0	0	0	0	0	0	0	0	0	0	0	0	0	0	0	0
Mycoplasma_haemocanis	0	0	0	0	0	0	0	0	0	0	0	0	0	0	0	0	0	0	0	0	0	0	0	0	0	0	0	0	0	0	0	0	0	0	0	0	0	0	0	0	0
Mycoplasma_haemofelis	0	0	0	0	0	0	0	0	0	0	0	0	0	0	0	0	0	0	0	0	0	0	0	0	0	0	0	0	0	0	0	0	0	0	0	0	0	0	0	0	0
Mycoplasma_haemofelis_str._Langford_1	0	0	0	0	0	0	0	0	0	0	0	0	0	0	0	0	0	0	0	0	0	0	0	0	0	0	0	0	0	0	0	0	0	0	0	0	0	0	0	0	0
Mycoplasma_mycoides	0	0	0	0	0	0	0	0	0	0	0	0	0	0	0	0	0	0	0	0	0	0	0	0	0	0	0	0	0	0	0	0	0	0	0	0	0	0	0	0	0
Mycoplasma_ovipneumoniae	0	0	0	0	0	0	0	0	0	0	0	0	0	0	0	0	0	0	0	0	0	0	0	0	0	0	0	0	0	0	0	0	0	0	0	0	0	0	0	0	0
Mycoplasma_pneumoniae	0	0	0	0	0	0	0	0	0	0	0	0	0	0	0	0	0	0	0	0	0	0	0	0	0	0	0	0	0	0	0	0	0	0	0	0	0	0	0	0	0
Neisseria_elongata	0	0	0	0	0	0	0	0	0	0	0	0	0	0	0	0	0	0	0	0	0	0	0	0	0	0	0	0	0	0	0	0	0	0	0	0	0	0	0	0	0
Neisseria_gonorrhoeae	0	0	0	0	0	0	0	0	0	0	0	0	0	0	0	0	0	0	0	0	0	0	0	0	0	0	0	0	0	0	0	0	0	0	0	0	0	0	0	0	0
Neisseria_meningitidis	0	0	0	0	0	0	0	0	0	0	0	0	0	0	0	0	0	0	0	0	0	0	0	0	0	0	0	0	0	0	0	0	0	0	0	0	0	0	0	0	0
Neisseria_meningitidis_8013	0	0	0	0	0	0	0	0	0	0	0	0	0	0	0	0	0	0	0	0	0	0	0	0	0	0	0	0	0	0	0	0	0	0	0	0	0	0	0	0	0
Neisseria_meningitidis_M0579	0	0	0	0	0	0	0	0	0	0	0	0	0	0	0	0	0	0	0	0	0	0	0	0	0	0	0	0	0	0	0	0	0	0	0	0	0	0	0	0	0
Neisseria_mucosa	0	1.0	0	0	0	0	0	0	0	0	0	0	0	0	0	0	0	0	0	0	0.0	0.09090909090909091	0.0	0.0	0.0	0.09090909090909091	0.0	0.09090909090909091	0.0	0.0	0.0	0.09090909090909091	0.09090909090909091	0.0	0.0	0.0	0.09090909090909091	0.0	0.0	0.0	1
Neisseria_sicca	0	0	0	0	0	0	0	0	0	0	0	0	0	0	0	0	0	0	0	0	0	0	0	0	0	0	0	0	0	0	0	0	0	0	0	0	0	0	0	0	0
Neisseria_subflava	0	0	0	0	0	0	0	0	0	0	0	0	0	0	0	0	0	0	0	0	0	0	0	0	0	0	0	0	0	0	0	0	0	0	0	0	0	0	0	0	0
Neisseria_weaveri	0	0	0	0	0	0	0	0	0	0	0	0	0	0	0	0	0	0	0	0	0	0	0	0	0	0	0	0	0	0	0	0	0	0	0	0	0	0	0	0	0
Orthohepadnavirus	0	0	0	0	0	0	0	0	0	0	0	0	0	0	0	0	0	0	0	0	0	0	0	0	0	0	0	0	0	0	0	0	0	0	0	0	0	0	0	0	0
Orthopoxvirus	0	0	0	0	0	0	0	0	0	0	0	0	0	0	0	0	0	0	0	0	0	0	0	0	0	0	0	0	0	0	0	0	0	0	0	0	0	0	0	0	0
Paraavulavirus	0	0	0	0	0	0	0	0	0	0	0	0	0	0	0	0	0	0	0	0	0	0	0	0	0	0	0	0	0	0	0	0	0	0	0	0	0	0	0	0	0
Parvimonas_micra	0	0	0	0	0	0	0	0	0	0	0	0	0	0	0	0	0	0	0	0	0	0	0	0	0	0	0	0	0	0	0	0	0	0	0	0	0	0	0	0	0
Pasteurella_multocida	0	0	0	0	0	0	0	0	0	0	0	0	0	0	0	0	0	0	0	0	0	0	0	0	0	0	0	0	0	0	0	0	0	0	0	0	0	0	0	0	0
Pasteurella_multocida_subsp._multocida	0	0	0	0	0	0	0	0	0	0	0	0	0	0	0	0	0	0	0	0	0	0	0	0	0	0	0	0	0	0	0	0	0	0	0	0	0	0	0	0	0
Pasteurella_multocida_subsp._multocida_str._3480	0	0	0	0	0	0	0	0	0	0	0	0	0	0	0	0	0	0	0	0	0	0	0	0	0	0	0	0	0	0	0	0	0	0	0	0	0	0	0	0	0
Peptostreptococcus_anaerobius	0	0	0	0	0	0	0	0	0	0	0	0	0	0	0	0	0	0	0	0	0	0	0	0	0	0	0	0	0	0	0	0	0	0	0	0	0	0	0	0	0
Polyomaviridae	0	0	0	0	0	0	0	0	0	0	0	0	0	0	0	0	0	0	0	0	0	0	0	0	0	0	0	0	0	0	0	0	0	0	0	0	0	0	0	0	0
Porphyromonas_gingivalis	0	1.0	0	0	0	0	0	0	0	0	0	0	0	0	0	0	0	0	0	0	0.0	0.0909090909090909	0.0	0.0909090909090909	0.0	0.0909090909090909	0.0	0.0	0.0	0.0	0.0	0.0	0.0	0.07575757575757576	0.0	0.015151515151515152	0.0	0.07575757575757576	0.07575757575757576	0.0	6
Porphyromonas_gingivalis_A7A1-28	0	0	0	0	0	0	0	0	0	0	0	0	0	0	0	0	0	0	0	0	0	0	0	0	0	0	0	0	0	0	0	0	0	0	0	0	0	0	0	0	0
Porphyromonas_gingivalis_ATCC_33277	0	0	0	0	0	0	0	0	0	0	0	0	0	0	0	0	0	0	0	0	0	0	0	0	0	0	0	0	0	0	0	0	0	0	0	0	0	0	0	0	0
Porphyromonas_gingivalis_TDC60	0	0	0	0	0	0	0	0	0	0	0	0	0	0	0	0	0	0	0	0	0	0	0	0	0	0	0	0	0	0	0	0	0	0	0	0	0	0	0	0	0
Porphyromonas_gingivalis_W83	0	0	0	0	0	0	0	0	0	0	0	0	0	0	0	0	0	0	0	0	0	0	0	0	0	0	0	0	0	0	0	0	0	0	0	0	0	0	0	0	0
Rickettsia_africae	0	0	0	0	0	0	0	0	0	0	0	0	0	0	0	0	0	0	0	0	0	0	0	0	0	0	0	0	0	0	0	0	0	0	0	0	0	0	0	0	0
Rickettsia_akari	0	0	0	0	0	0	0	0	0	0	0	0	0	0	0	0	0	0	0	0	0	0	0	0	0	0	0	0	0	0	0	0	0	0	0	0	0	0	0	0	0
Rickettsia_conorii	0	1.0	0	0	0	0	0	0	0	0	0	0	0	0	0	0	0	0	0	0	0.0	0.09090909090909091	0.0	0.0	0.09090909090909091	0.0	0.0	0.09090909090909091	0.0	0.0	0.0	0.0	0.0	0.0	0.0	0.0	0.0	0.0	0.0	0.0	1
Rickettsia_felis	0	0	0	0	0	0	0	0	0	0	0	0	0	0	0	0	0	0	0	0	0	0	0	0	0	0	0	0	0	0	0	0	0	0	0	0	0	0	0	0	0
Rickettsia_japonica	0	0	0	0	0	0	0	0	0	0	0	0	0	0	0	0	0	0	0	0	0	0	0	0	0	0	0	0	0	0	0	0	0	0	0	0	0	0	0	0	0
Rickettsia_prowazekii	0	0	0	0	0	0	0	0	0	0	0	0	0	0	0	0	0	0	0	0	0	0	0	0	0	0	0	0	0	0	0	0	0	0	0	0	0	0	0	0	0
Rickettsia_rickettsii	0	0	0	0	0	0	0	0	0	0	0	0	0	0	0	0	0	0	0	0	0	0	0	0	0	0	0	0	0	0	0	0	0	0	0	0	0	0	0	0	0
Rickettsia_sibirica	0	0	0	0	0	0	0	0	0	0	0	0	0	0	0	0	0	0	0	0	0	0	0	0	0	0	0	0	0	0	0	0	0	0	0	0	0	0	0	0	0
Rickettsia_typhi	0	0	0	0	0	0	0	0	0	0	0	0	0	0	0	0	0	0	0	0	0	0	0	0	0	0	0	0	0	0	0	0	0	0	0	0	0	0	0	0	0
Salmonella_enterica	0	0	0	0	0	0	0	0	0	0	0	0	0	0	0	0	0	0	0	0	0	0	0	0	0	0	0	0	0	0	0	0	0	0	0	0	0	0	0	0	0
Salmonella_enterica_subsp._VII	0	0	0	0	0	0	0	0	0	0	0	0	0	0	0	0	0	0	0	0	0	0	0	0	0	0	0	0	0	0	0	0	0	0	0	0	0	0	0	0	0
Salmonella_enterica_subsp._arizonae	0	0	0	0	0	0	0	0	0	0	0	0	0	0	0	0	0	0	0	0	0.0	0.0	0.09090909090909091	0.09090909090909091	0.0	0.0	0.0	0.0	0.09090909090909091	0.09090909090909091	0.0	0.0	0.0	0.0	0.0	0.0	0.0	0.0	0.09090909090909091	0.0	1
Salmonella_enterica_subsp._diarizonae_serovar_48:i:z	0	0	0	0	0	0	0	0	0	0	0	0	0	0	0	0	0	0	0	0	0	0	0	0	0	0	0	0	0	0	0	0	0	0	0	0	0	0	0	0	0
Salmonella_enterica_subsp._enterica	0	0	0	0	0	0	0	0	0	0	0	0	0	0	0	0	0	0	0	0	0	0	0	0	0	0	0	0	0	0	0	0	0	0	0	0	0	0	0	0	0
Salmonella_enterica_subsp._enterica_serovar_Choleraesuis	0	0	0	0	0	0	0	0	0	0	0	0	0	0	0	0	0	0	0	0	0	0	0	0	0	0	0	0	0	0	0	0	0	0	0	0	0	0	0	0	0
Salmonella_enterica_subsp._enterica_serovar_Derby	0	0	1.0	0	0	0	0	0	0	0	0	0	0	0	0	0	0	0	0	0	0.0	0.0	0.09090909090909091	0.09090909090909091	0.09090909090909091	0.0	0.0	0.0	0.09090909090909091	0.09090909090909091	0.0	0.022727272727272728	0.022727272727272728	0.022727272727272728	0.022727272727272728	0.0	0.0	0.0	0.0	0.0	4
Salmonella_enterica_subsp._enterica_serovar_Krefeld_str._SA20030536	0	0	0	0	0	0	0	0	0	0	0	0	0	0	0	0	0	0	0	0	0	0	0	0	0	0	0	0	0	0	0	0	0	0	0	0	0	0	0	0	0
Salmonella_enterica_subsp._enterica_serovar_Typhimurium	0	0	0	0	0	0	0	0	0	0	0	0	0.3333333333333333	0	0	1.0	0	0	0	0	0.0	0.0	0.0	0.0	0.0	0.0	0.0	0.0	0.0	0.0	0.0	0.0	0.030303030303030304	0.0	0.0	0.06060606060606061	0.0	0.0	0.0	0.0	3
Sheeppox_virus	0	0	0	0	0	0	0	0	0	0	0	0	0	0	0	0	0	0	0	0	0	0	0	0	0	0	0	0	0	0	0	0	0	0	0	0	0	0	0	0	0
Shigella_boydii	0	0	0	0	0	0	0	0	0	0	0	0	0	0	0	0	0	0	0	0	0	0	0	0	0	0	0	0	0	0	0	0	0	0	0	0	0	0	0	0	0
Shigella_dysenteriae	0	0	0	0	0	0	0	0	0	0	0	0	0	0	0	0	0	0	0	0	0	0	0	0	0	0	0	0	0	0	0	0	0	0	0	0	0	0	0	0	0
Shigella_dysenteriae_Sd197	0	0	0	0	0	0	0	0	0	0	0	0	0	0	0	0	0	0	0	0	0	0	0	0	0	0	0	0	0	0	0	0	0	0	0	0	0	0	0	0	0
Shigella_flexneri	0	0	0	0	0	0	0	0	0	0	0	0	0	0	0	0	0	0	0	0	0	0	0	0	0	0	0	0	0	0	0	0	0	0	0	0	0	0	0	0	0
Shigella_sonnei	0	0	0	0	0	0	0	0	0	0	0	0	0	0	0	0	0	0	0	0	0	0	0	0	0	0	0	0	0	0	0	0	0	0	0	0	0	0	0	0	0
Simian_virus_12	0	0	0	0	0	0	0	0	0	0	0	0	0	0	0	0	0	0	0	0	0	0	0	0	0	0	0	0	0	0	0	0	0	0	0	0	0	0	0	0	0
Staphylococcus_aureus	0	0	0	0	0	0	0	0	0	0	0	0	0	0	0	0	0	0	1.0	0	0.09090909090909091	0.0	0.0	0.0	0.09090909090909091	0.0	0.0	0.0	0.0	0.0	0.045454545454545456	0.045454545454545456	0.0	0.0	0.045454545454545456	0.0	0.0	0.0	0.045454545454545456	0.0	2
Staphylococcus_aureus_RF122	0	0	0	0	0	0	0	0	0	0	0	0	0	0	0	0	0	0	0	0	0	0	0	0	0	0	0	0	0	0	0	0	0	0	0	0	0	0	0	0	0
Staphylococcus_cohnii	0	1.0	0	1.0	0	0	0	0	0	0	0	0	0	0	0	0	0	0	0	0	0.0	0.09090909090909091	0.0	0.0606060606060606	0.0	0.0	0.0303030303030303	0.0	0.0606060606060606	0.0	0.0606060606060606	0.0	0.0	0.0	0.0	0.0	0.0	0.0	0.0303030303030303	0.0	9
Staphylococcus_epidermidis	0	0	0	0	0	0	0	0	0	0	0	0	0	0	0	0	0	0	0	0	0	0	0	0	0	0	0	0	0	0	0	0	0	0	0	0	0	0	0	0	0
Staphylococcus_epidermidis_ATCC_12228	0	0	0	0	0	0	0	0	0	0	0	0	0	0	0	0	0	0	0	0	0	0	0	0	0	0	0	0	0	0	0	0	0	0	0	0	0	0	0	0	0
Staphylococcus_equorum	0	0	0	0	0	0	0	0	0	0	0	0	0	0	0	0	0	0	0	0	0	0	0	0	0	0	0	0	0	0	0	0	0	0	0	0	0	0	0	0	0
Staphylococcus_hominis	0	0	0	0	0	0	0	0	0	0	0	0	0	0	0	0	0	0	0	0	0	0	0	0	0	0	0	0	0	0	0	0	0	0	0	0	0	0	0	0	0
Staphylococcus_nepalensis	0	0	0	0	0	0	0	0	0	0	0	0	0	0	0	0	0	0	0	0	0	0	0	0	0	0	0	0	0	0	0	0	0	0	0	0	0	0	0	0	0
Staphylococcus_saprophyticus	0	0	0	0	0	0	0	0	0	0	0	0	0	0	0	0	0	0	0	0	0	0	0	0	0	0	0	0	0	0	0	0	0	0	0	0	0	0	0	0	0
Staphylococcus_simulans	0	0	0	0	0	0	0	0	0	0	0	0	0	0	0	0	0	0	0	0	0	0	0	0	0	0	0	0	0	0	0	0	0	0	0	0	0	0	0	0	0
Staphylococcus_succinus	0	0	0	0	0	0	0	0	0	0	0	0	0	0	0	0	0	0	0	0	0	0	0	0	0	0	0	0	0	0	0	0	0	0	0	0	0	0	0	0	0
Streptococcus_agalactiae	0	0	0	0	0	0	0	0	0	0	0	0	0	0	0	0	0	0	0	0	0	0	0	0	0	0	0	0	0	0	0	0	0	0	0	0	0	0	0	0	0
Streptococcus_anginosus	0	0	0	0	0	0	0	0	0	0	0	0	0	0	0	0	0	0	0	0	0	0	0	0	0	0	0	0	0	0	0	0	0	0	0	0	0	0	0	0	0
Streptococcus_canis	0	0	0	0	0	0	0	0	0	0	0	0	0	0	0	0	0	0	0	0	0	0	0	0	0	0	0	0	0	0	0	0	0	0	0	0	0	0	0	0	0
Streptococcus_cristatus	0	0	0	0	0	0	0	0	0	0	0	0	0	0	0	0	0	0	0	0	0	0	0	0	0	0	0	0	0	0	0	0	0	0	0	0	0	0	0	0	0
Streptococcus_dysgalactiae	0	0	0	0	0	0	0	0	0	0	0	0	0	0	0	0	0	0	0	0	0	0	0	0	0	0	0	0	0	0	0	0	0	0	0	0	0	0	0	0	0
Streptococcus_dysgalactiae_subsp._dysgalactiae	0	0	0	0	0	0	0	0	0	0	0	0	0	0	0	0	0	0	0	0	0	0	0	0	0	0	0	0	0	0	0	0	0	0	0	0	0	0	0	0	0
Streptococcus_equi	0	0	0	0	0	0	0	0	0	0	0	0	0	0	0	0	0	0	0	0	0	0	0	0	0	0	0	0	0	0	0	0	0	0	0	0	0	0	0	0	0
Streptococcus_equi_subsp._equi	0	0	0	0	0	0	0	0	0	0	0	0	0	0	0	0	0	0	0	0	0	0	0	0	0	0	0	0	0	0	0	0	0	0	0	0	0	0	0	0	0
Streptococcus_equi_subsp._zooepidemicus	0	0	0	0	0	0	0	0	0	0	0	0	0	0	0	0	0	0	0	0	0	0	0	0	0	0	0	0	0	0	0	0	0	0	0	0	0	0	0	0	0
Streptococcus_gallolyticus	0	0	0	0	0	0	0	0	0	0	0	0	0	0	0	0	0	0	0	0	0	0	0	0	0	0	0	0	0	0	0	0	0	0	0	0	0	0	0	0	0
Streptococcus_gordonii	0	0	0	0	0	0	0	0	0	0	0	0	0	0	0	0	0	0	0	0	0	0	0	0	0	0	0	0	0	0	0	0	0	0	0	0	0	0	0	0	0
Streptococcus_gordonii_str._Challis_substr._CH1	0	0	0	0	0	0	0	0	0	0	0	0	0	0	0	0	0	0	0	0	0	0	0	0	0	0	0	0	0	0	0	0	0	0	0	0	0	0	0	0	0
Streptococcus_intermedius	0	0	0	0	0	0	0	0	0	0	0	0	0	0	0	0	0	0	0	0	0	0	0	0	0	0	0	0	0	0	0	0	0	0	0	0	0	0	0	0	0
Streptococcus_lutetiensis	0	0	0	0	0	0	0	0	0	0	0	0	0	0	0	0	0	0	0	0	0	0	0	0	0	0	0	0	0	0	0	0	0	0	0	0	0	0	0	0	0
Streptococcus_milleri	0	0	0	0	0	0	0	0	0	0	0	0	0	0	0	0	0	0	0	0	0	0	0	0	0	0	0	0	0	0	0	0	0	0	0	0	0	0	0	0	0
Streptococcus_mitis	0	0	0	0	0	0	0	0	0	0	0	0	0	0	0	0	0	0	0	0	0	0	0	0	0	0	0	0	0	0	0	0	0	0	0	0	0	0	0	0	0
Streptococcus_mutans	0	0	0	0	0	0	0	0	0	0	0	0	0	0	0	0	0	0	0	0	0	0	0	0	0	0	0	0	0	0	0	0	0	0	0	0	0	0	0	0	0
Streptococcus_oralis	0	0	0	0	0	0	0	0	0	0	0	0	0	0	0	0	0	0	0	0	0	0	0	0	0	0	0	0	0	0	0	0	0	0	0	0	0	0	0	0	0
Streptococcus_oralis_subsp._oralis	0	0	0	0	0	0	0	0	0	0	0	0	0	0	0	0	0	0	0	0	0	0	0	0	0	0	0	0	0	0	0	0	0	0	0	0	0	0	0	0	0
Streptococcus_parauberis	0	0	0	0	0	0	0	0	0	0	0	0	0	0	0	0	0	0	0	0	0	0	0	0	0	0	0	0	0	0	0	0	0	0	0	0	0	0	0	0	0
Streptococcus_parauberis_NCFD_2020	0	0	0	0	0	0	0	0	0	0	0	0	0	0	0	0	0	0	0	0	0	0	0	0	0	0	0	0	0	0	0	0	0	0	0	0	0	0	0	0	0
Streptococcus_pneumoniae	0	0	0	0	0	0	0	0	0	0	0	0	0	0	0	0	0	0	0	0	0	0	0	0	0	0	0	0	0	0	0	0	0	0	0	0	0	0	0	0	0
Streptococcus_pyogenes	0	0	0	0	0	0	0	0	0	0	0	0	0	0	0	0	0	0	0	0	0	0	0	0	0	0	0	0	0	0	0	0	0	0	0	0	0	0	0	0	0
Streptococcus_salivarius	0	0	0	0	0	0	0	0	0	0	0	0	0	0	0	0	0	0	0	0	0	0	0	0	0	0	0	0	0	0	0	0	0	0	0	0	0	0	0	0	0
Streptococcus_sanguinis	0	0	0	0	0	0	0	0	0	0	0	0	0	0	0	0	0	0	0	0	0	0	0	0	0	0	0	0	0	0	0	0	0	0	0	0	0	0	0	0	0
Streptococcus_sp._HSISM1	0	0	0	0	0	0	0	0	0	0	0	0	0	0	0	0	0	0	0	0	0	0	0	0	0	0	0	0	0	0	0	0	0	0	0	0	0	0	0	0	0
Streptococcus_suis	0	0	0	0	0	0	0	0	0	0	0	0	0	0	0	0	0	0	0	0	0	0	0	0	0	0	0	0	0	0	0	0	0	0	0	0	0	0	0	0	0
Streptococcus_suis_6407	0	0	0	0	0	0	0	0	0	0	0	0	0	0	0	0	0	0	0	0	0	0	0	0	0	0	0	0	0	0	0	0	0	0	0	0	0	0	0	0	0
Streptococcus_suis_D12	0	0	0	0	0	0	0	0	0	0	0	0	0	0	0	0	0	0	0	0	0	0	0	0	0	0	0	0	0	0	0	0	0	0	0	0	0	0	0	0	0
Streptococcus_suis_JS14	0	0	0	0	0	0	0	0	0	0	0	0	0	0	0	0	0	0	0	0	0	0	0	0	0	0	0	0	0	0	0	0	0	0	0	0	0	0	0	0	0
Streptococcus_thermophilus	0	0	0	0	0	0	0	0	0	0	0	0	0	0	0	0	0	0	0	0	0	0	0	0	0	0	0	0	0	0	0	0	0	0	0	0	0	0	0	0	0
Tannerella_forsythia	0	0	0	0	0	0	0	0	0	0	0	0	0	0	0	0	0	0	0	0	0	0	0	0	0	0	0	0	0	0	0	0	0	0	0	0	0	0	0	0	0
Tannerella_forsythia_92A2	0	0	0	0	0	0	0	0	0	0	0	0	0	0	0	0	0	0	0	0	0	0	0	0	0	0	0	0	0	0	0	0	0	0	0	0	0	0	0	0	0
Treponema	0.3333333333333333	0	0	0.14285714285714285	0	0	0	0	0	0	0	0	0	0	0	0	0.7272727272727273	0	0	0.3333333333333333	0.024793388429752063	0.008264462809917356	0.008264462809917356	0.01652892561983471	0.0	0.008264462809917356	0.01652892561983471	0.0	0.0	0.008264462809917356	0.01652892561983471	0.0	0.0	0.008264462809917356	0.05785123966942149	0.0	0.06611570247933884	0.01652892561983471	0.04132231404958678	0.04958677685950413	11
Treponema_azotonutricium_ZAS-9	0	0	0	0	0	0	0	0	0	0	0	0	0	0	0	0	0	0	0	0	0	0	0	0	0	0	0	0	0	0	0	0	0	0	0	0	0	0	0	0	0
Treponema_brennaborense_DSM_12168	0	0	0	0	0	0	0	0	0	0	0	0	0	0	0	0	0	0	0	0	0	0	0	0	0	0	0	0	0	0	0	0	0	0	0	0	0	0	0	0	0
Treponema_caldarium_DSM_7334	0	1.0	0	0	0	0	0	0	0	0	0	0	0	0	0	0	0	0	0	0	0.09090909090909091	0.09090909090909091	0.09090909090909091	0.0	0.0	0.0	0.0	0.0	0.0	0.0	0.0	0.0	0.0	0.0	0.0	0.0	0.0	0.0	0.0	0.0	1
Treponema_denticola	0	0	0	0	0	0	0	0	0	0	0	0	0	0	0	0	0	0	0	0	0	0	0	0	0	0	0	0	0	0	0	0	0	0	0	0	0	0	0	0	0
Treponema_denticola_ATCC_35405	0	0	0	0	0	0	0	0	0	0	0	0	0	0	0	0	0	0	0	0	0	0	0	0	0	0	0	0	0	0	0	0	0	0	0	0	0	0	0	0	0
Treponema_medium	0	0	0	0	0	0	0	0	0	0	0	0	0	0	0	0	0	0	0	0	0	0	0	0	0	0	0	0	0	0	0	0	0	0	0	0	0	0	0	0	0
Treponema_pallidum	0	0	0	0	0	0	0	0	0	0	0	0	0	0	0	0	0	0	0	0	0	0	0	0	0	0	0	0	0	0	0	0	0	0	0	0	0	0	0	0	0
Treponema_pallidum_subsp._pallidum	0	0	0	0	0	0	0	0	0	0	0	0	0	0	0	0	0	0	0	0	0	0	0	0	0	0	0	0	0	0	0	0	0	0	0	0	0	0	0	0	0
Treponema_pallidum_subsp._pertenue	0	0	0	0	0	0	0	0	0	0	0	0	0	0	0	0	0	0	0	0	0	0	0	0	0	0	0	0	0	0	0	0	0	0	0	0	0	0	0	0	0
Treponema_phagedenis	0	0	0	0	0	0	0	0	0	0	0	0	0	0	0	0	0	0	0	0	0	0	0	0	0	0	0	0	0	0	0	0	0	0	0	0	0	0	0	0	0
Treponema_primitia_ZAS-2	0	0	0	0	1.0	0	0	0	0	0	0	0	0	0	0	0	0	0.5	0	0	0.0	0.0	0.0	0.0	0.045454545454545456	0.0	0.0	0.0	0.0	0.0	0.0	0.0	0.0	0.0	0.0	0.0	0.0	0.045454545454545456	0.0	0.0	2
Treponema_putidum	0	0	0	0	0	0	0	0	0	0	0	0	0	0	0	0	0	0	0	0	0	0	0	0	0	0	0	0	0	0	0	0	0	0	0	0	0	0	0	0	0
Treponema_ruminis	0	0	0	0	0	0	0	0	0	0	0	0	0	0	0	0	0	0	0	0	0	0	0	0	0	0	0	0	0	0	0	0	0	0	0	0	0	0	0	0	0
Treponema_socranskii_subsp._buccale	0	0	0	0	0	0	0	0	0	0	0	0	0	0	0	0	0	0	0	0	0	0	0	0	0	0	0	0	0	0	0	0	0	0	0	0	0	0	0	0	0
Treponema_vincentii	0	0	0	0	0	0	0	0	0	0	0	0	0	0	0	0	0	0	0	0	0	0	0	0	0	0	0	0	0	0	0	0	0	0	0	0	0	0	0	0	0
Veillonella_parvula	0	0	0	0	0	0	0	0	0	0	0	0	0	0	0	0	0	0	0	0	0	0	0	0	0	0	0	0	0	0	0	0	0	0	0	0	0	0	0	0	0
Vesicular_stomatitis_Indiana_virus	0	0	0	0	0	0	0	0	0	0	0	0	0	0	0	0	0	0	0	0	0	0	0	0	0	0	0	0	0	0	0	0	0	0	0	0	0	0	0	0	0
Vibrio_anguillarum	0	0	0	0	0	0	0	0	0	0	0	0	0	0	0	0	0	0	0	0	0	0	0	0	0	0	0	0	0	0	0	0	0	0	0	0	0	0	0	0	0
Vibrio_cholerae	0	0	0	0	0	0	0	0	0	0	0	0	0	0	0	0	0	0	0	0	0	0	0	0	0	0	0	0	0	0	0	0	0	0	0	0	0	0	0	0	0
Vibrio_furnissii	0	0	0	0	0	0	0	0	0	0	0	0	0	0	0	0	0	0	0	0	0	0	0	0	0	0	0	0	0	0	0	0	0	0	0	0	0	0	0	0	0
Vibrio_furnissii_NCTC_11218	0	0	0	0	0	0	0	0	0	0	0	0	0	0	0	0	0	0	0	0	0	0	0	0	0	0	0	0	0	0	0	0	0	0	0	0	0	0	0	0	0
Vibrio_parahaemolyticus	0	0	0	0	0	0	0	0	0	0	0	0	0	0	0	0	0	0	0	0	0	0	0	0	0	0	0	0	0	0	0	0	0	0	0	0	0	0	0	0	0
Vibrio_parahaemolyticus_UCM-V493	0	0	0	0	0	0	0	0	0	0	0	0	0	0	0	0	0	0	0	0	0	0	0	0	0	0	0	0	0	0	0	0	0	0	0	0	0	0	0	0	0
Vibrio_splendidus	0	0	0	0	0	0	0	0	0	0	0	0	0	0	0	0	0	0	0	0	0	0	0	0	0	0	0	0	0	0	0	0	0	0	0	0	0	0	0	0	0
Vibrio_vulnificus	0	0	0	0	0.3333333333333333	0	0	0	0	0	0	0	0	0	0	0	1.0	0	0	0	0.0	0.0909090909090909	0.06060606060606061	0.0	0.030303030303030304	0.0	0.030303030303030304	0.030303030303030304	0.0	0.0	0.0	0.0	0.0	0.030303030303030304	0.030303030303030304	0.030303030303030304	0.030303030303030304	0.0	0.0	0.0	3
Vibrio_vulnificus_Env1	0	0	0	0	0	0	0	0	0	0	0	1.0	0	0	0	0	0	0	0	0.6666666666666666	0.0	0.0909090909090909	0.0	0.0	0.0	0.0909090909090909	0.0	0.0909090909090909	0.06060606060606061	0.0	0.06060606060606061	0.0909090909090909	0.0	0.0	0.0	0.0	0.0	0.0	0.06060606060606061	0.06060606060606061	3
Vibrio_vulnificus_NBRC_15645_=_ATCC_27562	0	0	0	0	0	0	0	0	0	0	0	0	0	0	0	0	0	0	0	0	0	0	0	0	0	0	0	0	0	0	0	0	0	0	0	0	0	0	0	0	0
Vibrio_vulnificus_YJ016	0	0	0	0	0	0	0	0	0	0	0	0	0	0	0	0	0	0	0	0	0	0	0	0	0	0	0	0	0	0	0	0	0	0	0	0	0	0	0	0	0
Yersinia_aldovae	0	0	0	0	0	0	0	0	0	0	0	0	0	0	0	0	0	0	0	0	0	0	0	0	0	0	0	0	0	0	0	0	0	0	0	0	0	0	0	0	0
Yersinia_aldovae_670-83	0	0	0	0	0	0	0	0	0	0	0	0	0	0	0	0	0	0	0	0	0	0	0	0	0	0	0	0	0	0	0	0	0	0	0	0	0	0	0	0	0
Yersinia_aleksiciae	0	0	0	0	0	0	0	0	0	0	0	0	0	0	0	0	0	0	0	0	0	0	0	0	0	0	0	0	0	0	0	0	0	0	0	0	0	0	0	0	0
Yersinia_enterocolitica	0	0	0	0	0	0	0	0	0	0	0	0	0	0	0	0	0	0	0	0	0	0	0	0	0	0	0	0	0	0	0	0	0	0	0	0	0	0	0	0	0
Yersinia_intermedia	0	0	0	0	0	0	0	0	0	0	0	0	0	0	0	0	0	0	0	0	0	0	0	0	0	0	0	0	0	0	0	0	0	0	0	0	0	0	0	0	0
Yersinia_pestis	0	0	0	0	0	0	0	0	0	0	0	0	0	0	0	0	0	0	0	0	0	0	0	0	0	0	0	0	0	0	0	0	0	0	0	0	0	0	0	0	0
Yersinia_pestis_1412	0	0	0	0	0	0	0	0	0	0	0	0	0	0	0	0	0	0	0	0	0	0	0	0	0	0	0	0	0	0	0	0	0	0	0	0	0	0	0	0	0
Yersinia_pestis_3067	0	0	0	0	0	0	0	0	0	0	0	0	0	0	0	0	0	0	0	0	0	0	0	0	0	0	0	0	0	0	0	0	0	0	0	0	0	0	0	0	0
Yersinia_pestis_8787	0	0	0	0	0	0	0	0	0	0	0	0	0	0	0	0	0	0	0	0	0	0	0	0	0	0	0	0	0	0	0	0	0	0	0	0	0	0	0	0	0
Yersinia_pestis_CO92	0	0	0	0	0	0	0	0	0	0	0	0	0	0	0	0	0	0	0	0	0	0	0	0	0	0	0	0	0	0	0	0	0	0	0	0	0	0	0	0	0
Yersinia_pestis_Pestoides_F	0	0	0	0	0	0	0	0	0	0	0	0	0	0	0	0	0	0	0	0	0	0	0	0	0	0	0	0	0	0	0	0	0	0	0	0	0	0	0	0	0
Yersinia_pseudotuberculosis	0	0	0	0	0	0	0	0	0	0	0	0	0	0	0	0	0	0	0	0	0	0	0	0	0	0	0	0	0	0	0	0	0	0	0	0	0	0	0	0	0
Yersinia_pseudotuberculosis_complex	0	0	0	0	0	1.0	0	0	0	0	0	0	0	0	0	0	0	0	0	1.0	0.0	0.0	0.09090909090909091	0.0	0.0	0.09090909090909091	0.0	0.0	0.0	0.0	0.0	0.0	0.0	0.0	0.0	0.0	0.06818181818181818	0.0	0.0	0.06818181818181818	4
Yersinia_rohdei	0	0	0	0	0	0	0	0	0	0	0	0	0	0	0	0	0	0	0	0	0	0	0	0	0	0	0	0	0	0	0	0	0	0	0	0	0	0	0	0	0
Yersinia_ruckeri	0	0	0	0	0	0	0	0	0	0	0	0	0	0	0	0	0	0	0	0	0	0	0	0	0	0	0	0	0	0	0	0	0	0	0	0	0	0	0	0	0
Yersinia_similis	0	0	0	0	0	0	0	0	0	0	0	0	0	0	0	0	0	0	0	0	0	0	0	0	0	0	0	0	0	0	0	0	0	0	0	0	0	0	0	0	0
