Taxon	Mean	GeometricMean	Median	StandardDev
Actinobacillus_equuli	61.285714285714285	60.608868417072465	60.0	8.894621167553215
Actinobacillus_pleuropneumoniae	68.6	65.84462834379327	60.0	20.648435648659735
Actinobacillus_pleuropneumoniae_serovar_4_str._M62	47.0	46.99999999999999	47.0	0.0
Actinobacillus_pleuropneumoniae_serovar_6_str._Femo	57.5	57.445626465380286	57.5	3.5355339059327378
Actinobacillus_pleuropneumoniae_serovar_9_str._CVJ13261	49.875	48.61234848583604	53.5	11.544169833420554
African_swine_fever_virus	0	0	0	0
Aphthovirus	0	0	0	0
Arcanobacterium_haemolyticum	50.666666666666664	48.657615964587194	60.0	16.165807537309522
Aspergillus_fumigatus	0	0	0	0
Bartonella_bacilliformis	58.46153846153846	57.79583916664307	60.0	8.959309726158079
Bartonella_henselae	64.0	60.97592977855375	60.0	23.323807579381203
Bartonella_quintana	51.0	50.19017667784828	53.0	9.38083151964686
Bartonella_quintana_RM-11	49.5	48.37354648979129	49.5	12.12435565298214
Blastomyces_dermatitidis	0	0	0	0
Bordetella_bronchialis	59.01017811704834	57.84597120678074	60.0	11.770765334073463
Bordetella_bronchiseptica	62.03548387096774	60.50697657204693	60.0	14.464173984474101
Bordetella_genomosp._13	60.8839590443686	59.48720235144721	60.0	13.279899933655125
Bordetella_pertussis	60.24603174603175	58.99290838875249	60.0	12.40173310981108
Bordetella_pertussis_137	60.25	58.353498162704994	60.0	15.953056133543816
Bordetella_pertussis_18323	62.0	61.094323024600996	60.0	10.51189802081432
Bordetella_petrii	61.675324675324674	60.19327932131495	60.0	14.025642669071313
Bordetella_trematum	61.3262599469496	59.9698028450279	60.0	13.140289476162778
Borrelia_crocidurae	0	0	0	0
Borrelia_crocidurae_DOU	47.5	45.825756949558404	47.5	17.67766952966369
Borrelia_recurrentis	0	0	0	0
Borreliella_afzelii	51.5	51.08815909777917	51.5	7.505553499465135
Borreliella_afzelii_K78	33.0	33.0	33.0	0.0
Borreliella_afzelii_Tom3107	60.0	59.999999999999986	60.0	0.0
Borreliella_burgdorferi	37.0	36.99999999999999	37.0	0.0
Borreliella_burgdorferi_N40	60.0	59.999999999999986	60.0	0.0
Borreliella_garinii	70.0	69.2820323027551	70.0	14.142135623730951
Borreliella_garinii_BgVir	44.0	43.99999999999999	44.0	0.0
Bovine_rhinitis_A_virus	0	0	0	0
Brucella_abortus	70.4	68.23550795239635	65.0	19.616319736382767
Brucella_abortus_bv._6_str._870	61.333333333333336	61.10454168744781	65.0	6.3508529610858835
Brucella_canis	0	0	0	0
Brucella_melitensis	42.0	41.988093550434044	42.0	1.4142135623730951
Brucella_melitensis_bv._2_str._63/9	62.666666666666664	61.13653590877539	58.0	15.908069231263317
Brucella_microti	0	0	0	0
Brucella_ovis	0	0	0	0
Brucella_ovis_ATCC_25840	59.833333333333336	58.88103304175322	62.5	11.513759884011247
Brucella_suis	52.625	50.550228939875865	60.0	15.080143045930111
Brucella_suis_019	60.0	59.999999999999986	60.0	0.0
Brucella_suis_bv._2	48.5	48.16954990900098	46.0	6.6257075093909785
Burkholderia_cepacia	59.4343163538874	57.88061209844724	60.0	13.670826873100047
Burkholderia_cepacia_ATCC_25416	58.65384615384615	57.376222512809306	60.0	12.370076133235369
Burkholderia_cepacia_JBK9	56.89430894308943	54.90895816395956	60.0	15.48707182058323
Burkholderia_gladioli	61.35302197802197	59.90050235182163	60.0	13.85403736245252
Burkholderia_gladioli_BSR3	62.36764705882353	61.160399660259735	60.0	12.553771057176059
Burkholderia_gladioli_pv._gladioli	62.72246696035242	61.1022178113746	60.0	14.811050348641666
Burkholderia_mallei	64.2	62.70753600022253	60.0	14.94848296173036
Burkholderia_mallei_NCTC_10229	66.0	65.99999999999997	66.0	0.0
Burkholderia_mallei_NCTC_10247	54.5	53.80448444306593	60.0	8.983317872590282
Burkholderia_multivorans	58.535008976660684	56.708182410561164	60.0	15.164954352470344
Burkholderia_multivorans_ATCC_17616	60.84426229508197	58.52609702461637	60.0	16.98614919065904
Burkholderia_multivorans_ATCC_BAA-247	60.76162790697674	59.14509308435734	60.0	14.35009765115135
Burkholderia_pseudomallei	60.919642857142854	59.20197348113883	60.0	14.737547540048705
Burkholderia_pseudomallei_1106b	66.42857142857143	64.91617844929146	60.0	15.657494782280557
Burkholderia_pseudomallei_1710a	48.0	48.00000000000001	48.0	0.0
Burkholderia_pseudomallei_1710b	60.0	59.999999999999986	60.0	0.0
Burkholderia_pseudomallei_7894	56.57142857142857	55.93835512419974	60.0	8.223080178318074
Burkholderia_pseudomallei_B03	55.36363636363637	53.92225183696254	60.0	13.276089237970096
Burkholderia_pseudomallei_MSHR1153	61.5	61.057926660792894	60.0	8.502940667792526
Burkholderia_pseudomallei_MSHR2543	72.5	70.19019786551571	74.0	18.92881401461803
Burkholderia_pseudomallei_MSHR346	64.61111111111111	63.57595762040588	60.0	12.500065359306252
Burkholderia_pseudomallei_MSHR435	59.90909090909091	59.73672340240638	60.0	4.700096710803842
Burkholderia_pseudomallei_NCTC_13179	64.28571428571429	62.235400219235515	60.0	17.39773889565304
Burkholderia_pseudomallei_Pasteur_52237	54.333333333333336	53.69373958207248	60.0	9.814954576223638
Campylobacter_coli	53.72727272727273	53.28403058834968	54.0	6.886086103018305
Campylobacter_coli_76339	58.0	56.79272207219535	60.0	14.106735979665885
Campylobacter_coli_RM4661	60.4	58.368671492025335	60.0	18.31119875922928
Campylobacter_fetus	60.0	59.999999999999986	60.0	0.0
Campylobacter_fetus_subsp._testudinum_Sp3	56.0	55.69906600335333	60.0	6.928203230275509
Campylobacter_gracilis	60.42857142857143	59.296702289141386	60.0	11.651486723038518
Campylobacter_showae	42.833333333333336	42.64369502252889	41.5	4.445971959725641
Canine_morbillivirus	0	0	0	0
Chlamydia_abortus	0	0	0	0
Chlamydia_abortus_LLG	59.8	59.584507465199295	60.0	5.674504383644442
Chlamydia_caviae	0	0	0	0
Chlamydia_caviae_GPIC	63.0	62.59520136625142	60.0	8.276472678623424
Chlamydia_felis	0	0	0	0
Chlamydia_felis_Fe/C-56	51.6	50.763209291975386	51.0	9.813256340277675
Chlamydia_muridarum	52.666666666666664	51.52626931410395	60.0	12.701705922171767
Chlamydia_pecorum	0	0	0	0
Chlamydia_pecorum_P787	52.4	51.523373754376244	60.0	10.406728592598157
Chlamydia_pneumoniae	56.8	56.55432685296912	60.0	5.761944116355173
Chlamydia_pneumoniae_AR39	53.90909090909091	53.02546379016445	60.0	9.481081641400896
Chlamydia_psittaci	0	0	0	0
Chlamydia_suis	47.0	46.73244691665995	45.0	5.585696017507576
Chlamydia_trachomatis	0	0	0	0
Chlamydia_trachomatis_6276	50.0	49.99999999999999	50.0	0.0
Corynebacterium_ammoniagenes	68.38461538461539	66.76000162191703	70.0	15.33263655050049
Corynebacterium_amycolatum	72.70833333333333	68.26614993990619	61.0	25.287011903633314
Corynebacterium_bovis	60.513966480446925	59.41752715675596	60.0	11.70103113765037
Corynebacterium_crudilactis	74.0	72.76308664158347	73.0	13.61693991437059
Corynebacterium_diphtheriae	49.18181818181818	47.891285814569216	51.0	11.142873792861353
Corynebacterium_diphtheriae_HC03	59.4	58.41883083691013	60.0	11.696153213770756
Corynebacterium_diphtheriae_NCTC_13129	60.0	59.999999999999986	60.0	0.0
Corynebacterium_jeikeium	54.32608695652174	53.039439199705875	60.0	11.0333924425931
Corynebacterium_jeikeium_K411	64.43478260869566	62.72751619769414	60.0	15.165229629758997
Corynebacterium_kroppenstedtii	63.31372549019608	61.47180445596414	60.0	15.721946693814258
Corynebacterium_kroppenstedtii_DSM_44385	57.1	56.3759854102923	60.0	9.290975310602338
Corynebacterium_maris	0	0	0	0
Corynebacterium_maris_DSM_45190	59.05882352941177	57.51838952081014	60.0	13.846928654220765
Corynebacterium_matruchotii	63.69090909090909	61.486290917140465	60.0	18.05944169523062
Corynebacterium_minutissimum	60.23529411764706	58.680981970342735	60.0	13.874019372454296
Corynebacterium_pseudotuberculosis	48.45454545454545	47.05728793303495	43.0	13.02584842813424
Corynebacterium_pseudotuberculosis_Cp162	51.75	51.433927734578376	51.0	6.652067347825035
Corynebacterium_renale	59.5	57.72158674032213	60.0	14.693845341131466
Corynebacterium_segmentosum	55.15	54.439788456745575	60.0	8.67103466174961
Corynebacterium_sphenisci	0	0	0	0
Corynebacterium_sphenisci_DSM_44792	59.12637362637362	57.44783212766421	60.0	14.378869819078163
Corynebacterium_stationis	69.05555555555556	65.8625105646683	73.0	20.060122051772915
Corynebacterium_striatum	51.76315789473684	49.94977228174062	50.0	13.639042152558233
Corynebacterium_urealyticum	55.41935483870968	54.37756205025449	60.0	10.741738510900324
Corynebacterium_ureicelerivorans	59.04545454545455	57.42351241076858	60.0	13.663658377378283
Corynebacterium_xerosis	59.49593495934959	57.94602981327463	60.0	13.68640224057503
Cowpox_virus	0	0	0	0
Coxiella_burnetii	63.064516129032256	62.265336248552806	60.0	10.430517672902491
Coxiella_burnetii_Dugway_5J108-111	58.857142857142854	58.66003189475408	60.0	5.145501965424799
Coxiella_burnetii_str._Schperling	63.266666666666666	61.414787444662274	60.0	16.653899872173515
Cryptosporidium	0	0	0	0
Cryptosporidium_parvum	0	0	0	0
Deltaretrovirus	0	0	0	0
Ectromelia_virus	44.0	43.99999999999999	44.0	0.0
Ehrlichia_canis	0	0	0	0
Ehrlichia_canis_str._Jake	56.333333333333336	56.083209632043804	60.0	6.3508529610858835
Enterococcus_avium	67.0	63.99496753722816	60.0	21.533327901797154
Enterococcus_casseliflavus	55.51851851851852	54.88954479753809	60.0	8.111579426826863
Enterococcus_casseliflavus_EC20	56.666666666666664	54.52034703053122	60.0	18.230011885167087
Enterococcus_cecorum	60.0	57.81197849989321	60.0	16.95984562536946
Enterococcus_durans	51.0	49.45816794782645	53.5	12.928374110570019
Enterococcus_faecalis	65.68	64.05877779463043	60.0	16.084982644276206
Enterococcus_faecalis_62	91.0	90.99999999999997	91.0	0.0
Enterococcus_faecalis_ATCC_29212	77.0	77.00000000000001	77.0	0.0
Enterococcus_faecium	59.53846153846154	57.42326608126278	57.0	17.27529731830678
Enterococcus_faecium_ATCC_8459_=_NRRL_B-2354	55.2	55.02533659668046	54.0	5.06951674225463
Enterococcus_hirae	51.833333333333336	50.94761466592431	49.0	10.703581954965667
Enterococcus_hirae_ATCC_9790	61.0	60.79363399004593	63.0	5.656854249492381
Enterococcus_mundtii	54.714285714285715	53.173804107862885	55.0	13.493181021017024
Enterovirus_B	0	0	0	0
Epizootic_hemorrhagic_disease_virus_(serotype_1_/_strain_New_Jersey)	0	0	0	0
Equine_rhinitis_A_virus	0	0	0	0
Erysipelothrix_rhusiopathiae	55.36363636363637	54.47626324276983	60.0	10.042636379683646
Erysipelothrix_rhusiopathiae_str._Fujisawa	55.0	54.67174773134657	55.0	8.48528137423857
Erythroparvovirus	0	0	0	0
Escherichia_coli	61.96330275229358	60.433672900996676	60.0	14.136230226240917
Escherichia_coli_042	48.0	48.00000000000001	48.0	0.0
Escherichia_coli_ED1a	60.0	59.999999999999986	60.0	0.0
Escherichia_coli_ETEC_H10407	60.0	59.999999999999986	60.0	0.0
Escherichia_coli_Nissle_1917	67.0	66.31256697552692	60.0	12.12435565298214
Escherichia_coli_O104:H4	40.0	40.0	40.0	0.0
Escherichia_coli_O111	60.0	59.999999999999986	60.0	0.0
Escherichia_coli_O111:NM	61.0	61.00000000000001	61.0	0.0
Escherichia_coli_O139	42.25	41.146981993126715	37.0	11.98262631201246
Escherichia_coli_O145_str._RM9872	60.0	59.999999999999986	60.0	0.0
Escherichia_coli_O150	36.0	36.0	36.0	0.0
Escherichia_coli_O157:H7	60.0	59.999999999999986	60.0	0.0
Escherichia_coli_O158	60.0	59.999999999999986	60.0	0.0
Escherichia_coli_O19	60.0	59.999999999999986	60.0	0.0
Escherichia_coli_O25:H4	62.0	62.00000000000001	62.0	0.0
Escherichia_coli_O25b:H4	63.0	62.928530890209046	63.0	4.242640687119285
Escherichia_coli_O26	0	0	0	0
Escherichia_coli_O55:H7	52.0	52.00000000000001	52.0	0.0
Escherichia_coli_UMN026	60.0	59.999999999999986	60.0	0.0
Escherichia_coli_UMNK88	65.0	64.99999999999999	65.0	0.0
Escherichia_coli_UTI89	69.5	68.17624219623727	69.5	19.091883092036785
Escherichia_coli_str._K-12_substr._MG1655star	51.0	51.0	51.0	0.0
Francisella_tularensis	44.666666666666664	43.42714717991115	39.0	13.428824718989123
Francisella_tularensis_subsp._novicida	56.57142857142857	56.12576235959774	60.0	7.390470053998434
Francisella_tularensis_subsp._novicida_PA10-7858	41.0	41.00000000000001	41.0	0.0
Francisella_tularensis_subsp._novicida_U112	60.0	59.999999999999986	60.0	0.0
Francisella_tularensis_subsp._tularensis_WY96-3418	60.5	60.49793384901669	60.5	0.7071067811865476
Fusobacterium	52.96875	51.78194925075465	55.5	11.483554493688954
Fusobacterium_canifelinum	63.0	59.64884729035822	58.0	23.605084198112916
Fusobacterium_gastrosuis	49.142857142857146	48.518099418169854	50.0	8.414839499926533
Fusobacterium_gonidiaformans_ATCC_25563	66.41666666666667	63.72560682119888	73.0	19.327128053279896
Fusobacterium_hwasookii	42.0	41.492358462745955	43.0	7.393691004272944
Fusobacterium_hwasookii_ChDC_F174	56.0	55.26746065148992	60.0	9.033271832508971
Fusobacterium_hwasookii_ChDC_F206	57.0	57.00000000000001	57.0	0.0
Fusobacterium_mortiferum_ATCC_9817	59.30769230769231	57.62374709708961	61.0	13.523957848848683
Fusobacterium_necrophorum	58.333333333333336	57.22960633370862	60.0	13.576941236277534
Fusobacterium_necrophorum_subsp._funduliforme	59.0	58.985021846393344	60.0	1.4142135623730951
Fusobacterium_nucleatum	63.25	63.015030793183236	60.0	6.5
Fusobacterium_nucleatum_subsp._animalis	60.58620689655172	59.79686706999412	60.0	9.279459811014672
Fusobacterium_nucleatum_subsp._animalis_21_1A	49.0	48.210524984275885	47.5	10.23067283548187
Fusobacterium_nucleatum_subsp._animalis_4_8	72.66666666666667	70.16424019407913	60.0	24.583192089989726
Fusobacterium_nucleatum_subsp._animalis_7_1	59.0	59.000000000000014	59.0	0.0
Fusobacterium_nucleatum_subsp._nucleatum_ATCC_23726	60.0	59.999999999999986	60.0	0.0
Fusobacterium_nucleatum_subsp._nucleatum_ChDC_F316	50.75	50.459039696829834	49.0	6.4485140407177015
Fusobacterium_nucleatum_subsp._polymorphum	57.48275862068966	56.944801138499905	60.0	7.854119436208402
Fusobacterium_nucleatum_subsp._polymorphum_ATCC_10953	58.8	58.748901741658614	60.0	2.683281572999748
Fusobacterium_nucleatum_subsp._vincentii	51.333333333333336	50.98577073236653	47.0	7.505553499465135
Fusobacterium_nucleatum_subsp._vincentii_3_1_27	51.0	51.0	51.0	0.0
Fusobacterium_nucleatum_subsp._vincentii_ChDC_F8	59.5	59.49789912257407	59.5	0.7071067811865476
Fusobacterium_periodonticum	51.333333333333336	50.91643369659487	50.0	8.082903768654761
Fusobacterium_pseudoperiodonticum	56.388888888888886	54.808492817476534	60.0	13.668938118268214
Fusobacterium_sp._oral_taxon_203	54.0	54.00000000000001	54.0	0.0
Fusobacterium_ulcerans	57.78260869565217	57.09065341361487	60.0	8.70713668487017
Fusobacterium_ulcerans_ATCC_49185	46.4	45.12678968475697	45.0	12.0124934963562
Fusobacterium_varium	52.42857142857143	51.486214319772536	60.0	10.22834530210276
Fusobacterium_varium_ATCC_27725	42.75	41.729830626102704	38.0	11.586630226256467
Goatpox_virus	0	0	0	0
Haemophilus_influenzae	59.50847457627118	58.561434690553305	60.0	10.910881757970413
Haemophilus_influenzae_10810	59.0	56.789083458002715	59.0	22.627416997969522
Haemophilus_influenzae_2019	61.333333333333336	61.30475459148419	60.0	2.309401076758503
Haemophilus_influenzae_CGSHiCZ412602	60.0	59.999999999999986	60.0	0.0
Haemophilus_influenzae_F3031	47.0	45.16635916254486	47.0	18.384776310850235
Haemophilus_influenzae_KR494	64.66666666666667	64.58033377212288	67.0	4.041451884327381
Haemophilus_influenzae_R2846	66.0	65.99999999999997	66.0	0.0
Haemophilus_influenzae_R2866	60.0	59.999999999999986	60.0	0.0
Haemophilus_influenzae_biotype_aegyptius	72.0	70.16356575334407	63.0	20.199009876724155
Helicobacter_cinaedi	48.791666666666664	47.81918504343413	48.5	9.690780767516
Helicobacter_pylori	56.564516129032256	54.94738919696094	60.0	13.92323328727443
Helicobacter_pylori_83	60.0	59.999999999999986	60.0	0.0
Helicobacter_pylori_Gambia94/24	47.0	46.99999999999999	47.0	0.0
Helicobacter_pylori_PeCan4	49.0	48.99999999999999	49.0	0.0
Helicobacter_pylori_Shi112	63.0	61.06909618567801	67.0	15.346009253222807
Helicobacter_pylori_UM037	54.0	54.00000000000001	54.0	0.0
Helicobacter_pylori_oki422	65.0	64.99999999999999	65.0	0.0
Hepatitis_B_virus	0	0	0	0
Hepatitis_E_virus	0	0	0	0
Hepatitis_delta_virus	0	0	0	0
Human_adenovirus_1	0	0	0	0
Human_adenovirus_2	0	0	0	0
Human_adenovirus_35	0	0	0	0
Human_adenovirus_5	0	0	0	0
Human_adenovirus_54	0	0	0	0
Human_adenovirus_7	0	0	0	0
Human_alphaherpesvirus_1	0	0	0	0
Human_alphaherpesvirus_2	0	0	0	0
Human_alphaherpesvirus_3	0	0	0	0
Human_gammaherpesvirus_4	0	0	0	0
Human_herpesvirus_4_type_2	0	0	0	0
Human_mastadenovirus_C	0	0	0	0
JC_polyomavirus	0	0	0	0
Klebsiella_aerogenes	58.69230769230769	57.60570342413181	60.0	11.357883090419007
Klebsiella_aerogenes_EA1509E	66.27272727272727	64.85403388784852	61.0	13.849844108082292
Klebsiella_michiganensis	58.30952380952381	56.93750552373848	60.0	12.723107641625726
Klebsiella_michiganensis_HKOPL1	56.2	55.60038152083647	60.0	8.497058314499201
Klebsiella_oxytoca	58.01960784313725	56.307565460362085	60.0	14.941874308236468
Klebsiella_pneumoniae	60.54736842105263	58.884966159529355	60.0	14.24315320474669
Klebsiella_pneumoniae_subsp._pneumoniae	62.42307692307692	60.46703432237419	60.0	16.86694537116446
Klebsiella_pneumoniae_subsp._pneumoniae_KPNIH24	60.0	59.999999999999986	60.0	0.0
Klebsiella_pneumoniae_subsp._pneumoniae_KPNIH27	60.0	59.999999999999986	60.0	0.0
Klebsiella_pneumoniae_subsp._pneumoniae_PittNDM01	60.0	59.999999999999986	60.0	0.0
Klebsiella_pneumoniae_subsp._rhinoscleromatis	60.0	59.999999999999986	60.0	0.0
Legionella_anisa	65.53151260504202	63.07699785700729	60.0	18.215697528342165
Legionella_lansingensis	61.65714285714286	58.85673108608096	60.0	19.470857344099816
Legionella_pneumophila	61.98060606060606	59.78824827365904	60.0	16.886460139413927
Legionella_pneumophila_str._Corby	64.96819787985865	62.66940516153444	60.0	17.37801596671576
Legionella_pneumophila_subsp._fraseri	63.0377358490566	61.43886855701487	60.0	14.04246617633448
Legionella_pneumophila_subsp._pascullei	56.56521739130435	55.63001608712515	60.0	10.991013217238073
Legionella_pneumophila_subsp._pneumophila	65.01	62.51530794217441	60.0	18.031298325363185
Legionella_pneumophila_subsp._pneumophila_str._Philadelphia_1	71.7457627118644	68.90410451785357	68.0	20.102833236875345
Leptospira_alexanderi	0	0	0	0
Leptospira_alstonii	0	0	0	0
Leptospira_biflexa	0	0	0	0
Leptospira_biflexa_serovar_Patoc	60.05263157894737	59.18745221401245	60.0	11.301296308194651
Leptospira_borgpetersenii	52.0	51.318206857375976	54.0	8.864052604279182
Leptospira_borgpetersenii_serovar_Ceylonica	60.0	59.999999999999986	60.0	0.0
Leptospira_broomii	0	0	0	0
Leptospira_fainei	0	0	0	0
Leptospira_inadai	0	0	0	0
Leptospira_interrogans	50.904761904761905	50.14552982766208	50.0	8.682768924166771
Leptospira_interrogans_serovar_Manilae	60.0	59.999999999999986	60.0	0.0
Leptospira_kirschneri	0	0	0	0
Leptospira_kmetyi	44.333333333333336	43.84114995244419	41.0	7.814516406449389
Leptospira_licerasiae	0	0	0	0
Leptospira_noguchii	54.56	53.71351874488356	60.0	9.38562730988185
Leptospira_santarosai	49.0	47.849257299600644	48.5	10.770329614269007
Leptospira_santarosai_serovar_Shermani_str._LT_821	57.333333333333336	57.205170119664615	60.0	4.618802153517007
Leptospira_weilii	55.75	55.17314758604766	57.0	9.03234926989282
Leptospira_wolffii	0	0	0	0
Listeria_monocytogenes	57.63636363636364	56.003662083863006	60.0	14.947445814039147
Listeria_monocytogenes_6179	51.666666666666664	51.59848562348455	53.0	3.214550253664318
Listeria_monocytogenes_FSL_J1-208	62.5	62.449979983983965	62.5	3.5355339059327378
Listeria_monocytogenes_HCC23	53.27272727272727	51.17279609003133	57.0	15.868780098614444
Listeria_monocytogenes_J1816	53.5	53.103672189407	53.5	9.192388155425117
Listeria_monocytogenes_serotype_1/2a_str._08-7363	53.6	52.607694999451496	60.0	10.297788327813135
Lumpy_skin_disease_virus	0	0	0	0
Lymphocryptovirus	0	0	0	0
Lymphocryptovirus_Macaca/pfe-lcl-E3	44.0	43.99999999999999	44.0	0.0
Mannheimia_haemolytica	60.69565217391305	58.050377488958496	60.0	17.762152773418123
Mannheimia_haemolytica_D153	55.6	55.24601763559615	57.0	6.6558245169174945
Mannheimia_haemolytica_D174	38.5	38.1051177665153	38.5	7.7781745930520225
Mannheimia_haemolytica_M42548	52.666666666666664	52.414827884177924	50.0	6.429100507328637
Mannheimia_haemolytica_USDA-ARS-USMARC-183	55.75	53.46271326355476	50.5	19.06786126793808
Mannheimia_haemolytica_USMARC_2286	52.0	52.00000000000001	52.0	0.0
Measles_morbillivirus	0	0	0	0
Methanobrevibacter_oralis	0	0	0	0
Moraxella_catarrhalis	53.0	52.523100762013044	53.5	7.745966692414834
Moraxella_catarrhalis_BBH18	56.24390243902439	54.46553683653331	57.0	15.07610773343849
Morbillivirus	0	0	0	0
Mycobacterium_avium	59.7055449330784	58.31314808642011	60.0	13.296692032353233
Mycobacterium_avium_subsp._avium	61.4375	60.45981939462263	60.0	11.656305676556208
Mycobacterium_avium_subsp._hominissuis	59.134057971014485	57.352393336363455	60.0	14.706095193375672
Mycobacterium_avium_subsp._paratuberculosis	63.745098039215684	61.89987982623141	60.0	16.768831965590085
Mycobacterium_canettii	60.61764705882353	59.01870456120848	60.0	14.877305690175575
Mycobacterium_colombiense	0	0	0	0
Mycobacterium_colombiense_CECT_3035	59.779411764705884	58.35444871140606	60.0	13.505057779608446
Mycobacterium_intracellulare	59.50869565217391	58.303810367037016	60.0	12.245216980625598
Mycobacterium_intracellulare_subsp._yongonense	59.06956521739131	57.87578125871459	60.0	12.222155421309262
Mycobacterium_kansasii	58.391304347826086	57.30036833150794	60.0	11.586471598837681
Mycobacterium_leprae	0	0	0	0
Mycobacterium_leprae_Kyoto-2	62.30769230769231	61.574916446077175	60.0	10.00307644984974
Mycobacterium_marseillense	61.0	59.34254895472154	60.0	14.572478953738203
Mycobacterium_sp._JS623	59.45751633986928	57.859291905943245	60.0	14.124518121287334
Mycobacterium_sp._YC-RL4	61.94486215538846	60.221322249875044	60.0	14.797017471395739
Mycobacterium_tuberculosis	55.333333333333336	54.02254336048588	60.0	12.209439894410028
Mycobacterium_tuberculosis_KZN_1435	53.970588235294116	52.04124651160936	60.0	14.609016091395246
Mycobacterium_tuberculosis_complex	56.68674698795181	55.61745317336358	60.0	10.818826985290196
Mycobacterium_tuberculosis_variant_africanum	0	0	0	0
Mycobacterium_tuberculosis_variant_bovis	0	0	0	0
Mycobacteroides_abscessus	59.3258785942492	58.29836989822561	60.0	11.209079479032374
Mycobacteroides_abscessus_subsp._abscessus	56.45569620253165	54.228407375966704	60.0	16.79041047157453
Mycobacteroides_abscessus_subsp._bolletii	55.875	54.70373213223132	60.0	12.158917949977528
Mycobacteroides_abscessus_subsp._bolletii_50594	74.27272727272727	70.46739724994191	91.0	23.660477210280053
Mycobacteroides_abscessus_subsp._massiliense	54.89090909090909	53.599054409534155	59.0	12.721624528326977
Mycobacteroides_abscessus_subsp._massiliense_CCUG_48898_=_JCM_15300	63.0	61.71915286976083	60.0	13.275541420220872
Mycoplasma_haemocanis	0	0	0	0
Mycoplasma_haemocanis_str._Illinois	49.0	47.74934554525328	49.0	15.556349186104045
Mycoplasma_haemofelis	0	0	0	0
Mycoplasma_haemofelis_str._Langford_1	57.0	57.00000000000001	57.0	0.0
Mycoplasma_mycoides	107.0	106.99999999999996	107.0	0.0
Mycoplasma_mycoides_subsp._capri_LC_str._95010	57.5	57.10151285208473	59.0	7.593857166596345
Mycoplasma_mycoides_subsp._mycoides	61.0	61.00000000000001	61.0	0.0
Mycoplasma_ovipneumoniae	0	0	0	0
Mycoplasma_pneumoniae	0	0	0	0
Neisseria_elongata	0	0	0	0
Neisseria_elongata_subsp._glycolytica	56.17391304347826	55.417812343082026	60.0	9.073292549078282
Neisseria_gonorrhoeae	56.68421052631579	56.18274744538349	60.0	7.265234045162905
Neisseria_gonorrhoeae_NG-k51.05	53.54545454545455	52.71780596172209	54.0	9.852549277863433
Neisseria_meningitidis	57.86206896551724	56.346183385939064	60.0	13.317246799205526
Neisseria_meningitidis_8013	65.375	63.519370186979394	60.0	18.46956956726388
Neisseria_meningitidis_H44/76	60.0	59.999999999999986	60.0	0.0
Neisseria_meningitidis_LNP21362	41.0	41.00000000000001	41.0	0.0
Neisseria_meningitidis_M01-240355	56.5	53.721504074253176	56.5	24.748737341529164
Neisseria_meningitidis_M0579	75.2	73.00980365691643	60.0	20.813457185196313
Neisseria_meningitidis_MC58	60.0	59.999999999999986	60.0	0.0
Neisseria_meningitidis_NZ-05/33	64.0	63.874877690685246	64.0	5.656854249492381
Neisseria_meningitidis_serogroup_B	51.5	50.79370039680118	51.5	12.020815280171307
Neisseria_mucosa	58.285714285714285	57.3300258550252	60.0	10.710475512986607
Neisseria_sicca	60.6	60.288862536219234	60.0	6.231639698613306
Neisseria_subflava	53.19047619047619	51.94008254951456	49.0	12.375859758493743
Neisseria_weaveri	57.275862068965516	55.64321526314476	60.0	14.599159838165193
Orthohepadnavirus	0	0	0	0
Orthopoxvirus	48.0	48.00000000000001	48.0	0.0
Paraavulavirus	0	0	0	0
Parvimonas_micra	56.23076923076923	54.75785801008143	60.0	13.204505835470496
Pasteurella_multocida	58.89473684210526	58.19540986850111	60.0	9.406120703331053
Pasteurella_multocida_subsp._multocida	56.032467532467535	53.58177890248341	53.5	17.277594706405395
Pasteurella_multocida_subsp._multocida_OH4807	55.111111111111114	54.71371958140983	60.0	6.863753427324667
Pasteurella_multocida_subsp._multocida_P1062	60.0	59.999999999999986	60.0	0.0
Pasteurella_multocida_subsp._multocida_str._HN06	68.25	67.16635390996697	70.0	13.865424623862047
Pasteurella_multocida_subsp._multocida_str._Pm70	61.0	61.00000000000001	61.0	0.0
Pasteurella_multocida_subsp._septica	60.0	59.999999999999986	60.0	0.0
Peptostreptococcus_anaerobius	0	0	0	0
Polyomaviridae	0	0	0	0
Porphyromonas_gingivalis	57.142857142857146	55.37967690586222	60.0	14.372592966177974
Porphyromonas_gingivalis_A7A1-28	47.0	46.99999999999999	47.0	0.0
Porphyromonas_gingivalis_AJW4	50.0	49.63869458396344	50.0	8.48528137423857
Porphyromonas_gingivalis_ATCC_33277	39.0	38.99999999999999	39.0	0.0
Porphyromonas_gingivalis_TDC60	46.5	46.04345773288536	46.5	9.192388155425117
Porphyromonas_gingivalis_W83	60.0	59.999999999999986	60.0	0.0
Rickettsia_africae	0	0	0	0
Rickettsia_akari	0	0	0	0
Rickettsia_akari_str._Hartford	60.0	59.999999999999986	60.0	0.0
Rickettsia_conorii	40.25	40.13987398568643	41.0	3.4034296427770228
Rickettsia_conorii_str._Malish_7	53.0	52.535702146254785	53.0	9.899494936611665
Rickettsia_felis	0	0	0	0
Rickettsia_japonica	0	0	0	0
Rickettsia_prowazekii	60.0	59.999999999999986	60.0	0.0
Rickettsia_rickettsii	77.0	77.00000000000001	77.0	0.0
Rickettsia_rickettsii_str._Hlp_2	49.0	48.99999999999999	49.0	0.0
Rickettsia_sibirica	0	0	0	0
Rickettsia_sibirica_246	60.0	59.999999999999986	60.0	0.0
Rickettsia_typhi	53.0	52.63231928783159	54.0	7.54983443527075
Salmonella_enterica	56.97560975609756	55.32733628731596	60.0	14.007031399834617
Salmonella_enterica_subsp._VII	59.2	57.84692137546081	56.0	14.956603892595403
Salmonella_enterica_subsp._arizonae	60.0	59.999999999999986	60.0	0.0
Salmonella_enterica_subsp._diarizonae	66.0	61.90712932644444	70.0	24.711670657134185
Salmonella_enterica_subsp._diarizonae_serovar_48:i:z	56.6	56.13253960105341	60.0	7.602631123499285
Salmonella_enterica_subsp._diarizonae_serovar_61:k:1,5,(7)	60.0	59.999999999999986	60.0	0.0
Salmonella_enterica_subsp._enterica	55.0	53.80178546809853	60.0	10.51795849870079
Salmonella_enterica_subsp._enterica_serovar_Agona	59.0	59.000000000000014	59.0	0.0
Salmonella_enterica_subsp._enterica_serovar_Bredeney	61.55555555555556	59.7250123269603	60.0	16.74896348368393
Salmonella_enterica_subsp._enterica_serovar_Bredeney_str._CFSAN001080	60.0	59.999999999999986	60.0	0.0
Salmonella_enterica_subsp._enterica_serovar_Choleraesuis	61.294117647058826	60.12977301717325	60.0	12.824608697160865
Salmonella_enterica_subsp._enterica_serovar_Derby	90.0	87.2247396373942	96.0	22.217110523198105
Salmonella_enterica_subsp._enterica_serovar_Djakarta_str._S-1087	99.0	98.87365675446624	99.0	7.0710678118654755
Salmonella_enterica_subsp._enterica_serovar_Gaminara	51.0	51.0	51.0	0.0
Salmonella_enterica_subsp._enterica_serovar_Heidelberg	48.666666666666664	48.05029450512366	43.0	9.814954576223638
Salmonella_enterica_subsp._enterica_serovar_India_str._SA20085604	66.0	65.48357298366633	60.0	9.2951600308978
Salmonella_enterica_subsp._enterica_serovar_Infantis	79.0	79.0	79.0	0.0
Salmonella_enterica_subsp._enterica_serovar_Infantis_str._SARB27	60.0	59.999999999999986	60.0	0.0
Salmonella_enterica_subsp._enterica_serovar_Inverness	60.0	59.999999999999986	60.0	0.0
Salmonella_enterica_subsp._enterica_serovar_Johannesburg_str._ST203	70.0	70.00000000000003	70.0	0.0
Salmonella_enterica_subsp._enterica_serovar_Krefeld_str._SA20030536	60.0	59.999999999999986	60.0	0.0
Salmonella_enterica_subsp._enterica_serovar_Macclesfield_str._S-1643	65.4	65.29530745992388	68.0	4.098780306383839
Salmonella_enterica_subsp._enterica_serovar_Muenchen	35.0	34.99999999999999	35.0	0.0
Salmonella_enterica_subsp._enterica_serovar_Paratyphi_A	60.0	59.999999999999986	60.0	0.0
Salmonella_enterica_subsp._enterica_serovar_Pullorum_str._ATCC_9120	75.0	74.99999999999997	75.0	0.0
Salmonella_enterica_subsp._enterica_serovar_Senftenberg	60.0	59.999999999999986	60.0	0.0
Salmonella_enterica_subsp._enterica_serovar_Typhi_str._Ty2	46.0	46.0	46.0	0.0
Salmonella_enterica_subsp._enterica_serovar_Typhimurium	69.0	69.00000000000001	69.0	0.0
Salmonella_enterica_subsp._enterica_serovar_Weltevreden	47.6	46.85442070897792	44.0	9.423375191511798
Salmonella_enterica_subsp._houtenae_str._ATCC_BAA-1581	54.666666666666664	54.10678457990481	60.0	9.237604307034013
Salmonella_enterica_subsp._salamae	53.4	51.98578930097571	60.0	12.876334882255899
Salmonella_enterica_subsp._salamae_serovar_55:k:z39_str._1315K	63.2	63.17304524949421	63.0	2.0493901531919194
Sheeppox_virus	0	0	0	0
Shigella_boydii	0	0	0	0
Shigella_dysenteriae	60.0	59.999999999999986	60.0	0.0
Shigella_flexneri	69.5	66.82375142586395	71.5	21.486429825977762
Shigella_sonnei	51.0	50.19960159204454	51.0	12.727922061357855
Simian_virus_12	0	0	0	0
Staphylococcus_aureus	55.875	54.65675477382217	60.0	11.2254004554232
Staphylococcus_aureus_O46	44.5	44.27188724235731	44.5	6.363961030678928
Staphylococcus_aureus_subsp._aureus_71193	60.0	59.999999999999986	60.0	0.0
Staphylococcus_aureus_subsp._aureus_NCTC_8325	55.0	54.590236840027586	58.0	7.393691004272944
Staphylococcus_cohnii	53.54545454545455	52.34823591045399	49.0	12.176728923349131
Staphylococcus_epidermidis	60.04545454545455	58.10154351918166	60.0	15.52212497167716
Staphylococcus_epidermidis_ATCC_12228	48.0	46.475800154488994	48.0	16.97056274847714
Staphylococcus_epidermidis_PM221	64.84615384615384	62.782373296160465	60.0	16.030419800315865
Staphylococcus_equorum	58.08333333333333	55.83825633688662	60.0	16.38348069600328
Staphylococcus_hominis	60.15384615384615	58.574085197926024	60.0	14.242730939513834
Staphylococcus_hominis_subsp._hominis	57.32142857142857	54.39660675301016	60.0	18.541352324783272
Staphylococcus_nepalensis	53.0	51.974346320454146	60.0	12.12435565298214
Staphylococcus_saprophyticus	67.22222222222223	64.69584220595223	60.0	19.166624040873316
Staphylococcus_simulans	50.57142857142857	48.847155690330766	60.0	13.201731488169054
Staphylococcus_succinus	48.0	47.623523599162624	48.0	8.48528137423857
Streptococcus_agalactiae	53.833333333333336	53.48023012064932	53.0	7.026141662866375
Streptococcus_anginosus	67.33333333333333	66.58434282807289	60.0	12.701705922171767
Streptococcus_anginosus_C1051	38.0	37.99999999999999	38.0	0.0
Streptococcus_canis	57.333333333333336	57.205170119664565	60.0	4.1311822359545785
Streptococcus_cristatus	60.0	58.542667389728486	60.0	16.0
Streptococcus_cristatus_AS_1.3089	47.0	46.1106347697872	43.0	11.532562594670797
Streptococcus_cristatus_ATCC_51100	60.666666666666664	60.65939345778795	60.0	1.1547005383792517
Streptococcus_dysgalactiae	60.0	59.999999999999986	60.0	0.0
Streptococcus_dysgalactiae_subsp._dysgalactiae	41.0	41.00000000000001	41.0	0.0
Streptococcus_dysgalactiae_subsp._equisimilis	45.0	43.79519139887888	40.0	13.228756555322953
Streptococcus_equi	60.1	58.89500288666488	60.0	11.892574714221194
Streptococcus_equi_subsp._equi	60.0	59.999999999999986	60.0	0.0
Streptococcus_equi_subsp._zooepidemicus	53.285714285714285	52.681445665087935	60.0	8.147001066259067
Streptococcus_gallolyticus	81.0	81.00000000000003	81.0	0.0
Streptococcus_gallolyticus_UCN34	60.0	59.999999999999986	60.0	0.0
Streptococcus_gordonii	68.84615384615384	64.69075489520199	60.0	24.70777932098227
Streptococcus_gordonii_str._Challis_substr._CH1	0	0	0	0
Streptococcus_intermedius	80.0	77.45966692414831	80.0	28.284271247461902
Streptococcus_lutetiensis	68.0	65.7359705789206	60.0	20.8806130178211
Streptococcus_milleri	0	0	0	0
Streptococcus_mitis	63.22727272727273	62.430738362113374	60.0	11.501270398491672
Streptococcus_mitis_B6	52.0	52.00000000000001	52.0	0.0
Streptococcus_mutans	66.8	66.32869205569443	65.0	8.482662055955993
Streptococcus_mutans_UA159	67.16666666666667	66.87169766225848	66.5	6.911343333004567
Streptococcus_oralis	59.4	58.30148836199265	60.0	12.062992558800829
Streptococcus_oralis_ATCC_35037	46.0	46.0	46.0	0.0
Streptococcus_oralis_Uo5	78.0	76.86522778816571	87.0	15.588457268119896
Streptococcus_oralis_subsp._tigurinus	78.0	75.89466384404112	78.0	25.45584412271571
Streptococcus_parauberis	40.0	39.974567166034475	41.0	1.7320508075688772
Streptococcus_parauberis_NCFD_2020	58.333333333333336	56.14249425296262	56.0	19.604421270043485
Streptococcus_pneumoniae	58.888888888888886	58.24573782699144	60.0	8.936504412303007
Streptococcus_pneumoniae_70585	60.0	59.999999999999986	60.0	0.0
Streptococcus_pneumoniae_Hungary19A-6	60.0	59.999999999999986	60.0	0.0
Streptococcus_pneumoniae_TIGR4	43.0	43.0	43.0	0.0
Streptococcus_pyogenes	55.25	52.64834736919491	50.0	20.41853732926692
Streptococcus_pyogenes_HKU_QMH11M0907901	78.0	78.0	78.0	0.0
Streptococcus_salivarius	58.733333333333334	55.686000118165936	59.0	20.3205268023201
Streptococcus_salivarius_57.I	44.0	42.6028168082816	44.0	15.556349186104045
Streptococcus_sanguinis	58.142857142857146	57.9317786136767	60.0	4.753252212265472
Streptococcus_sanguinis_SK36	48.57142857142857	47.1719839817208	47.0	12.66039945205973
Streptococcus_sp._HSISM1	63.25	61.975624244195366	62.0	14.72809107341025
Streptococcus_suis	53.04347826086956	52.26759071523354	59.0	8.79813131434772
Streptococcus_suis_D12	38.0	37.99999999999999	38.0	0.0
Streptococcus_suis_ST1	48.0	48.00000000000001	48.0	0.0
Streptococcus_suis_T15	75.0	74.99999999999997	75.0	0.0
Streptococcus_suis_TL13	37.0	36.99999999999999	37.0	0.0
Streptococcus_thermophilus	47.75	46.77253460520179	48.0	10.996211468804457
Streptococcus_thermophilus_ND03	62.0	55.31726674375735	62.0	39.59797974644666
Tannerella_forsythia	49.2	48.929696949218304	47.0	6.058052492344384
Tannerella_forsythia_92A2	54.63636363636363	53.29934482696738	60.0	11.111010100550963
Tannerella_forsythia_KS16	51.333333333333336	46.514698401946006	37.0	29.26317367158479
Treponema	58.395604395604394	57.141816287934994	60.0	11.933965645146463
Treponema_azotonutricium_ZAS-9	58.983870967741936	57.535378872062914	60.0	13.295496507950116
Treponema_brennaborense_DSM_12168	54.4	53.82793269857849	60.0	7.790103612001209
Treponema_caldarium_DSM_7334	61.074074074074076	59.56075966306564	60.0	14.5811414714242
Treponema_denticola	71.0	69.43767163577628	60.0	19.05255888325765
Treponema_denticola_AL-2	50.5	49.33067985423259	53.5	12.013880860626733
Treponema_denticola_ATCC_35404	76.0	75.94825656135228	74.0	3.4641016151377544
Treponema_denticola_ATCC_35405	0	0	0	0
Treponema_denticola_H-22	44.0	43.99999999999999	44.0	0.0
Treponema_denticola_H1-T	49.5	48.37354648979129	49.5	14.849242404917497
Treponema_medium	53.0	52.42270606174614	54.0	8.144527815247077
Treponema_pallidum	0	0	0	0
Treponema_pallidum_subsp._pallidum	55.25	55.04408670791642	55.5	5.5
Treponema_pallidum_subsp._pertenue	0	0	0	0
Treponema_parvum	52.627906976744185	51.860902938015016	56.0	8.731506322382598
Treponema_pedis	61.0	57.23387066854234	54.5	23.883048381645086
Treponema_phagedenis	62.205479452054796	61.47531934366548	60.0	10.106322146873092
Treponema_primitia_ZAS-2	62.71186440677966	61.70713384751375	60.0	11.678230332778828
Treponema_putidum	50.0	49.99999999999999	50.0	0.0
Treponema_ruminis	53.888888888888886	52.16523678179421	48.0	16.53363574992237
Treponema_socranskii_subsp._buccale	62.523809523809526	61.49209188900015	60.0	12.832065490867196
Treponema_sp._OMZ_838	58.4	58.36681042415521	60.0	2.1908902300206647
Treponema_succinifaciens_DSM_2489	61.074074074074076	59.32892725977761	60.0	13.811717227178264
Treponema_vincentii	54.785714285714285	53.95821175283838	55.0	10.244537542053788
Veillonella_parvula	57.333333333333336	55.69775994900991	60.0	14.560219778561036
Veillonella_parvula_HSIVP1	59.75	59.31265662727279	60.0	7.136653149888831
Vesicular_stomatitis_Indiana_virus	0	0	0	0
Vibrio_anguillarum	59.10204081632653	57.85776437909106	60.0	12.71194467479174
Vibrio_anguillarum_775	58.75	57.75118046741615	60.0	11.418684847055006
Vibrio_cholerae	59.265822784810126	58.421162480971915	60.0	9.773995929492223
Vibrio_cholerae_O1_biovar_El_Tor	63.857142857142854	63.18066821270395	60.0	9.346798241250175
Vibrio_cholerae_O395	57.666666666666664	56.27332366100709	54.0	15.821925715074423
Vibrio_furnissii	60.333333333333336	59.3782733802173	60.0	11.219137561285523
Vibrio_furnissii_NCTC_11218	57.26086956521739	56.0475512662816	60.0	11.362687707437834
Vibrio_parahaemolyticus	61.309859154929576	60.210786446651575	60.0	12.150945347462567
Vibrio_parahaemolyticus_O1:Kuk_str._FDA_R31	58.94117647058823	57.73842856714172	60.0	12.142233053660755
Vibrio_parahaemolyticus_UCM-V493	53.25	52.39235646625843	49.0	11.586630226256467
Vibrio_splendidus	55.142857142857146	54.374802193158814	60.0	9.651054716602593
Vibrio_vulnificus	58.69565217391305	57.11018565106754	60.0	13.683019982216337
Vibrio_vulnificus_CMCP6	46.4	45.501793383520905	44.0	10.21273714534943
Vibrio_vulnificus_Env1	67.0	66.41539249796008	60.0	10.04987562112089
Vibrio_vulnificus_NBRC_15645_=_ATCC_27562	53.5	50.19960159204454	53.5	26.16295090390226
Vibrio_vulnificus_VVyb1(BT3)	56.0	55.103154130106724	60.0	9.797958971132712
Vibrio_vulnificus_YJ016	60.0	59.999999999999986	60.0	0.0
Yersinia_aldovae	0	0	0	0
Yersinia_aldovae_670-83	54.666666666666664	52.94835782641849	60.0	14.60593486680443
Yersinia_aleksiciae	57.57142857142857	57.21136105077833	60.0	6.425396041156864
Yersinia_enterocolitica	57.666666666666664	57.16260472312729	60.0	7.304080605793924
Yersinia_enterocolitica_(type_O:5)_str._YE53/03	58.63636363636363	58.52180945917014	60.0	3.880018744097179
Yersinia_enterocolitica_LC20	51.888888888888886	50.3737222535963	60.0	12.333333333333332
Yersinia_enterocolitica_subsp._enterocolitica	64.36842105263158	62.07399040431214	60.0	16.964703639929677
Yersinia_enterocolitica_subsp._palearctica	60.0	59.999999999999986	60.0	0.0
Yersinia_enterocolitica_subsp._palearctica_105.5R(r)	55.375	54.08561408351446	53.5	13.201055152632957
Yersinia_intermedia	63.89473684210526	62.45203801336758	60.0	14.417946905938313
Yersinia_pestis	56.0	55.55852709639657	60.0	6.754187413675136
Yersinia_pestis_1412	60.0	59.999999999999986	60.0	0.0
Yersinia_pestis_3067	56.5	56.44466316668037	56.5	3.5355339059327378
Yersinia_pestis_Antiqua	60.0	59.999999999999986	60.0	0.0
Yersinia_pestis_CO92	0	0	0	0
Yersinia_pestis_EV_NIIEG	51.0	51.0	51.0	0.0
Yersinia_pestis_Pestoides_F	60.0	59.999999999999986	60.0	0.0
Yersinia_pestis_subsp._pestis_bv._Medievalis	56.166666666666664	55.651959686284115	60.0	8.109665015687558
Yersinia_pseudotuberculosis	71.0	69.69775655996902	64.5	16.55294535724685
Yersinia_pseudotuberculosis_complex	53.666666666666664	52.323978574694706	60.0	11.230909728661047
Yersinia_rohdei	63.21739130434783	61.0463023948525	60.0	17.254660824197696
Yersinia_ruckeri	53.30769230769231	52.697120012453304	60.0	7.9687852563322625
Yersinia_similis	55.166666666666664	53.317858019970146	60.0	14.414113454065314
