Node	C>T_1	C>T_2	C>T_3	C>T_4	C>T_5	C>T_6	C>T_7	C>T_8	C>T_9	C>T_10	G>A_11	G>A_12	G>A_13	G>A_14	G>A_15	G>A_16	G>A_17	G>A_18	G>A_19	G>A_20	D>V(11Substitution)_1	D>V(11Substitution)_2	D>V(11Substitution)_3	D>V(11Substitution)_4	D>V(11Substitution)_5	D>V(11Substitution)_6	D>V(11Substitution)_7	D>V(11Substitution)_8	D>V(11Substitution)_9	D>V(11Substitution)_10	H>B(11Substitution)_11	H>B(11Substitution)_12	H>B(11Substitution)_13	H>B(11Substitution)_14	H>B(11Substitution)_15	H>B(11Substitution)_16	H>B(11Substitution)_17	H>B(11Substitution)_18	H>B(11Substitution)_19	H>B(11Substitution)_20	considered_Matches
Actinobacillus_equuli	1.0	0	0	0	0	0	0	0	0	0	0	0	0	0	0	0	0	0	0	0	0.015151515151515152	0.0	0.015151515151515152	0.06060606060606061	0.0	0.015151515151515152	0.04545454545454545	0.0	0.030303030303030304	0.0	0.015151515151515152	0.015151515151515152	0.015151515151515152	0.015151515151515152	0.06060606060606061	0.0	0.030303030303030304	0.030303030303030304	0.0	0.0	6
Actinobacillus_pleuropneumoniae	0	0	0	0	0	0	0	0	0	0	0	0	0	0	0	0	0.6666666666666666	0	0	0	0.0	0.022727272727272728	0.031818181818181815	0.031818181818181815	0.00909090909090909	0.0	0.0	0.03636363636363636	0.013636363636363636	0.02727272727272727	0.00909090909090909	0.01818181818181818	0.01818181818181818	0.02727272727272727	0.013636363636363636	0.0	0.02727272727272727	0.0	0.01818181818181818	0.004545454545454545	20
Actinobacillus_pleuropneumoniae_serovar_4_str._M62	0	0	0	0	0	0	0	0	0	0	0	0	0	0	0	0	0	0	0	0	0.032467532467532464	0.05844155844155845	0.0	0.032467532467532464	0.0	0.0	0.0	0.0	0.0	0.0	0.05844155844155845	0.025974025974025976	0.0	0.0	0.025974025974025976	0.006493506493506494	0.05844155844155845	0.0	0.0	0.0	14
African_swine_fever_virus	0	0	0	0	0	0	0	0	0	0	0	0	0	0	0	0	0	0	0	0	0	0	0	0	0	0	0	0	0	0	0	0	0	0	0	0	0	0	0	0	0
Aphthovirus	0	0	0	0	0	0	0	0	0	0	0	0	0	0	0	0	0	0	0	0	0	0	0	0	0	0	0	0	0	0	0	0	0	0	0	0	0	0	0	0	0
Arcanobacterium_haemolyticum	0	0	0	0	0	0	0	0	0	0	0	0	0	0	0	0	0	0	0	0	0.0	0.0	0.0	0.0	0.0	0.0	0.0	0.0	0.0	0.0	0.0	0.0	0.0	0.0	0.0	0.0	0.0	0.022727272727272728	0.0	0.0	4
Aspergillus_fumigatus	0	0	0	0	0	0	0	0	0	0	0	0	0	0	0	0	0	0	0	0	0	0	0	0	0	0	0	0	0	0	0	0	0	0	0	0	0	0	0	0	0
Bartonella_bacilliformis	0	0	0	0	0	0	0	0	0	0	0	0	0	0	0	0	0	0	0	0	0	0	0	0	0	0	0	0	0	0	0	0	0	0	0	0	0	0	0	0	0
Bartonella_henselae	0	0	0	0	0	0	0	0	0	0	0	0	0	0	0	0	0	0	0	0	0	0	0	0	0	0	0	0	0	0	0	0	0	0	0	0	0	0	0	0	0
Bartonella_quintana	0	0	0	0	0	0	0	0	0	0	0	0	0	0	0	0	0	0	0	0	0	0	0	0	0	0	0	0	0	0	0	0	0	0	0	0	0	0	0	0	0
Blastomyces_dermatitidis	0	0	0	0	0	0	0	0	0	0	0	0	0	0	0	0	0	0	0	0	0	0	0	0	0	0	0	0	0	0	0	0	0	0	0	0	0	0	0	0	0
Bordetella_bronchialis	0.030303030303030304	0	0	0.09375	0.02857142857142857	0	0.04878048780487805	0.03333333333333333	0	0	0.025	0	0.05	0.0625	0.03125	0.030303030303030304	0.12	0.09375	0	0	0.014401440144014403	0.017101710171017102	0.013501350135013501	0.016201620162016202	0.020702070207020702	0.0054005400540054005	0.010801080108010801	0.009000900090009001	0.009000900090009001	0.011701170117011701	0.009000900090009001	0.012601260126012601	0.013501350135013501	0.009900990099009901	0.011701170117011701	0.016201620162016202	0.018001800180018002	0.010801080108010801	0.010801080108010801	0.0153015301530153	101
Bordetella_bronchiseptica	0.14285714285714285	0	0.0392156862745098	0	0	0.0625	0.02127659574468085	0	0.03571428571428571	0	0.04081632653061224	0.08888888888888889	0.045454545454545456	0.047619047619047616	0.024390243902439025	0	0.05555555555555555	0.05660377358490566	0.05405405405405406	0.030303030303030304	0.02878787878787879	0.013636363636363637	0.00909090909090909	0.010606060606060607	0.01893939393939394	0.007575757575757575	0.023484848484848487	0.012121212121212121	0.02196969696969697	0.00984848484848485	0.012878787878787878	0.0196969696969697	0.006060606060606061	0.006818181818181819	0.006818181818181819	0.012121212121212121	0.013636363636363637	0.012878787878787878	0.012121212121212121	0.014393939393939395	120
Bordetella_genomosp._13	0	0.0975609756097561	0.043478260869565216	0.02564102564102564	0.10256410256410256	0.0625	0	0	0	0.06060606060606061	0.08	0.06451612903225806	0.027777777777777776	0.046511627906976744	0.06060606060606061	0.075	0	0	0.09090909090909091	0	0.014309764309764309	0.016835016835016835	0.021885521885521887	0.010942760942760943	0.014309764309764309	0.01346801346801347	0.008417508417508417	0.0033670033670033673	0.0101010101010101	0.0101010101010101	0.0101010101010101	0.015993265993265993	0.009259259259259259	0.015151515151515152	0.010942760942760943	0.017676767676767676	0.016835016835016835	0.021043771043771045	0.015993265993265993	0.01346801346801347	108
Bordetella_pertussis	0	0	0.2222222222222222	0	0	0	0	0.3380281690140845	0	0	0	0.014285714285714285	0	0	0	0	0.5333333333333333	0	0	0	0.008133971291866028	0.006220095693779904	0.02631578947368421	0.0	0.045454545454545456	0.007655502392344498	0.003827751196172249	0.019138755980861243	0.007655502392344498	0.01196172248803828	0.007655502392344498	0.0019138755980861245	0.0	0.01818181818181818	0.01818181818181818	0.0	0.02583732057416268	0.009569377990430622	0.009569377990430622	0.007655502392344498	190
Bordetella_pertussis_18323	0	0	0	0	0	0	0	0	0.8	0	0	0	0	0	0	0	0	0	0	0	0.006060606060606061	0.007575757575757575	0.0	0.0393939393939394	0.022727272727272724	0.03181818181818182	0.03181818181818182	0.0303030303030303	0.012121212121212121	0.0393939393939394	0.0030303030303030303	0.0	0.0	0.01515151515151515	0.0	0.007575757575757575	0.012121212121212121	0.0015151515151515152	0.0303030303030303	0.01515151515151515	60
Bordetella_petrii	0	0	0	0	0	0	0.23529411764705882	0.05263157894736842	0.1111111111111111	0	0.05	0	0	0	0.045454545454545456	0	0.045454545454545456	0	0.05	0.10526315789473684	0.01928374655647383	0.0027548209366391185	0.01790633608815427	0.024793388429752067	0.005509641873278237	0.005509641873278237	0.02203856749311295	0.020661157024793386	0.01652892561983471	0.006887052341597796	0.009641873278236915	0.011019283746556474	0.0027548209366391185	0.004132231404958678	0.005509641873278237	0.009641873278236915	0.015151515151515152	0.011019283746556474	0.012396694214876033	0.015151515151515152	66
Bordetella_trematum	0	0	0	0	0.1111111111111111	0.15	0.4	0.08333333333333333	0	0	0	0.24	0	0	0	0	0.15384615384615385	0	0.037037037037037035	0	0.004602991944764097	0.012658227848101266	0.019562715765247412	0.014959723820483314	0.011507479861910242	0.014959723820483314	0.01380897583429229	0.01726121979286536	0.00805523590333717	0.0011507479861910242	0.00805523590333717	0.02761795166858458	0.01611047180667434	0.01726121979286536	0.011507479861910242	0.01380897583429229	0.02531645569620253	0.02186421173762946	0.010356731875719219	0.01380897583429229	79
Borrelia_crocidurae	0	0	0	0	0	0	0	0	0	0	0	0	0	0	0	0	0	0	0	0	0	0	0	0	0	0	0	0	0	0	0	0	0	0	0	0	0	0	0	0	0
Borrelia_recurrentis	0	0	0	0	0	0	0	0	0	0	0	0	0	0	0	0	0	0	0	0	0	0	0	0	0	0	0	0	0	0	0	0	0	0	0	0	0	0	0	0	0
Borreliella_afzelii	0	0	0	0	0	0	0	0	0	0	0	0	0	0	0	0	0	0	0	0	0	0	0	0	0	0	0	0	0	0	0	0	0	0	0	0	0	0	0	0	0
Borreliella_burgdorferi	0	0	0	0	0	0	0	0	0	0	0	0	0	0	0	0	0	0	0	0	0	0	0	0	0	0	0	0	0	0	0	0	0	0	0	0	0	0	0	0	0
Borreliella_garinii	0	0	0	0	0	0	0	0	0	0	0	0	0	0	0	0	0	0	0	0	0	0	0	0	0	0	0	0	0	0	0	0	0	0	0	0	0	0	0	0	0
Bovine_rhinitis_A_virus	0	0	0	0	0	0	0	0	0	0	0	0	0	0	0	0	0	0	0	0	0	0	0	0	0	0	0	0	0	0	0	0	0	0	0	0	0	0	0	0	0
Brucella_abortus	0	0	0	0	0	0	0	0	0	0	0	0	0	0	0	0	0	0	0	0	0	0	0	0	0	0	0	0	0	0	0	0	0	0	0	0	0	0	0	0	0
Brucella_abortus_bv._6_str._870	0	0	0	0	0	0	0	0	0	0	0	0	0	0	0	0	0	1.0	0	0	0.0	0.0	0.0	0.0	0.0	0.0	0.09090909090909091	0.0	0.0	0.09090909090909091	0.045454545454545456	0.0	0.0	0.0	0.0	0.0	0.0	0.045454545454545456	0.0	0.0	2
Brucella_canis	0	0	0	0	0	0	0	0	0	0	0	0	0	0	0	0	0	0	0	0	0	0	0	0	0	0	0	0	0	0	0	0	0	0	0	0	0	0	0	0	0
Brucella_melitensis	0	0	0	0	0	0	0	0	0	0	0	0	0	0	0	0	0	0	0	0	0	0	0	0	0	0	0	0	0	0	0	0	0	0	0	0	0	0	0	0	0
Brucella_microti	0	0	0	0	0	0	0	0	0	0	0	0	0	0	0	0	0	0	0	0	0	0	0	0	0	0	0	0	0	0	0	0	0	0	0	0	0	0	0	0	0
Brucella_ovis	0	0	0	0	0	0	0	0	0	0	0	0	0	0	0	0	0	0	0	0	0	0	0	0	0	0	0	0	0	0	0	0	0	0	0	0	0	0	0	0	0
Brucella_ovis_ATCC_25840	0	0.14285714285714285	0	0	0	0	0	0	0	0	0.16666666666666666	0	0.14285714285714285	0	0	0	0	0	0	0.1111111111111111	0.020202020202020204	0.020202020202020204	0.005050505050505051	0.01515151515151515	0.010101010101010102	0.01515151515151515	0.005050505050505051	0.010101010101010102	0.005050505050505051	0.010101010101010102	0.010101010101010102	0.005050505050505051	0.01515151515151515	0.010101010101010102	0.010101010101010102	0.0	0.020202020202020204	0.01515151515151515	0.01515151515151515	0.010101010101010102	18
Brucella_suis	0	0	0	0	0	0	0	0	0	0	0	0	0	0	0	0	0	0	0	0	0	0	0	0	0	0	0	0	0	0	0	0	0	0	0	0	0	0	0	0	0
Brucella_suis_bv._2	0	0	0	0	0	0	0	0	0	0	0	0	0	0	0	0	0	0	0	0	0.0	0.09090909090909091	0.0	0.0	0.0	0.09090909090909091	0.0	0.0	0.0	0.0	0.045454545454545456	0.0	0.0	0.045454545454545456	0.0	0.0	0.045454545454545456	0.0	0.0	0.0	2
Burkholderia_cepacia	0.0196078431372549	0.017857142857142856	0.016666666666666666	0.08974358974358974	0.05128205128205128	0.03333333333333333	0	0.05084745762711865	0.041666666666666664	0.011764705882352941	0.02631578947368421	0.03125	0	0.029411764705882353	0.052083333333333336	0.06896551724137931	0.012345679012345678	0.1791044776119403	0.03125	0	0.01231437884824339	0.010141253169141615	0.014849692140528793	0.011590003621876132	0.01629844259326331	0.01231437884824339	0.007243752263672582	0.013400941687794278	0.014487504527345164	0.0065193770373053244	0.011590003621876132	0.007605939876856212	0.0065193770373053244	0.013763129300977906	0.01231437884824339	0.014849692140528793	0.005795001810938066	0.01593625498007968	0.008692502716407098	0.010141253169141615	251
Burkholderia_cepacia_ATCC_25416	0	0	0	0	0.012658227848101266	0.1320754716981132	0	0	0	0	0.030303030303030304	0	0	0	0	0.08333333333333333	0.07142857142857142	0	0	0.10843373493975904	0.013233601841196778	0.0011507479861910242	0.010356731875719219	0.005753739930955121	0.006904487917146145	0.01668584579976985	0.00805523590333717	0.009205983889528193	0.013233601841196778	0.004602991944764097	0.011507479861910242	0.010356731875719219	0.006329113924050633	0.005753739930955121	0.0023014959723820483	0.004027617951668585	0.00863060989643268	0.021288837744533946	0.004602991944764097	0.012082853855005755	158
Burkholderia_cepacia_JBK9	0	0	0.16666666666666666	0	0.08333333333333333	0.15	0	0.1875	0	0	0	0.045454545454545456	0.17647058823529413	0	0	0	0	0	0.125	0.07142857142857142	0.010489510489510488	0.00874125874125874	0.010489510489510488	0.010489510489510488	0.006993006993006993	0.006993006993006993	0.00874125874125874	0.013986013986013986	0.012237762237762238	0.010489510489510488	0.0034965034965034965	0.006993006993006993	0.020979020979020976	0.0017482517482517483	0.005244755244755244	0.005244755244755244	0.00874125874125874	0.0034965034965034965	0.01748251748251748	0.02622377622377622	52
Burkholderia_gladioli	0	0.055248618784530384	0.02452316076294278	0.007067137809187279	0.030100334448160536	0.003076923076923077	0.015384615384615385	0.020491803278688523	0.05776173285198556	0.038356164383561646	0.017006802721088437	0.003278688524590164	0.012121212121212121	0	0.004739336492890996	0.00847457627118644	0.02666666666666667	0.004048582995951417	0.006993006993006993	0.008379888268156424	0.014840395743886504	0.011200298674631322	0.008960238939705057	0.013720365876423371	0.007093522493933172	0.009520253873436626	0.007933544894530522	0.009800261340302407	0.006160164271047228	0.009520253873436626	0.00877356729512787	0.008026880716819115	0.009893597162591002	0.007933544894530522	0.012973679298114616	0.009706925518013814	0.011200298674631322	0.009520253873436626	0.009333582228859437	0.007653537427664737	974
Burkholderia_gladioli_BSR3	0	0.06896551724137931	0	0	0	0	0	0.02702702702702703	0	0	0	0.0425531914893617	0	0.02702702702702703	0	0.05128205128205128	0.041666666666666664	0	0	0.027777777777777776	0.015019762845849802	0.018972332015810275	0.006324110671936759	0.012648221343873518	0.005533596837944664	0.01818181818181818	0.022134387351778657	0.006324110671936759	0.007114624505928854	0.011857707509881422	0.007114624505928854	0.008695652173913044	0.009486166007905137	0.011857707509881422	0.004743083003952569	0.007114624505928854	0.012648221343873518	0.016600790513833993	0.011067193675889328	0.008695652173913044	115
Burkholderia_gladioli_pv._gladioli	0	0	0	0.0684931506849315	0.032432432432432434	0.03482587064676617	0.039603960396039604	0.014492753623188406	0.01327433628318584	0.04128440366972477	0.029411764705882353	0.02531645569620253	0.04716981132075472	0.019417475728155338	0.025380710659898477	0.061946902654867256	0.024539877300613498	0.05945945945945946	0.05952380952380952	0.07281553398058252	0.01115702479338843	0.007851239669421488	0.010743801652892562	0.012672176308539944	0.01019283746556474	0.013085399449035813	0.01253443526170799	0.013498622589531679	0.008539944903581268	0.009917355371900827	0.012121212121212121	0.01253443526170799	0.00881542699724518	0.008539944903581268	0.009917355371900827	0.014600550964187328	0.012947658402203856	0.015013774104683195	0.011707988980716254	0.011019283746556474	660
Burkholderia_mallei	0.04	0	0	0	0.21428571428571427	0	0	0	0	0	0	0	0	0.15384615384615385	0	0.1702127659574468	0.5581395348837209	0	0	0	0.02097902097902098	0.016983016983016984	9.99000999000999E-4	0.006993006993006993	0.007992007992007992	0.0029970029970029966	0.023976023976023973	0.016983016983016984	0.02097902097902098	0.012987012987012988	0.017982017982017984	0.011988011988011986	0.013986013986013986	0.027972027972027972	9.99000999000999E-4	0.011988011988011986	0.03496503496503496	0.016983016983016984	0.006993006993006993	0.008991008991008992	91
Burkholderia_mallei_NCTC_10229	0	0	0	0	0	0	0	0	0	0	0	0	0	0	0	0	0	0	0	1.0	0.0	0.0	0.0	0.0	0.0	0.0	0.0	0.0	0.0	0.0	0.0	0.0	0.0	0.0	0.0	0.0	0.0	0.06818181818181818	0.0	0.09090909090909091	4
Burkholderia_multivorans	0.0049261083743842365	0.004366812227074236	0.024539877300613498	0.056074766355140186	0.02843601895734597	0.027777777777777776	0.029940119760479042	0.05056179775280899	0.023696682464454975	0.06341463414634146	0.026490066225165563	0.04887218045112782	0.016216216216216217	0.018518518518518517	0.013201320132013201	0.043689320388349516	0.06550218340611354	0.05952380952380952	0.0427807486631016	0.038834951456310676	0.012027972027972029	0.006573426573426573	0.009930069930069929	0.00965034965034965	0.012587412587412587	0.00825174825174825	0.013846153846153847	0.015104895104895105	0.01006993006993007	0.009370629370629371	0.010209790209790211	0.012447552447552449	0.010769230769230769	0.008111888111888111	0.00825174825174825	0.00909090909090909	0.008531468531468533	0.014265734265734267	0.008671328671328672	0.006713286713286712	650
Burkholderia_multivorans_ATCC_17616	0.03571428571428571	0.058823529411764705	0.023809523809523808	0	0.09782608695652174	0.0641025641025641	0	0	0.18867924528301888	0.17721518987341772	0.11764705882352941	0.03896103896103896	0.08333333333333333	0.016129032258064516	0	0.15625	0.02531645569620253	0.05084745762711865	0.1	0.03076923076923077	0.007704160246533128	0.015793528505392913	0.010015408320493066	0.0061633281972265025	0.023882896764252697	0.021956856702619414	0.01386748844375963	0.011556240369799691	0.011941448382126348	0.015023112480739599	0.013482280431432974	0.01078582434514638	0.014252696456086287	0.011171032357473035	0.007318952234206471	0.019260400616332822	0.012711864406779662	0.012711864406779662	0.019260400616332822	0.0061633281972265025	236
Burkholderia_multivorans_ATCC_BAA-247	0.10112359550561797	0.08045977011494253	0.029411764705882353	0.15789473684210525	0.05333333333333334	0	0	0.11764705882352941	0	0.030303030303030304	0.17777777777777778	0.19642857142857142	0.35	0.029411764705882353	0	0.06578947368421052	0.0196078431372549	0.14634146341463414	0.1	0.3333333333333333	0.006555944055944055	0.014423076923076924	0.010052447552447552	0.01311188811188811	0.010489510489510488	0.0034965034965034965	0.009178321678321678	0.01311188811188811	0.003933566433566434	0.008304195804195804	0.011363636363636364	0.018793706293706296	0.025786713286713284	0.007867132867132868	0.011363636363636364	0.012237762237762238	0.00874125874125874	0.010926573426573428	0.010489510489510488	0.019667832167832168	208
Burkholderia_pseudomallei	0.009345794392523364	0.11684782608695653	0.021052631578947368	0.06748466257668712	0.004424778761061947	0.02403846153846154	0.012738853503184714	0.0330188679245283	0.010869565217391304	0.02459016393442623	0.00946372239747634	0.12099644128113879	0	0.008823529411764706	0.008108108108108109	0.015625	0.047058823529411764	0.014234875444839857	0.02	0.011627906976744186	0.0041592394533571005	0.013170924935630818	0.015448603683897801	0.015250544662309368	0.004852446028916616	0.010992275698158051	0.010497128144186968	0.00683303624480095	0.011784511784511785	0.014458308575955635	0.009704892057833233	0.010596157654981184	0.019409784115666465	0.009704892057833233	0.007328183798772034	0.011982570806100218	0.008120419885125766	0.00861556743909685	0.013765102000396118	0.014359279065161419	918
Burkholderia_pseudomallei_1106b	0	0	0	0	0	0.05	0	0.058823529411764705	0	0	0	0	0	0	0	0	0.05714285714285714	0	0	0.5882352941176471	0.017241379310344827	0.0054858934169279	0.018808777429467082	0.012539184952978056	7.836990595611285E-4	0.003134796238244514	0.003134796238244514	0.003918495297805642	0.010188087774294672	0.003134796238244514	0.001567398119122257	0.0109717868338558	0.001567398119122257	0.006269592476489028	0.025078369905956112	0.0054858934169279	0.029780564263322883	0.03213166144200627	0.008620689655172414	0.008620689655172414	116
Burkholderia_pseudomallei_1710a	0.6666666666666666	0	0	0	0	0	0	0	0	0	0	0	0	0	0	0	0	0	0	0	0.020202020202020204	0.0303030303030303	0.04040404040404041	0.010101010101010102	0.010101010101010102	0.0	0.0	0.0	0.04040404040404041	0.0	0.020202020202020204	0.04040404040404041	0.04040404040404041	0.010101010101010102	0.0	0.010101010101010102	0.0	0.0	0.04040404040404041	0.010101010101010102	9
Burkholderia_pseudomallei_1710b	0	0	0	0.42857142857142855	0	0	0	0	0	0	0	0	0	0	0	0	0	0	1.0	0	0.03896103896103896	0.0	0.0	0.03896103896103896	0.0	0.05194805194805195	0.0	0.0	0.0	0.0	0.0	0.0	0.0	0.0	0.0	0.0	0.006493506493506494	0.0	0.05194805194805195	0.0	14
Burkholderia_pseudomallei_7894	0	0	0	0	0	0	0	0	0	0	0	0	0	0	0	0	0	0	0	0	0.0	0.0	0.0	0.05454545454545454	0.01818181818181818	0.0	0.03636363636363636	0.01818181818181818	0.0	0.0	0.0	0.0	0.0	0.0	0.0	0.01818181818181818	0.03636363636363636	0.0	0.0	0.01818181818181818	5
Burkholderia_pseudomallei_B03	0	0	0	0	0	0	0	0.3333333333333333	0	0	0	0	0	0	0	0	0	0	0	0	0.004329004329004329	0.008658008658008658	0.03896103896103896	0.021645021645021644	0.03896103896103896	0.008658008658008658	0.025974025974025972	0.017316017316017316	0.0	0.0	0.012987012987012986	0.0	0.0	0.004329004329004329	0.004329004329004329	0.0	0.0	0.008658008658008658	0.025974025974025972	0.047619047619047616	21
Burkholderia_pseudomallei_MSHR1153	0	0	0	0	0	0	0	0	0	0	0	1.0	0	0.1111111111111111	0	0	0	0	0	0.3	0.0	0.0	0.0	0.005681818181818182	0.017045454545454544	0.005681818181818182	0.011363636363636364	0.0	0.017045454545454544	0.0	0.028409090909090908	0.017045454545454544	0.045454545454545456	0.011363636363636364	0.011363636363636364	0.017045454545454544	0.0	0.0	0.005681818181818182	0.022727272727272728	16
Burkholderia_pseudomallei_MSHR2543	0	0	0	0	0	0	0	0	0	0	0	0	0	0.16666666666666666	0	0	0.125	0	0	0	0.03162055335968379	0.007905138339920948	0.003952569169960474	0.011857707509881422	0.003952569169960474	0.003952569169960474	0.003952569169960474	0.015810276679841896	0.023715415019762844	0.015810276679841896	0.003952569169960474	0.019762845849802372	0.003952569169960474	0.019762845849802372	0.015810276679841896	0.007905138339920948	0.02766798418972332	0.015810276679841896	0.007905138339920948	0.007905138339920948	23
Burkholderia_pseudomallei_MSHR346	0	0	0	0	0	0	0	0	1.0	0	0	0	0	0	0.6666666666666666	0	0	0	0	1.0	0.0	0.0	0.0	0.0	0.0	0.06818181818181818	0.0	0.045454545454545456	0.045454545454545456	0.022727272727272728	0.011363636363636364	0.0	0.0	0.0	0.06818181818181818	0.045454545454545456	0.011363636363636364	0.045454545454545456	0.0	0.03409090909090909	8
Burkholderia_pseudomallei_MSHR435	0	0	0	0	0	0	0	0	0	0	0	0	0	0	0	0	0	0	0	0	0.0	0.03896103896103896	0.025974025974025976	0.0	0.0	0.06493506493506493	0.0	0.0	0.025974025974025976	0.0	0.012987012987012988	0.0	0.012987012987012988	0.0	0.012987012987012988	0.0	0.0	0.0	0.0	0.0	7
Burkholderia_pseudomallei_NCTC_13179	0	0	0	0.6	0	1.0	0	0	0	0	0	0	0	0	0	0	0	0	0	0.5	0.0	0.019762845849802372	0.07114624505928854	0.06324110671936758	0.0	0.011857707509881422	0.0	0.0	0.011857707509881422	0.015810276679841896	0.0	0.05138339920948617	0.011857707509881422	0.0	0.003952569169960474	0.003952569169960474	0.003952569169960474	0.0	0.06324110671936758	0.011857707509881422	23
Burkholderia_pseudomallei_Pasteur_52237	0.5	0	0	0.1	0	0.6	0	0	0.6666666666666666	0.2	0	0	0	1.0	0	0	0	0	0.3333333333333333	0.14285714285714285	0.01818181818181818	0.012121212121212121	0.006060606060606061	0.012121212121212121	0.04242424242424243	0.03636363636363636	0.006060606060606061	0.0	0.0303030303030303	0.006060606060606061	0.0	0.0	0.006060606060606061	0.04242424242424243	0.03636363636363636	0.012121212121212121	0.012121212121212121	0.012121212121212121	0.006060606060606061	0.006060606060606061	15
Campylobacter_coli	0	0	0	0	0	0	0	0	0	0	0	0	0	0	0	0	0	0	0	0	0.0	0.0	0.0	0.0	0.09090909090909091	0.0	0.0	0.0	0.0	0.0	0.0	0.045454545454545456	0.0	0.045454545454545456	0.0	0.0	0.0	0.0	0.0	0.0	2
Campylobacter_fetus	0	0	0	0	0	0	0	0	0	0	0	0	0	0	0	0	0	0	0	0	0	0	0	0	0	0	0	0	0	0	0	0	0	0	0	0	0	0	0	0	0
Campylobacter_gracilis	0	0	0	0	0	0	0	0	0	0	0	0	0	0	0	0	0	0	0	0	0.005347593582887701	0.005347593582887701	0.0	0.0	0.005347593582887701	0.0160427807486631	0.0320855614973262	0.0	0.005347593582887701	0.005347593582887701	0.010695187165775402	0.010695187165775402	0.010695187165775402	0.0160427807486631	0.0160427807486631	0.0160427807486631	0.010695187165775402	0.005347593582887701	0.005347593582887701	0.0	17
Campylobacter_showae	0	1.0	0	0	0	0	0	0	0	0	0	0	0	0	0	0	0	0	0	0	0.0	0.015151515151515152	0.0	0.0	0.015151515151515152	0.015151515151515152	0.0	0.0	0.015151515151515152	0.015151515151515152	0.0	0.0	0.015151515151515152	0.0	0.0	0.04545454545454545	0.015151515151515152	0.0	0.04545454545454545	0.0	6
Canine_morbillivirus	0	0	0	0	0	0	0	0	0	0	0	0	0	0	0	0	0	0	0	0	0	0	0	0	0	0	0	0	0	0	0	0	0	0	0	0	0	0	0	0	0
Chlamydia_abortus	0	0	0	0	0	0	0	0	0	0	0	0	0	0	0	0	0	0	0	0	0	0	0	0	0	0	0	0	0	0	0	0	0	0	0	0	0	0	0	0	0
Chlamydia_caviae	0	0	0	0	0	0	0	0	0	0	0	0	0	0	0	0	0	0	0	0	0	0	0	0	0	0	0	0	0	0	0	0	0	0	0	0	0	0	0	0	0
Chlamydia_felis	0	0	0	0	0	0	0	0	0	0	0	0	0	0	0	0	0	0	0	0	0	0	0	0	0	0	0	0	0	0	0	0	0	0	0	0	0	0	0	0	0
Chlamydia_muridarum	0	0	0	0	0	0	0	0	0	0	0	0	0	0	0	0	0	0	0	0	0	0	0	0	0	0	0	0	0	0	0	0	0	0	0	0	0	0	0	0	0
Chlamydia_pecorum	0	0	0	0	0	0	0	0	0	0	0	0	0	0	0	0	0	0	0	0	0	0	0	0	0	0	0	0	0	0	0	0	0	0	0	0	0	0	0	0	0
Chlamydia_pneumoniae	0	0	0	0	0	0	0	0	0	0	0	0	0	0	0	0	0	0	0	0	0	0	0	0	0	0	0	0	0	0	0	0	0	0	0	0	0	0	0	0	0
Chlamydia_psittaci	0	0	0	0	0	0	0	0	0	0	0	0	0	0	0	0	0	0	0	0	0.0	0.0	0.0	0.0	0.0	0.09090909090909091	0.0	0.0	0.0	0.0	0.0	0.0	0.0	0.0	0.0	0.0	0.0	0.0	0.0	0.0	1
Chlamydia_suis	0	0	0	0	0	0	0	0	0	0	0	0	0	0	0	0	0	0	0	0	0	0	0	0	0	0	0	0	0	0	0	0	0	0	0	0	0	0	0	0	0
Chlamydia_trachomatis	0	0	0	0	0	0	0	0	0	0	0	0	0	0	0	0	0	0	0	0	0	0	0	0	0	0	0	0	0	0	0	0	0	0	0	0	0	0	0	0	0
Corynebacterium_ammoniagenes	1.0	0	0	0	0	0	0	0	0	0	0	0	0	0	0	0	0	0	0	0	0.09090909090909091	0.0	0.0	0.01818181818181818	0.0	0.03636363636363636	0.0	0.0	0.03636363636363636	0.05454545454545454	0.01818181818181818	0.07272727272727272	0.03636363636363636	0.03636363636363636	0.0	0.0	0.03636363636363636	0.0	0.01818181818181818	0.0	5
Corynebacterium_amycolatum	0	0	0	0	0	0	0	0	0	0.2857142857142857	0.3333333333333333	0	0	0	0	0.2857142857142857	0	0.6666666666666666	0.5	0.3333333333333333	0.027972027972027972	0.0	0.006993006993006993	0.013986013986013986	0.006993006993006993	0.0	0.027972027972027972	0.0	0.0	0.013986013986013986	0.006993006993006993	0.006993006993006993	0.0	0.013986013986013986	0.006993006993006993	0.013986013986013986	0.0	0.020979020979020976	0.013986013986013986	0.006993006993006993	13
Corynebacterium_bovis	0.0425531914893617	0.017543859649122806	0	0	0.018867924528301886	0	0.01694915254237288	0.017241379310344827	0	0	0.15789473684210525	0	0.023255813953488372	0.04081632653061224	0.061224489795918366	0.046511627906976744	0.10810810810810811	0.061224489795918366	0	0.01694915254237288	0.015151515151515152	0.013468013468013467	0.010662177328843996	0.008417508417508417	0.010662177328843996	0.011784511784511785	0.010101010101010102	0.011784511784511785	0.008978675645342313	0.01122334455667789	0.013468013468013467	0.008417508417508417	0.005050505050505051	0.007856341189674524	0.010662177328843996	0.01122334455667789	0.013468013468013467	0.013468013468013467	0.009539842873176206	0.015712682379349047	162
Corynebacterium_crudilactis	0	0	0	0	0	0	0	0	0	0	0	0	0	0	0	0	0	0	0	0	0	0	0	0	0	0	0	0	0	0	0	0	0	0	0	0	0	0	0	0	0
Corynebacterium_diphtheriae	0	0	0	0	0	0	0	0	0	0	0.4	0	0	1.0	0	0	0	0	0	0	0.0	0.06060606060606061	0.0	0.0	0.0	0.04545454545454545	0.015151515151515152	0.0	0.04545454545454545	0.015151515151515152	0.030303030303030304	0.0	0.0	0.030303030303030304	0.0	0.0	0.030303030303030304	0.07575757575757576	0.030303030303030304	0.015151515151515152	6
Corynebacterium_diphtheriae_HC03	0	0	0	0	0	0	0	0	0	0	0	0	0	0	0	0	0	0	0	0	0.0	0.0	0.0	0.0	0.0	0.0	0.0	0.0	0.0	0.0	0.0	0.0	0.06818181818181818	0.06818181818181818	0.06818181818181818	0.06818181818181818	0.0	0.0	0.0	0.0	4
Corynebacterium_diphtheriae_HC04	0	0	0	0	0	0	0	0	0	0	0	0	0	0	0	0	0	0	0	0	0.0	0.0	0.0	0.0	0.0	0.0	0.0	0.0	0.0	0.0	0.0	0.0	0.0	0.06060606060606061	0.0	0.06060606060606061	0.0	0.0	0.0	0.0	3
Corynebacterium_jeikeium	0	0.5	0	0	0	0	0	0.5714285714285714	0	0.0625	0	0	0.05555555555555555	0	0	0	0	0	0.05	0.15	0.019027484143763214	0.03171247357293869	0.004228329809725159	0.008456659619450317	0.004228329809725159	0.006342494714587738	0.008456659619450317	0.035940803382663845	0.010570824524312896	0.010570824524312896	0.010570824524312896	0.004228329809725159	0.010570824524312896	0.008456659619450317	0.006342494714587738	0.006342494714587738	0.006342494714587738	0.012684989429175475	0.027484143763213533	0.023255813953488372	43
Corynebacterium_jeikeium_K411	0	0.3333333333333333	0	0	0	0.3333333333333333	0	0	0	0	0.3333333333333333	0	0	0	0	0	0	0	0	0	0.006993006993006993	0.03496503496503496	0.013986013986013986	0.006993006993006993	0.013986013986013986	0.020979020979020976	0.013986013986013986	0.027972027972027972	0.03496503496503496	0.006993006993006993	0.020979020979020976	0.0	0.020979020979020976	0.0	0.0	0.013986013986013986	0.0	0.020979020979020976	0.013986013986013986	0.0	13
Corynebacterium_kroppenstedtii	0.1875	0	0	0	0	0.06666666666666667	0	0	0	0	0.25	0	0	0	0	0	0.0625	0	0.14285714285714285	0	0.00737100737100737	0.009828009828009828	0.002457002457002457	0.002457002457002457	0.004914004914004914	0.004914004914004914	0.0	0.004914004914004914	0.0	0.004914004914004914	0.00737100737100737	0.004914004914004914	0.002457002457002457	0.002457002457002457	0.004914004914004914	0.004914004914004914	0.002457002457002457	0.0	0.002457002457002457	0.002457002457002457	37
Corynebacterium_kroppenstedtii_DSM_44385	0.13953488372093023	0	0	0.018867924528301886	0	0	0	0	0.08571428571428572	0	0	0	0.13333333333333333	0	0	0.23076923076923078	0.06060606060606061	0	0	0	0.007130124777183601	0.00267379679144385	0.0	8.912655971479501E-4	0.0017825311942959003	0.0	0.0	0.008912655971479501	0.00267379679144385	0.0	0.0053475935828877	0.0035650623885918006	0.0053475935828877	0.006238859180035651	0.0035650623885918006	0.014260249554367202	0.006238859180035651	0.004456327985739751	0.011586452762923352	8.912655971479501E-4	102
Corynebacterium_maris	0	0	0	0	0	0	0	0	0	0	0	0	0	0	0	0	0	0	0	0	0	0	0	0	0	0	0	0	0	0	0	0	0	0	0	0	0	0	0	0	0
Corynebacterium_maris_DSM_45190	0	0.05555555555555555	0.23076923076923078	0.09090909090909091	0.047619047619047616	0	0.16666666666666666	0	0.07692307692307693	0	0	0	0	0	0.05	0	0	0	0.17647058823529413	0	0.01652892561983471	0.010330578512396695	0.01652892561983471	0.008264462809917356	0.012396694214876032	0.024793388429752063	0.010330578512396695	0.012396694214876032	0.010330578512396695	0.006198347107438016	0.014462809917355372	0.006198347107438016	0.008264462809917356	0.008264462809917356	0.010330578512396695	0.0	0.008264462809917356	0.014462809917355372	0.02066115702479339	0.012396694214876032	44
Corynebacterium_matruchotii	0	0	0	0	0.11764705882352941	0	0	0	0	0	0	0	0	0	0	0	0	0	0	0	0.01652892561983471	0.0027548209366391185	0.011019283746556474	0.0	0.011019283746556474	0.01652892561983471	0.0	0.01652892561983471	0.013774104683195593	0.005509641873278237	0.0	0.011019283746556474	0.011019283746556474	0.0027548209366391185	0.0027548209366391185	0.0	0.02203856749311295	0.005509641873278237	0.0	0.013774104683195593	33
Corynebacterium_minutissimum	0.05	0	0.05	0	0.1111111111111111	0	0	0	0	0.09090909090909091	0	0	0	0.2857142857142857	0	0	0	0	0	0	0.01212121212121212	0.01616161616161616	0.018181818181818184	0.01212121212121212	0.01212121212121212	0.018181818181818184	0.00202020202020202	0.01212121212121212	0.00202020202020202	0.0101010101010101	0.01414141414141414	0.00202020202020202	0.02424242424242424	0.0101010101010101	0.00202020202020202	0.00606060606060606	0.03232323232323232	0.03636363636363637	0.0	0.0303030303030303	45
Corynebacterium_pseudotuberculosis	0	0	0	0	0	0	0	0	0	0	0	0	0	0	0	0	0	0	0	0	0.0	0.0	0.0	0.0	0.0	0.0	0.0	0.0	0.0	0.09090909090909091	0.0	0.0	0.0	0.0	0.0	0.0	0.0	0.0	0.0	0.0	1
Corynebacterium_pseudotuberculosis_Cp162	0	0	0	0	0	0	0	0	0	0	0	0	0	0	0	0	0	0	0	0	0.0	0.0	0.0	0.0	0.0	0.0	0.0	0.0	0.0	0.0	0.0	0.0	0.0	0.0	0.0	0.0	0.0	0.0	0.06818181818181818	0.0	4
Corynebacterium_renale	0	0	0	0	0	0	0.3333333333333333	0	0	0	0	0	0	0	0	0	0	0	0	0	0.0	0.025974025974025976	0.0	0.0	0.0	0.0	0.012987012987012988	0.0	0.0	0.0	0.0	0.012987012987012988	0.012987012987012988	0.0	0.0	0.0	0.012987012987012988	0.012987012987012988	0.012987012987012988	0.0	7
Corynebacterium_segmentosum	0	0	0	0	0	0	0	0	0	0	0	0.14285714285714285	0	0	0	0	0	0	0	0	0.012987012987012988	0.0	0.006493506493506494	0.012987012987012988	0.006493506493506494	0.006493506493506494	0.006493506493506494	0.0	0.0	0.0	0.0	0.006493506493506494	0.0	0.006493506493506494	0.006493506493506494	0.012987012987012988	0.012987012987012988	0.0	0.006493506493506494	0.006493506493506494	14
Corynebacterium_sphenisci	0	0	0	0	0	0	0	0	0	0	0	0	0	0	0	0	0	0	0	0	0	0	0	0	0	0	0	0	0	0	0	0	0	0	0	0	0	0	0	0	0
Corynebacterium_sphenisci_DSM_44792	0.05084745762711865	0.04032258064516129	0.03289473684210526	0.01904761904761905	0	0.015748031496062992	0.04477611940298507	0.037037037037037035	0.022900763358778626	0.043478260869565216	0.009523809523809525	0.020689655172413793	0.009009009009009009	0.016129032258064516	0.01680672268907563	0.00909090909090909	0.023255813953488372	0.04580152671755725	0.017094017094017096	0.05384615384615385	0.00978624774658769	0.007468452227659027	0.010043780582024209	0.009528714911151173	0.010043780582024209	0.008756116404841616	0.009013649240278135	0.006695853721349472	0.009271182075714654	0.007725985063095544	0.009271182075714654	0.007725985063095544	0.008756116404841616	0.008756116404841616	0.009271182075714654	0.0084985835694051	0.009528714911151173	0.013391707442698944	0.011073911923770281	0.006438320885912954	353
Corynebacterium_stationis	0	0	0.75	0	0	0	0	0	0	0	0	0	0	0	0	0	0	0	0	0	0.020202020202020204	0.0	0.0303030303030303	0.0	0.0303030303030303	0.0303030303030303	0.010101010101010102	0.0	0.0	0.0303030303030303	0.0303030303030303	0.04040404040404041	0.020202020202020204	0.0	0.0	0.010101010101010102	0.0	0.0303030303030303	0.0	0.0303030303030303	9
Corynebacterium_striatum	0	0	0	0	0.08333333333333333	0.08333333333333333	0	0	0	0	0	0	0.125	0	0	0	0	0	0	0	0.005194805194805195	0.0	0.007792207792207791	0.0025974025974025974	0.007792207792207791	0.01038961038961039	0.0025974025974025974	0.007792207792207791	0.01038961038961039	0.0025974025974025974	0.007792207792207791	0.007792207792207791	0.005194805194805195	0.0025974025974025974	0.02077922077922078	0.005194805194805195	0.007792207792207791	0.031168831168831165	0.005194805194805195	0.015584415584415583	35
Corynebacterium_urealyticum	0	0	0	0	0.1	0.1	0.3	0	0	0	0.23076923076923078	0	0	0	0	0	0.2222222222222222	0	0	0.25	0.0025974025974025974	0.01818181818181818	0.01818181818181818	0.005194805194805195	0.015584415584415583	0.005194805194805195	0.01818181818181818	0.023376623376623377	0.023376623376623377	0.02077922077922078	0.012987012987012986	0.012987012987012986	0.007792207792207791	0.0	0.02077922077922078	0.01038961038961039	0.023376623376623377	0.0025974025974025974	0.01038961038961039	0.007792207792207791	35
Corynebacterium_ureicelerivorans	0.037037037037037035	0	0	0	0	0	0	0	0.125	0.030303030303030304	0	0	0	0.047619047619047616	0	0	0	0	0	0	0.008556149732620321	0.01283422459893048	0.0106951871657754	0.01818181818181818	0.0160427807486631	0.00641711229946524	0.0074866310160427805	0.01283422459893048	0.013903743315508022	0.011764705882352941	0.0053475935828877	0.0042780748663101605	0.008556149732620321	0.0074866310160427805	0.00641711229946524	0.008556149732620321	0.01283422459893048	0.011764705882352941	0.00320855614973262	0.008556149732620321	85
Corynebacterium_xerosis	0.02857142857142857	0.03333333333333333	0	0	0.14285714285714285	0	0	0	0.04	0	0	0	0	0	0.08	0	0.05	0.12	0.07407407407407407	0.07142857142857142	0.005509641873278236	0.018365472910927456	0.011019283746556472	0.008264462809917356	0.012855831037649219	0.010101010101010102	0.011937557392102846	0.008264462809917356	0.012855831037649219	0.011019283746556472	0.011937557392102846	0.008264462809917356	0.0018365472910927456	0.0036730945821854912	0.0073461891643709825	0.004591368227731864	0.017447199265381085	0.011937557392102846	0.009182736455463728	0.012855831037649219	99
Cowpox_virus	0	0	0	0	0	0	0	0	0	0	0	0	0	0	0	0	0	0	0	0	0	0	0	0	0	0	0	0	0	0	0	0	0	0	0	0	0	0	0	0	0
Coxiella_burnetii	0	0	0	0	0	0	0	0	0	0	0	0	0	0	0	0	0	0	0	0	0.0	0.0	0.013303769401330375	0.0	0.0	0.013303769401330375	0.0	0.013303769401330375	0.022172949002217293	0.0	0.013303769401330375	0.015521064301552106	0.0	0.0	0.013303769401330375	0.013303769401330375	0.0	0.0	0.022172949002217293	0.0	41
Coxiella_burnetii_Dugway_5J108-111	0	0	0	0	0	0	1.0	0	0	0	0	0	0	0	0	0	0	0	0	0	0.0	0.0	0.0	0.0	0.0	0.0	0.06060606060606061	0.0	0.0	0.0	0.0	0.0	0.015151515151515152	0.0	0.0	0.0	0.0	0.04545454545454545	0.0	0.0	6
Coxiella_burnetii_str._Schperling	0	0	0	0	0	0	0	0	0	0	0	0	0	0	0	0	0	0	0	0	0.0	0.0	0.0	0.0	0.0909090909090909	0.0	0.0909090909090909	0.0	0.0	0.0	0.0	0.0	0.0	0.0	0.0	0.0	0.030303030303030304	0.0	0.0	0.0	3
Cryptosporidium	0	0	0	0	0	0	0	0	0	0	0	0	0	0	0	0	0	0	0	0	0	0	0	0	0	0	0	0	0	0	0	0	0	0	0	0	0	0	0	0	0
Cryptosporidium_parvum	0	0	0	0	0	0	0	0	0	0	0	0	0	0	0	0	0	0	0	0	0	0	0	0	0	0	0	0	0	0	0	0	0	0	0	0	0	0	0	0	0
Deltaretrovirus	0	0	0	0	0	0	0	0	0	0	0	0	0	0	0	0	0	0	0	0	0	0	0	0	0	0	0	0	0	0	0	0	0	0	0	0	0	0	0	0	0
Ehrlichia_canis	0	0	0	0	0	0	0	0	0	0	0	0	0	0	0	0	0	0	0	0	0	0	0	0	0	0	0	0	0	0	0	0	0	0	0	0	0	0	0	0	0
Enterococcus_avium	0	0	0	0	0	0	0	0	0	0	0	0	0	0	0	0	0	0	0	0	0	0	0	0	0	0	0	0	0	0	0	0	0	0	0	0	0	0	0	0	0
Enterococcus_casseliflavus	0	0	0	0	0	0	0	0	0	0	0	0	0	0	0	0	0	0	0	0	0	0	0	0	0	0	0	0	0	0	0	0	0	0	0	0	0	0	0	0	0
Enterococcus_cecorum	0	0	0	0	0	0	0	0	0	0	0	0	0	0	0	0	0	0	0	0	0.0	0.022727272727272728	0.0	0.0	0.03409090909090909	0.0	0.0	0.0	0.0	0.0	0.0	0.0	0.0	0.0	0.011363636363636364	0.0	0.017045454545454544	0.0	0.0	0.0	16
Enterococcus_durans	1.0	0	1.0	0	0	0	0	0	1.0	1.0	0	0	0	0	0	0	0	0	0	0	0.045454545454545456	0.0	0.045454545454545456	0.045454545454545456	0.0	0.0	0.0	0.0	0.045454545454545456	0.045454545454545456	0.0	0.0	0.0	0.0	0.0	0.0	0.0	0.045454545454545456	0.0	0.0	2
Enterococcus_faecalis	0	0	0	0	0	0	0	0	0	0	0	0.5	0	0	0	0	0	0	0	0	0.0	0.0	0.0	0.016783216783216783	0.0	0.0	0.0	0.0	0.0	0.012587412587412588	0.0	0.0013986013986013986	0.0	0.0	0.0	0.0	0.0013986013986013986	0.002797202797202797	0.0	0.0	65
Enterococcus_faecalis_R712	0	0	0	0	0	0	0	0	0	0	0	0	0	0	0	0	0	0	0	0	0.0	0.0	0.0	0.0	0.0	0.0	0.0	0.09090909090909091	0.0	0.0	0.0	0.0	0.07272727272727272	0.01818181818181818	0.07272727272727272	0.0	0.0	0.0	0.07272727272727272	0.0	5
Enterococcus_faecium	0	0	0	0	0	0	0	0	0	0	0	0	0	0	0	0	0	0	0	0	0.0	0.0	0.0	0.0	0.0	0.09090909090909091	0.0	0.0	0.0	0.0	0.0	0.0	0.0	0.0	0.0	0.0	0.0	0.0	0.0	0.0	1
Enterococcus_faecium_ATCC_8459_=_NRRL_B-2354	0	0	0	0	0	0	0	0	0	0	0	0	0	0	0	0	0	0	0	0	0.0	0.0	0.0	0.0	0.0	0.0	0.0	0.0	0.0	0.0	0.0	0.0	0.0	0.0	0.0	0.0	0.0	0.0	0.0	0.0017482517482517483	52
Enterococcus_hirae	0	0	0	0	0	0	0	0	0	0	0	0	0	0	0	0	0	0	0	0	0	0	0	0	0	0	0	0	0	0	0	0	0	0	0	0	0	0	0	0	0
Enterococcus_mundtii	0	0	0	0	0	0	0	0	0	0	0	0	0	0	0	0	0	0	0	0	0.0	0.0	0.09090909090909091	0.0	0.0	0.0	0.0	0.0	0.09090909090909091	0.0	0.0	0.09090909090909091	0.0	0.0	0.0	0.0	0.045454545454545456	0.0	0.0	0.0	2
Enterovirus_B	0	0	0	0	0	0	0	0	0	0	0	0	0	0	0	0	0	0	0	0	0	0	0	0	0	0	0	0	0	0	0	0	0	0	0	0	0	0	0	0	0
Epizootic_hemorrhagic_disease_virus_(serotype_1_/_strain_New_Jersey)	0	0	0	0	0	0	0	0	0	0	0	0	0	0	0	0	0	0	0	0	0	0	0	0	0	0	0	0	0	0	0	0	0	0	0	0	0	0	0	0	0
Equine_rhinitis_A_virus	0	0	0	0	0	0	0	0	0	0	0	0	0	0	0	0	0	0	0	0	0	0	0	0	0	0	0	0	0	0	0	0	0	0	0	0	0	0	0	0	0
Erysipelothrix_rhusiopathiae	0	0	0	0	0	0	0	0	0	0	0	0	0	0	0	0	0	0	0	0	0	0	0	0	0	0	0	0	0	0	0	0	0	0	0	0	0	0	0	0	0
Erythroparvovirus	0	0	0	0	0	0	0	0	0	0	0	0	0	0	0	0	0	0	0	0	0	0	0	0	0	0	0	0	0	0	0	0	0	0	0	0	0	0	0	0	0
Escherichia_coli	0	0	0	0	0	0.13333333333333333	0	0	0	0	0	0	0	0	0	0	0	0.08333333333333333	0	0	0.009881422924901186	0.001976284584980237	0.01383399209486166	0.011857707509881422	0.011857707509881422	0.01383399209486166	0.003952569169960474	0.0	0.003952569169960474	0.003952569169960474	0.011857707509881422	0.0	0.011857707509881422	0.017786561264822136	0.005928853754940711	0.009881422924901186	0.003952569169960474	0.011857707509881422	0.011857707509881422	0.001976284584980237	46
Escherichia_coli_NCCP15648	0	0	0	0	0	0	0	0	0	0	0	0	0	0	0	0	0	0.08333333333333333	0	0	0.0	0.007272727272727273	0.021818181818181816	0.014545454545454545	0.014545454545454545	0.0	0.010909090909090908	0.007272727272727273	0.0	0.021818181818181816	0.02909090909090909	0.021818181818181816	0.02909090909090909	0.04	0.007272727272727273	0.021818181818181816	0.06545454545454546	0.02909090909090909	0.01818181818181818	0.01818181818181818	25
Escherichia_coli_O111	0	0	0	0	0	0	0	0	0	0	0	0	0	0	0	0	0	0	0	0	0	0	0	0	0	0	0	0	0	0	0	0	0	0	0	0	0	0	0	0	0
Escherichia_coli_O157:H7	0	0	0	0	0	0	0	0	0	0	0	0	0	0	0	0	0	0	0	0	0	0	0	0	0	0	0	0	0	0	0	0	0	0	0	0	0	0	0	0	0
Escherichia_coli_O26	0	0	0	0	0	0	0	0	0	0	0	0	0	0	0	0	0	0	0	0	0	0	0	0	0	0	0	0	0	0	0	0	0	0	0	0	0	0	0	0	0
Francisella_tularensis	0	0	0	0	0	0	0	0	0	0	0	0	0	0	0	0	0	0	0	0	0.0	0.0	0.0	0.0	0.0	0.0	0.0	0.0	0.0	0.0	0.0	0.030303030303030304	0.0	0.0	0.0	0.06060606060606061	0.06060606060606061	0.0909090909090909	0.030303030303030304	0.0	3
Francisella_tularensis_subsp._novicida	0	0	0	0	0	0	0	0	0	0	0	0	0	0	0	0	0	0	0	0	0.0	0.0	0.09090909090909091	0.0	0.09090909090909091	0.0	0.0	0.0	0.0	0.0	0.0	0.09090909090909091	0.0	0.0	0.0	0.0	0.0	0.09090909090909091	0.0	0.0	1
Francisella_tularensis_subsp._novicida_PA10-7858	0	0	0	0	0	0	0	0	0	0	0	0	0	0	0	0	0	0	0	0	0.0	0.0	0.09090909090909091	0.0	0.0	0.09090909090909091	0.0	0.0	0.0	0.09090909090909091	0.0	0.0	0.0	0.0	0.0	0.06818181818181818	0.0	0.0	0.0	0.0	4
Fusobacterium	0	0	0	0	0	0	0	0.7777777777777778	0	0	0	0	0	0	0	0	0	0	0	0	0.0	0.0	0.03977272727272727	0.03977272727272727	0.0	0.0	0.0	0.045454545454545456	0.0	0.0	0.03977272727272727	0.0	0.011363636363636364	0.011363636363636364	0.011363636363636364	0.0	0.0	0.011363636363636364	0.0	0.0	16
Fusobacterium_gonidiaformans_ATCC_25563	0	0	0	0	0	0	0	0	0	0	0	0	0	0	0	0	0	0	0	0	0.0	0.0	0.0	0.0	0.0	0.0	0.0	0.0	0.0	0.09090909090909091	0.0	0.0	0.0	0.0	0.0	0.0	0.045454545454545456	0.045454545454545456	0.045454545454545456	0.0	2
Fusobacterium_necrophorum	0.6666666666666666	0	0	0	0	0	0	0	0	0	0	0	0	0	0	0	0	0	0	0	0.0606060606060606	0.0	0.0	0.0	0.0	0.0	0.0	0.0	0.0	0.0	0.08080808080808081	0.0	0.0	0.0	0.08080808080808081	0.08080808080808081	0.0	0.0	0.0	0.08080808080808081	9
Fusobacterium_nucleatum	0	0	0	0	0	0	0	0	0	0	0	0	0	0	0	0	0	0	0	0	0.0	0.0	0.0	0.0	0.0	0.0	0.0	0.0	0.0	0.0	0.0	0.0	0.0	0.0	0.0	0.0	0.0	0.0	0.0	0.0	7
Fusobacterium_nucleatum_subsp._animalis_7_1	0	0	0	0	0	0	0	0	0	0	0	0	0	0	0	0	0	0	0	0	0.09090909090909091	0.0	0.0	0.0	0.0	0.0	0.09090909090909091	0.0	0.0	0.0	0.022727272727272728	0.022727272727272728	0.0	0.0	0.0	0.06818181818181818	0.0	0.0	0.06818181818181818	0.06818181818181818	4
Fusobacterium_periodonticum	0	0	0	0	0	0	0	0	0	0	0	0	0	0	0	0	0	0	0	0	0.0	0.09090909090909091	0.0	0.0	0.09090909090909091	0.0	0.0	0.0	0.0	0.0	0.09090909090909091	0.0	0.0	0.0	0.0	0.0	0.0	0.0	0.0	0.0	1
Fusobacterium_sp._oral_taxon_203	0	0	0	0	0	0	0	0	0	0	0	0	0	0	0	0	0	0	0	0	0.09090909090909091	0.0	0.0	0.0	0.0	0.0	0.0	0.0	0.0	0.0	0.0	0.0	0.0	0.0	0.0	0.0	0.0	0.0	0.0	0.0	2
Fusobacterium_varium	0	0	0	0	0	0	0	0	0	0	0	0	0	0	0	0	0	0	0	0	0.0	0.09090909090909091	0.0	0.0	0.0	0.0	0.0	0.0	0.0	0.0	0.09090909090909091	0.0	0.0	0.0	0.0	0.0	0.0	0.0	0.09090909090909091	0.09090909090909091	1
Goatpox_virus	0	0	0	0	0	0	0	0	0	0	0	0	0	0	0	0	0	0	0	0	0	0	0	0	0	0	0	0	0	0	0	0	0	0	0	0	0	0	0	0	0
Haemophilus_influenzae	0	0	0	0	0	0	0	0	0	0	0	0	0	0	0	0	0	0	0	0	0.0	0.0	0.0	0.0	0.0	0.0	0.0	0.0	0.0	0.0	0.0	0.0	0.0	0.0	0.0	0.0	0.09090909090909091	0.0	0.0	0.0	1
Haemophilus_influenzae_F3047	0	0	0	0	0	0	0	0	0	0	0	0	0	0	0	0	0	0	0	0	0.0	0.0	0.0	0.0	0.09090909090909091	0.09090909090909091	0.0	0.0	0.0	0.0	0.0	0.0	0.010101010101010102	0.0	0.0	0.0	0.0	0.0	0.0	0.010101010101010102	9
Helicobacter_cinaedi	0	0	0	0	0	0	0	0	0	0	0	0	0	0	0	0	0	0	0	0	0.0	0.0909090909090909	0.0	0.0	0.0	0.0	0.0	0.0909090909090909	0.0	0.0	0.0	0.0	0.0	0.0	0.0	0.0	0.0	0.0	0.0	0.0	3
Helicobacter_pylori	0	0	0	0	0	0	0	0	0	0	0	0	0	0	0	0	0	0	0	0	0.0	0.0	0.0013774104683195593	0.0	0.08402203856749312	0.004132231404958678	0.0013774104683195593	0.0013774104683195593	0.0	0.004132231404958678	0.0027548209366391185	0.0	0.0	0.0027548209366391185	0.08402203856749312	0.004132231404958678	0.0	0.08539944903581267	0.0	0.0013774104683195593	66
Helicobacter_pylori_Shi112	0	0	0	0	0	0	0.5	0	0	0	0	0	0	0	0	0	0	0	0	0	0.0	0.0	0.0	0.0	0.0	0.0	0.030303030303030307	0.0	0.0	0.0	0.0	0.0	0.0	0.0	0.03	0.0	0.0	0.0	0.0	0.0	300
Hepatitis_B_virus	0	0	0	0	0	0	0	0	0	0	0	0	0	0	0	0	0	0	0	0	0	0	0	0	0	0	0	0	0	0	0	0	0	0	0	0	0	0	0	0	0
Hepatitis_E_virus	0	0	0	0	0	0	0	0	0	0	0	0	0	0	0	0	0	0	0	0	0	0	0	0	0	0	0	0	0	0	0	0	0	0	0	0	0	0	0	0	0
Hepatitis_delta_virus	0	0	0	0	0	0	0	0	0	0	0	0	0	0	0	0	0	0	0	0	0	0	0	0	0	0	0	0	0	0	0	0	0	0	0	0	0	0	0	0	0
Human_adenovirus_1	0	0	0	0	0	0	0	0	0	0	0	0	0	0	0	0	0	0	0	0	0	0	0	0	0	0	0	0	0	0	0	0	0	0	0	0	0	0	0	0	0
Human_adenovirus_2	0	0	0	0	0	0	0	0	0	0	0	0	0	0	0	0	0	0	0	0	0	0	0	0	0	0	0	0	0	0	0	0	0	0	0	0	0	0	0	0	0
Human_adenovirus_35	0	0	0	0	0	0	0	0	0	0	0	0	0	0	0	0	0	0	0	0	0	0	0	0	0	0	0	0	0	0	0	0	0	0	0	0	0	0	0	0	0
Human_adenovirus_5	0	0	0	0	0	0	0	0	0	0	0	0	0	0	0	0	0	0	0	0	0	0	0	0	0	0	0	0	0	0	0	0	0	0	0	0	0	0	0	0	0
Human_adenovirus_54	0	0	0	0	0	0	0	0	0	0	0	0	0	0	0	0	0	0	0	0	0	0	0	0	0	0	0	0	0	0	0	0	0	0	0	0	0	0	0	0	0
Human_adenovirus_7	0	0	0	0	0	0	0	0	0	0	0	0	0	0	0	0	0	0	0	0	0	0	0	0	0	0	0	0	0	0	0	0	0	0	0	0	0	0	0	0	0
Human_alphaherpesvirus_1	0	0	0	0	0	0	0	0	0	0	0	0	0	0	0	0	0	0	0	0	0	0	0	0	0	0	0	0	0	0	0	0	0	0	0	0	0	0	0	0	0
Human_alphaherpesvirus_2	0	0	0	0	0	0	0	0	0	0	0	0	0	0	0	0	0	0	0	0	0	0	0	0	0	0	0	0	0	0	0	0	0	0	0	0	0	0	0	0	0
Human_alphaherpesvirus_3	0	0	0	0	0	0	0	0	0	0	0	0	0	0	0	0	0	0	0	0	0	0	0	0	0	0	0	0	0	0	0	0	0	0	0	0	0	0	0	0	0
Human_gammaherpesvirus_4	0.5	0	0	0	0	0	0	0	0	0	0	0	0	0	0	0	0	0	0	0	0.06060606060606061	0.030303030303030304	0.0	0.030303030303030304	0.030303030303030304	0.0	0.0	0.0	0.0	0.0	0.0	0.030303030303030304	0.0	0.030303030303030304	0.030303030303030304	0.0	0.030303030303030304	0.0	0.030303030303030304	0.0	3
Human_herpesvirus_4_type_2	0	0	0	0	0	0	0	0	0	0	0	0	0	0	0	0	0	0	0	0	0	0	0	0	0	0	0	0	0	0	0	0	0	0	0	0	0	0	0	0	0
Human_mastadenovirus_C	0	0	0	0	0	0	0	0	0	0	0	0	0	0	0	0	0	0	0	0	0	0	0	0	0	0	0	0	0	0	0	0	0	0	0	0	0	0	0	0	0
JC_polyomavirus	0	0	0	0	0	0	0	0	0	0	0	0	0	0	0	0	0	0	0	0	0	0	0	0	0	0	0	0	0	0	0	0	0	0	0	0	0	0	0	0	0
Klebsiella_aerogenes	0	0	0	0	0	0	0	0	0.15384615384615385	0	0	0	0	0	0	0	0	0	0	0	0.03305785123966942	0.01928374655647383	0.008264462809917356	0.0	0.0	0.005509641873278237	0.011019283746556474	0.005509641873278237	0.01652892561983471	0.030303030303030304	0.01652892561983471	0.008264462809917356	0.005509641873278237	0.005509641873278237	0.005509641873278237	0.0	0.013774104683195593	0.0	0.0	0.0	33
Klebsiella_aerogenes_EA1509E	0	0	0	0	0	0	0	0	0	0	0	0	0	0	0	0	0	0	0	0	0.017825311942959002	0.0196078431372549	0.0	0.0	0.0196078431372549	0.0	0.0	0.0	0.0	0.0	0.0	0.0	0.0	0.0	0.0	0.0	0.0	0.06951871657754011	0.0	0.0	51
Klebsiella_michiganensis	0	0	0	0	0	0	0	0	0	0	0	0	0	0	0	0	0	0	0	0	0.05642633228840126	0.003134796238244514	0.0438871473354232	0.037617554858934164	0.01567398119122257	0.037617554858934164	0.0	0.006269592476489028	0.009404388714733541	0.0	0.009404388714733541	0.012539184952978056	0.0	0.0	0.012539184952978056	0.003134796238244514	0.0	0.02821316614420063	0.003134796238244514	0.003134796238244514	29
Klebsiella_michiganensis_KCTC_1686	0	0	0	0	0	0	0	0	0	0	0	0	0	0	0	0	0	0	0	0	0.0	0.0	0.0	0.0	0.0	0.0	0.0	0.0	0.024793388429752063	0.0	0.0	0.024793388429752063	0.024793388429752063	0.0	0.0	0.0	0.008264462809917356	0.0	0.0	0.0	11
Klebsiella_oxytoca	0	0	0	0	0	0	0	0	0	0	0	0	0	0	0	0	0	0.6666666666666666	0	0	0.0	0.010101010101010102	0.0	0.010101010101010102	0.0	0.0	0.0	0.010101010101010102	0.0	0.0	0.010101010101010102	0.0	0.0	0.0606060606060606	0.010101010101010102	0.020202020202020204	0.0	0.020202020202020204	0.010101010101010102	0.0	9
Klebsiella_pneumoniae	0	0	0	0.05263157894736842	0	0	0	0	0	0	0	0	0	0	0	0	0	0	0	0	0.0	0.007575757575757575	0.0025252525252525255	0.007575757575757575	0.0025252525252525255	0.0	0.0025252525252525255	0.0025252525252525255	0.0025252525252525255	0.0025252525252525255	0.0	0.0	0.0025252525252525255	0.010101010101010102	0.0	0.0025252525252525255	0.0025252525252525255	0.0025252525252525255	0.0	0.0	36
Klebsiella_pneumoniae_subsp._pneumoniae	0	0	0	0	0	0	0	0	0	0	0	0	0	0	0	0	0	0	0	0	0.0	0.0	0.0	0.0	0.0	0.010667903525046383	0.0463821892393321	0.0	0.03385899814471243	0.0	0.0	0.0	0.0	0.011131725417439703	4.6382189239332097E-4	0.0	0.04452690166975881	0.0	0.0	0.08024118738404452	196
Klebsiella_pneumoniae_subsp._pneumoniae_KPNIH24	0	0	0	0	0	0	0	0	0	0	0	0	0	0	0	0	0	0	0	0	0.0	0.0	0.0	0.0	0.0	0.04090909090909091	0.0	0.0	0.0	0.045454545454545456	0.0	0.04090909090909091	0.0	0.0	0.004545454545454545	0.0	0.0	0.045454545454545456	0.0	0.0	20
Klebsiella_pneumoniae_subsp._pneumoniae_PittNDM01	0	0	0	0	0	0	0	0	0	0	0	0	0	0	0	0	0	0	0	1.0	0.0	0.0	0.0	0.0	0.0	0.0	0.0	0.0	0.0	0.0	0.0	0.0	0.0	0.0	0.0	0.0	0.0	0.0	0.0	4.5454545454545455E-4	200
Klebsiella_pneumoniae_subsp._rhinoscleromatis	0	0	0	0	0	0	0	0	0	0	0	0	0	0	0	0	0	0	0	0	0	0	0	0	0	0	0	0	0	0	0	0	0	0	0	0	0	0	0	0	0
Legionella_anisa	0	0	0	0	0	0	0	0	0	0	0	0	0	0	0	0	0	0	0	0	0	0	0	0	0	0	0	0	0	0	0	0	0	0	0	0	0	0	0	0	0
Legionella_lansingensis	0	0	0	0	0	0	0	0	0	0	0	0	0	0	0	0	0	0	0	0	0	0	0	0	0	0	0	0	0	0	0	0	0	0	0	0	0	0	0	0	0
Legionella_pneumophila	0	0	0	0	0	0	0	0	0	0	0	0	0	0	0	0	0	0	0	0	0.0	0.0066844919786096255	0.0	0.0066844919786096255	0.0	0.0	0.0	0.0	0.0	0.0	0.0	0.0	0.0	0.0	0.0	0.0	0.0066844919786096255	0.0	0.0	0.0066844919786096255	68
Legionella_pneumophila_subsp._pneumophila	0	0	0	0	0	0	0	0	0	0	0	0	0	0	0	0	0	0	0	0	0.0	0.0	0.09090909090909091	0.0	0.0	0.0	0.0	0.0	0.0	0.0	0.011363636363636364	0.07954545454545454	0.0	0.0	0.0	0.0	0.0	0.0	0.0	0.0	8
Leptospira_alexanderi	0	0	0	0	0	0	0	0	0	0	0	0	0	0	0	0	0	0	0	0	0	0	0	0	0	0	0	0	0	0	0	0	0	0	0	0	0	0	0	0	0
Leptospira_alstonii	0	0	0	0	0	0	0	0	0	0	0	0	0	0	0	0	0	0	0	0	0	0	0	0	0	0	0	0	0	0	0	0	0	0	0	0	0	0	0	0	0
Leptospira_biflexa	0	0	0	0	0	0	0	0	0	0	0	0	0	0	0	0	0	0	0	0	0	0	0	0	0	0	0	0	0	0	0	0	0	0	0	0	0	0	0	0	0
Leptospira_borgpetersenii	0	0	0	0	0	0.3333333333333333	0	0	0	0	0	0	0	0.25	0	0	0	0	0	0	0.010695187165775402	0.005347593582887701	0.0	0.010695187165775402	0.005347593582887701	0.0160427807486631	0.005347593582887701	0.010695187165775402	0.058823529411764705	0.010695187165775402	0.0	0.0160427807486631	0.010695187165775402	0.0160427807486631	0.0	0.0	0.0	0.04812834224598931	0.010695187165775402	0.04812834224598931	17
Leptospira_borgpetersenii_serovar_Ceylonica	0	0	0	0	0	0	0	0	0	0	0	0	0	0	0	0	0	0	0	0	0.0	0.0	0.0	0.0	0.0	0.0	0.022727272727272728	0.0	0.0	0.022727272727272728	0.0	0.022727272727272728	0.022727272727272728	0.017045454545454544	0.022727272727272728	0.0	0.017045454545454544	0.0	0.0	0.0	16
Leptospira_broomii	0	0	0	0	0	0	0	0	0	0	0	0	0	0	0	0	0	0	0	0	0	0	0	0	0	0	0	0	0	0	0	0	0	0	0	0	0	0	0	0	0
Leptospira_fainei	0	0	0	0	0	0	0	0	0	0	0	0	0	0	0	0	0	0	0	0	0	0	0	0	0	0	0	0	0	0	0	0	0	0	0	0	0	0	0	0	0
Leptospira_inadai	0	0	0	0	0	0	0	0	0	0	0	0	0	0	0	0	0	0	0	0	0	0	0	0	0	0	0	0	0	0	0	0	0	0	0	0	0	0	0	0	0
Leptospira_interrogans	0	0	0	0	0	0	0	0	0	0	0.4666666666666667	0	0	0	0	0	0	0	0	0	0.0	0.01748251748251748	0.0	0.04370629370629371	0.01748251748251748	0.0	0.0	0.0	0.0	0.019230769230769232	0.024475524475524476	0.0	0.0	0.0	0.027972027972027972	0.027972027972027972	0.019230769230769232	0.0	0.0	0.024475524475524476	52
Leptospira_kirschneri	0	0	0	0	0	0	0	0	0	0	0	0	0	0	0	0	0	0	0	0	0	0	0	0	0	0	0	0	0	0	0	0	0	0	0	0	0	0	0	0	0
Leptospira_kmetyi	0	0	0	0	0	0	0	0	0	0	0	0	0	0	0	0	0	0	0	0	0	0	0	0	0	0	0	0	0	0	0	0	0	0	0	0	0	0	0	0	0
Leptospira_licerasiae	0	0	0	0	0	0	0	0	0	0	0	0	0	0	0	0	0	0	0	0	0	0	0	0	0	0	0	0	0	0	0	0	0	0	0	0	0	0	0	0	0
Leptospira_noguchii	0	0	0	0	0	0	0	0	0	0	0	0	0	0	0	0	0	0	0	0	0.0	0.0	0.0	0.0	0.0	0.0	0.0	0.0909090909090909	0.0	0.0	0.0	0.0	0.0	0.0	0.06060606060606061	0.0	0.030303030303030304	0.0	0.0	0.0	3
Leptospira_santarosai	0	0	0	0	0	0	0	0	0	0	0	0	0	0	0	0	0	0	0	0	0	0	0	0	0	0	0	0	0	0	0	0	0	0	0	0	0	0	0	0	0
Leptospira_santarosai_serovar_Shermani_str._LT_821	0	0	0	0	0	0	0	0	0	0	0	0	0	0	0	0	0	0	0	0	0.0	0.0	0.0	0.0	0.0	0.0	0.0	0.0	0.0	0.0	0.0	0.0	0.0	0.0	0.0	0.0	0.022727272727272728	0.0	0.0	0.0	4
Leptospira_weilii	0.14285714285714285	0	0	0	0.5	0.3076923076923077	0	0	0.4444444444444444	0	0	0	0	0	0	0	0	0	0	0	0.014842300556586271	0.012987012987012986	0.016697588126159554	0.0018552875695732839	0.011131725417439703	0.011131725417439703	0.0055658627087198514	0.00927643784786642	0.0074211502782931356	0.0	0.0055658627087198514	0.0055658627087198514	0.0055658627087198514	0.0055658627087198514	0.0	0.0	0.0	0.00927643784786642	0.012987012987012986	0.011131725417439703	49
Leptospira_wolffii	0	0	0	0	0	0	0	0	0	0	0	0	0	0	0	0	0	0	0	0	0	0	0	0	0	0	0	0	0	0	0	0	0	0	0	0	0	0	0	0	0
Listeria_monocytogenes	0	0	0	0	0	0	0	0	0	0	0	0	0	0	0	0	0	0	0	0	0.0	0.0	0.0	0.0	0.0	0.0	0.0	0.0	0.0	0.0	0.0	0.0	0.0	0.0	0.045454545454545456	0.0	0.0	0.0	0.0	0.0	2
Lumpy_skin_disease_virus	0	0	0	0	0	0	0	0	0	0	0	0	0	0	0	0	0	0	0	0	0	0	0	0	0	0	0	0	0	0	0	0	0	0	0	0	0	0	0	0	0
Lymphocryptovirus	0	0	0	0	0	0	0	0	0	0	0	0	0	0	0	0	0	0	0	0	0	0	0	0	0	0	0	0	0	0	0	0	0	0	0	0	0	0	0	0	0
Mannheimia_haemolytica	1.0	0	0	0	0	0	0	0	0	0	0	0	0	0	0	0	0	0	0.7222222222222222	0	0.03925619834710744	0.0	0.0	0.0	0.0	0.0	0.0	0.03925619834710744	0.0	0.0	0.010330578512396695	0.002066115702479339	0.0	0.0	0.010330578512396695	0.026859504132231406	0.0	0.012396694214876032	0.026859504132231406	0.0	44
Measles_morbillivirus	0	0	0	0	0	0	0	0	0	0	0	0	0	0	0	0	0	0	0	0	0	0	0	0	0	0	0	0	0	0	0	0	0	0	0	0	0	0	0	0	0
Methanobrevibacter_oralis	0	0	0	0	0	0	0	0	0	0	0	0	0	0	0	0	0	0	0	0	0	0	0	0	0	0	0	0	0	0	0	0	0	0	0	0	0	0	0	0	0
Moraxella_catarrhalis	0	0	0	0	0	0	0	0	0	0	0	0	0	0	0	0	0	0	0	0	0.0	0.09090909090909091	0.0	0.0	0.0	0.0	0.0	0.0	0.0	0.0	0.0	0.0	0.0	0.0	0.0	0.0	0.09090909090909091	0.0	0.0	0.0	1
Morbillivirus	0	0	0	0	0	0	0	0	0	0	0	0	0	0	0	0	0	0	0	0	0	0	0	0	0	0	0	0	0	0	0	0	0	0	0	0	0	0	0	0	0
Mycobacterium_avium	0.07245283018867925	0.047470817120622566	0.03127641589180051	0.048975957257346395	0.04042715484363082	0.03469545104086353	0.02454473475851148	0.03706245710363761	0.011659192825112108	0.03865979381443299	0.022537562604340568	0.02899824253075571	0.01565217391304348	0.008532423208191127	0.034930950446791224	0.02242152466367713	0.033361847733105215	0.07912087912087912	0.016129032258064516	0.08795900939368062	0.013063183151159691	0.011705969317272968	0.011899857007828215	0.011293957974843073	0.008773417997624875	0.010688058941857929	0.008506822423111413	0.012239160466299895	0.008555294345750225	0.00693148493735004	0.010663822980538524	0.0088703618429025	0.009960980102275757	0.010469935289983277	0.011269722013523666	0.011802913162550593	0.012990475267201474	0.009500496837207047	0.01039722740602506	0.010978890477690796	3751
Mycobacterium_avium_subsp._avium	0.021739130434782608	0.08695652173913043	0	0	0.09523809523809523	0.03125	0.06451612903225806	0.12903225806451613	0	0.07407407407407407	0	0	0.05	0.08695652173913043	0	0	0	0.045454545454545456	0.19230769230769232	0	0.012855831037649219	0.012855831037649219	0.013774104683195591	0.013774104683195591	0.011937557392102846	0.002754820936639118	0.011019283746556472	0.018365472910927456	0.0036730945821854912	0.012855831037649219	0.011937557392102846	0.008264462809917356	0.006427915518824609	0.011019283746556472	0.0073461891643709825	0.017447199265381085	0.006427915518824609	0.014692378328741965	0.015610651974288337	0.008264462809917356	99
Mycobacterium_avium_subsp._hominissuis	0.0449438202247191	0.06716417910447761	0	0.05660377358490566	0.006993006993006993	0	0.04419889502762431	0.005780346820809248	0	0.013422818791946308	0	0.04371584699453552	0	0.012048192771084338	0	0.014598540145985401	0.0743801652892562	0.044444444444444446	0.005319148936170213	0	0.014530551415797318	0.011922503725782414	0.009687034277198213	0.013040238450074515	0.009873323397913563	0.012481371087928465	0.00801043219076006	0.007637853949329359	0.005402384500745156	0.006333830104321907	0.00894187779433681	0.014344262295081968	0.013785394932935917	0.009687034277198213	0.012295081967213115	0.011549925484351714	0.014344262295081968	0.014716840536512668	0.005216095380029806	0.009687034277198213	488
Mycobacterium_avium_subsp._paratuberculosis	0.06060606060606061	0	0.11538461538461539	0.0625	0	0	0	0	0	0	0	0.04	0	0.027777777777777776	0	0	0	0	0	0	0.0085995085995086	0.003685503685503685	0.012285012285012284	0.009828009828009828	0.003685503685503685	0.0085995085995086	0.012285012285012284	0.006142506142506142	0.01474201474201474	0.0085995085995086	0.0085995085995086	0.006142506142506142	0.004914004914004914	0.012285012285012284	0.009828009828009828	0.009828009828009828	0.009828009828009828	0.002457002457002457	0.002457002457002457	0.0	74
Mycobacterium_canettii	0.1	0.05263157894736842	0	0	0.047619047619047616	0	0	0	0	0	0	0.04	0.08695652173913043	0	0	0.05	0.043478260869565216	0.11764705882352941	0.07692307692307693	0.03333333333333333	0.01928374655647383	0.008264462809917356	0.020661157024793386	0.011019283746556474	0.008264462809917356	0.013774104683195593	0.006887052341597796	0.006887052341597796	0.01652892561983471	0.009641873278236915	0.012396694214876033	0.006887052341597796	0.005509641873278237	0.011019283746556474	0.011019283746556474	0.011019283746556474	0.013774104683195593	0.02203856749311295	0.009641873278236915	0.012396694214876033	66
Mycobacterium_colombiense	0	0	0	0	0	0	0	0	0	0	0	0	0	0	0	0	0	0	0	0	0	0	0	0	0	0	0	0	0	0	0	0	0	0	0	0	0	0	0	0	0
Mycobacterium_colombiense_CECT_3035	0.014084507042253521	0.08163265306122448	0.015384615384615385	0.022222222222222223	0.05263157894736842	0	0.022222222222222223	0	0.06349206349206349	0.014925373134328358	0.037037037037037035	0.05172413793103448	0.014084507042253521	0	0.03571428571428571	0	0	0.014705882352941176	0.01639344262295082	0.01818181818181818	0.004375303840544483	0.01118133203694701	0.01215362177929023	0.008750607681088965	0.0106951871657754	0.005833738454059309	0.009236752552260573	0.01215362177929023	0.01118133203694701	0.009722897423432183	0.01215362177929023	0.01215362177929023	0.009236752552260573	0.01652892561983471	0.009722897423432183	0.005833738454059309	0.008264462809917356	0.009236752552260573	0.0106951871657754	0.009236752552260573	187
Mycobacterium_intracellulare	0.06565656565656566	0.05238095238095238	0.065	0.06060606060606061	0.020100502512562814	0.05454545454545454	0.05970149253731343	0.022727272727272728	0.05084745762711865	0.07692307692307693	0.03829787234042553	0.10795454545454546	0.08064516129032258	0.01951219512195122	0.04736842105263158	0.041916167664670656	0.025	0.10526315789473684	0.11049723756906077	0.005747126436781609	0.014078178822824621	0.010034446607757975	0.012430732364834508	0.014527482402276472	0.011532125205930808	0.010933053766661675	0.014227946682641905	0.007638160850681444	0.010933053766661675	0.008536768009585144	0.010034446607757975	0.015126553841545603	0.016474464579901153	0.012730268084469074	0.014827018121911038	0.010933053766661675	0.012730268084469074	0.0196195896360641	0.011831660925565373	0.014078178822824621	607
Mycobacterium_intracellulare_subsp._yongonense	0.05747126436781609	0	0	0	0	0.02127659574468085	0.045454545454545456	0.02666666666666667	0.022222222222222223	0	0	0.10714285714285714	0	0.02564102564102564	0	0	0.03529411764705882	0.1111111111111111	0	0.025974025974025976	0.009569377990430622	0.015458225984541775	0.014354066985645933	0.010305483989694516	0.011409642988590358	0.012881854987118144	0.009569377990430622	0.008097165991902834	0.010305483989694516	0.016930437983069563	0.013249907986750093	0.013249907986750093	0.017666543982333454	0.010305483989694516	0.012513801987486198	0.006993006993006993	0.009569377990430622	0.020610967979389033	0.009201324990798676	0.004048582995951417	247
Mycobacterium_kansasii	0.037037037037037035	0.02097902097902098	0.01694915254237288	0.027777777777777776	0.015625	0.07894736842105263	0.008333333333333333	0.05084745762711865	0.04216867469879518	0.07246376811594203	0	0.032	0	0.046153846153846156	0.04195804195804196	0.04316546762589928	0.07017543859649122	0.0234375	0.007042253521126761	0.05128205128205128	0.008988764044943821	0.008580183861082738	0.007763023493360572	0.014504596527068436	0.012461695607763024	0.016138917262512768	0.012870275791624107	0.01041879468845761	0.008988764044943821	0.01041879468845761	0.012257405515832482	0.010827374872318694	0.011848825331971399	0.01021450459652707	0.015117466802860063	0.011644535240040858	0.006332992849846783	0.011031664964249234	0.011235955056179775	0.010010214504596526	445
Mycobacterium_leprae	0	0	0	0	0	0	0	0	0	0	0	0	0	0	0	0	0	0	0	0	0	0	0	0	0	0	0	0	0	0	0	0	0	0	0	0	0	0	0	0	0
Mycobacterium_leprae_Kyoto-2	0	0	0	0	0	0	0	0	0	0	0	0	0	0	0	0	0	0	0	0	0.0	0.0	0.01818181818181818	0.0	0.01818181818181818	0.01818181818181818	0.0	0.0	0.03636363636363636	0.01818181818181818	0.0	0.0	0.0	0.0	0.01818181818181818	0.0	0.03636363636363636	0.01818181818181818	0.01818181818181818	0.0	5
Mycobacterium_marseillense	0	0.045454545454545456	0.024390243902439025	0.07894736842105263	0.03125	0	0.038461538461538464	0	0	0	0.12195121951219512	0	0	0	0.0392156862745098	0	0	0	0.019230769230769232	0.07317073170731707	0.010617120106171201	0.0092899800928998	0.011944260119442602	0.0112806901128069	0.010617120106171201	0.0072992700729927005	0.0072992700729927005	0.010617120106171201	0.0079628400796284	0.0099535500995355	0.012607830126078301	0.0033178500331785	0.011944260119442602	0.0046449900464499	0.008626410086264101	0.019243530192435302	0.0099535500995355	0.0112806901128069	0.010617120106171201	0.0112806901128069	137
Mycobacterium_sp._JS623	0.031914893617021274	0.11494252873563218	0.01282051282051282	0.05405405405405406	0.044444444444444446	0	0	0.052083333333333336	0.06451612903225806	0.01020408163265306	0.014705882352941176	0.022988505747126436	0.10526315789473684	0.041237113402061855	0.013333333333333334	0	0.04938271604938271	0.011363636363636364	0.01098901098901099	0.0379746835443038	0.01325115562403698	0.01325115562403698	0.01201848998459168	0.01140215716486903	0.009861325115562404	0.009244992295839752	0.0064714946070878274	0.01325115562403698	0.007087827426810477	0.009244992295839752	0.01325115562403698	0.008628659476117103	0.01510015408320493	0.013559322033898305	0.010477657935285054	0.008320493066255779	0.01386748844375963	0.01201848998459168	0.012326656394453005	0.01756548536209553	295
Mycobacterium_sp._YC-RL4	0.12727272727272726	0.013333333333333334	0.011235955056179775	0.06557377049180328	0.017241379310344827	0.058823529411764705	0.21666666666666667	0	0.01694915254237288	0.05357142857142857	0	0.037037037037037035	0	0.017241379310344827	0.07547169811320754	0.046875	0.05454545454545454	0.045454545454545456	0.03225806451612903	0.017241379310344827	0.01567398119122257	0.006717420510523958	0.009852216748768473	0.012091356918943126	0.011195700850873265	0.017913121361397222	0.0161218092252575	0.009852216748768473	0.006717420510523958	0.012539184952978056	0.00850873264666368	0.017913121361397222	0.009852216748768473	0.010300044782803403	0.019256605463502014	0.010300044782803403	0.010747872816838333	0.012539184952978056	0.015226153157187639	0.006269592476489028	203
Mycobacterium_tuberculosis	0.04	0.009345794392523364	0	0	0	0.008264462809917356	0	0.017543859649122806	0.018018018018018018	0.043010752688172046	0.05426356589147287	0.022222222222222223	0.05555555555555555	0.02127659574468085	0.03896103896103896	0	0.00909090909090909	0.03529411764705882	0.14473684210526316	0.05434782608695652	0.014058106841611996	0.011558887847547642	0.009059668853483286	0.008747266479225241	0.013745704467353952	0.0028116213683223993	0.008122461730709154	0.011871290221805686	0.008122461730709154	0.01718213058419244	0.00937207122774133	0.007810059356451109	0.018431740081224616	0.016244923461418308	0.008747266479225241	0.009684473601999376	0.014058106841611996	0.00999687597625742	0.011871290221805686	0.009684473601999376	291
Mycobacterium_tuberculosis_KZN_1435	0.014925373134328358	0	0.05217391304347826	0.01639344262295082	0	0.024096385542168676	0	0	0	0	0	0	0	0	0.008928571428571428	0	0	0.026785714285714284	0	0.24242424242424243	0.008658008658008658	0.004329004329004329	0.012654012654012654	0.020313020313020316	0.003996003996003996	0.014985014985014984	0.007326007326007326	0.001998001998001998	0.011988011988011988	0.008991008991008992	0.002664002664002664	0.004995004995004995	0.009324009324009324	0.008325008325008326	0.010656010656010656	0.006993006993006993	0.007992007992007992	0.01431901431901432	0.016983016983016984	0.019647019647019644	273
Mycobacterium_tuberculosis_complex	0.056451612903225805	0	0.012461059190031152	0	0.027586206896551724	0.06130268199233716	0.04953560371517028	0.006514657980456026	0	0.06338028169014084	0.020202020202020204	0.039886039886039885	0.0273972602739726	0.007194244604316547	0.08294930875576037	0.020202020202020204	0	0.0029498525073746312	0.07650273224043716	0.027522935779816515	0.006379585326953748	0.007880664227413453	0.013228257810301155	0.007036307345904869	0.01003846514682428	0.009287925696594427	0.007599211933577259	0.011070456890890326	0.008349751383807112	0.008818838540200769	0.013322075241579885	0.009850830284266816	0.009100290834036965	0.008725021108922038	0.01125809175344779	0.007880664227413453	0.01060136973449667	0.013884979829252275	0.01304062294774369	0.013697344966694813	969
Mycobacterium_tuberculosis_variant_africanum	0	0	0	0	0	0	0	0	0	0	0	0	0	0	0	0	0	0	0	0	0	0	0	0	0	0	0	0	0	0	0	0	0	0	0	0	0	0	0	0	0
Mycobacterium_tuberculosis_variant_bovis	0	0	0	0	0	0	0	0	0	0	0	0	0	0	0	0	0	0	0	0	0	0	0	0	0	0	0	0	0	0	0	0	0	0	0	0	0	0	0	0	0
Mycobacteroides_abscessus	0.053763440860215055	0.02857142857142857	0.04434589800443459	0.019756838905775075	0.022727272727272728	0.033182503770739065	0.037996545768566495	0.031185031185031187	0.03481624758220503	0.06924643584521385	0.04991680532445923	0.10743801652892562	0	0	0.03184713375796178	0.08052434456928839	0	0.024193548387096774	0.06006006006006006	0.132890365448505	0.00940243557065987	0.010988388558482016	0.016142735768903994	0.005097706032285472	0.013990370999716794	0.011724723874256583	0.006627017841971113	0.00798640611724724	0.0118946474086661	0.008269612007929765	0.014556782781081846	0.02463891248937978	0.007136788445199661	0.007250070801472671	0.006570376663834607	0.010931747380345512	0.006173888416879071	0.011384876805437554	0.019484565278957804	0.015066553384310394	1605
Mycobacteroides_abscessus_subsp._abscessus	0	0	0	0	0	0.03076923076923077	0	0	0	0	0	0	0.06722689075630252	0	0	0.23008849557522124	0	0	0	0	0.009950248756218905	0.02804161013116237	0.012211668928086838	0.002261420171867933	0.03618272274988693	0.009497964721845319	0.005427408412483039	0.006784260515603799	0.017639077340569877	0.007236544549977386	0.004522840343735866	0.0018091361374943465	0.007236544549977386	0.011307100859339666	0.011307100859339666	0.02216191768430574	0.006784260515603799	0.011759384893713252	0.009497964721845319	0.015829941203075532	201
Mycobacteroides_abscessus_subsp._bolletii	0.13636363636363635	0.08695652173913043	0.11764705882352941	0.09523809523809523	0.13043478260869565	0.11764705882352941	0.11764705882352941	0	0.09523809523809523	0.10526315789473684	0.07142857142857142	0.1111111111111111	0.23076923076923078	0.07692307692307693	0	0	0	0	0.14285714285714285	0.04	0.008417508417508417	0.0202020202020202	0.015151515151515152	0.016835016835016835	0.018518518518518517	0.01346801346801347	0.021885521885521887	0.00505050505050505	0.00505050505050505	0.0101010101010101	0.015151515151515152	0.011784511784511785	0.011784511784511785	0.0101010101010101	0.006734006734006735	0.018518518518518517	0.016835016835016835	0.011784511784511785	0.01346801346801347	0.011784511784511785	54
Mycobacteroides_abscessus_subsp._bolletii_50594	0	0	0	0	0	0	0	0	0	0	0	0	0	0	0	0	0	0	0	0	0.0	0.0	0.012987012987012988	0.0	0.0	0.0	0.0	0.0	0.0	0.0	0.07792207792207792	0.012987012987012988	0.0	0.07792207792207792	0.0	0.0	0.07792207792207792	0.0	0.012987012987012988	0.0	7
Mycobacteroides_abscessus_subsp._massiliense	0	0	0	0	0.02666666666666667	0.07142857142857142	0	0.047619047619047616	0	0	0	0	0	0	0.05063291139240506	0.03333333333333333	0	0	0	0	0.00407055630936228	0.006331976481230212	0.014925373134328358	0.005879692446856626	0.003165988240615106	0.009045680687471733	0.015829941203075532	0.007236544549977386	0.027589326096788786	0.01628222523744912	0.005879692446856626	0.009497964721845319	0.007236544549977386	0.009497964721845319	0.002261420171867933	0.011759384893713252	0.013116236996834011	0.0	0.009045680687471733	0.02532790592492085	201
Mycobacteroides_abscessus_subsp._massiliense_CCUG_48898_=_JCM_15300	0.0625	0	0	0	0	0	0	0	0	0	0	0	0	0	0	0	0	0	0	0	0.0022172949002217295	0.04656319290465632	0.0	0.008869179600886918	0.03104212860310421	0.015521064301552106	0.013303769401330375	0.03104212860310421	0.0	0.004434589800443459	0.0	0.0	0.03325942350332594	0.0022172949002217295	0.0022172949002217295	0.019955654101995568	0.0	0.02660753880266075	0.0	0.0	41
Mycoplasma_haemocanis	0	0	0	0	0	0	0	0	0	0	0	0	0	0	0	0	0	0	0	0	0	0	0	0	0	0	0	0	0	0	0	0	0	0	0	0	0	0	0	0	0
Mycoplasma_haemofelis	0	0	0	0	0	0	0	0	0	0	0	0	0	0	0	0	0	0	0	0	0	0	0	0	0	0	0	0	0	0	0	0	0	0	0	0	0	0	0	0	0
Mycoplasma_haemofelis_str._Langford_1	0	0	0	0	0	0	0	0	0	0	0	0	0.5	0	0	0	0	0	0	0	0.0	0.0	0.022727272727272728	0.0	0.045454545454545456	0.022727272727272728	0.022727272727272728	0.022727272727272728	0.0	0.0	0.045454545454545456	0.022727272727272728	0.022727272727272728	0.0	0.0	0.022727272727272728	0.0	0.0	0.022727272727272728	0.0	4
Mycoplasma_mycoides	0	0	0	0	0	0	0	0	0	0	0	0	0	0	0	0	0	0	0	0	0	0	0	0	0	0	0	0	0	0	0	0	0	0	0	0	0	0	0	0	0
Mycoplasma_ovipneumoniae	0	0	0	0	0	0	0	0	0	0	0	0	0	0	0	0	0	0	0	0	0	0	0	0	0	0	0	0	0	0	0	0	0	0	0	0	0	0	0	0	0
Mycoplasma_pneumoniae	0	0	0	0	0	0	0	0	0	0	0	0	0	0	0	0	0	0	0	0	0	0	0	0	0	0	0	0	0	0	0	0	0	0	0	0	0	0	0	0	0
Neisseria_elongata	0	0	0	0	0	0	0	0	0	0	0	0	0	0	0	0	0	0	0	0	0	0	0	0	0	0	0	0	0	0	0	0	0	0	0	0	0	0	0	0	0
Neisseria_elongata_subsp._glycolytica	0	0	0	0	0	0	0	0	0	0	0	0	0	0	0	0	0	0	0	0	0.0	0.0	0.0	0.0	0.0	0.0	0.0	0.0	0.0	0.0	0.0	0.0	0.0	0.0	0.09090909090909091	0.0	0.0	0.0	0.0	0.0	1
Neisseria_gonorrhoeae	0	0	0	0	0	0	0	0	0	0	0	0	0	0	0	0	0	0	0	0	0.0	0.06060606060606061	0.06060606060606061	0.0909090909090909	0.030303030303030304	0.0	0.0	0.06060606060606061	0.0	0.0	0.0	0.0	0.0	0.0	0.0	0.030303030303030304	0.0	0.030303030303030304	0.0	0.0	3
Neisseria_gonorrhoeae_NG-k51.05	0	1.0	0	0	0	0	0	0	0	0	0	0	0	0	0	0	0	0	0	0	0.0	0.015473887814313345	0.013539651837524178	0.013539651837524178	0.015473887814313345	0.015473887814313345	0.013539651837524178	0.013539651837524178	0.04642166344294004	0.0	0.013539651837524178	0.0	0.013539651837524178	0.0303030303030303	0.0303030303030303	0.0	0.0	0.03094777562862669	0.015473887814313345	0.0	141
Neisseria_meningitidis	1.0	0	0.16666666666666666	0	0	0	0	0	0	0	0	0	1.0	0	0	0	0	0	0	0	0.022727272727272728	0.0	0.0022727272727272726	0.0	0.05227272727272727	0.004545454545454545	0.0	0.0	0.01818181818181818	0.0	0.0022727272727272726	0.0022727272727272726	0.004545454545454545	0.0	0.0022727272727272726	0.011363636363636364	0.0	0.00909090909090909	0.0	0.004545454545454545	40
Neisseria_meningitidis_MC58	0	0	0	0	0	0	0	0	0	0	0	0	0	0	0	0	0	0	0	0	0.0	0.0	0.0	0.09090909090909091	0.0	0.0	0.09090909090909091	0.0	0.0	0.0	0.0	0.0	0.0	0.0	0.0	0.0	0.0	0.0	0.0	0.0	1
Neisseria_meningitidis_NZ-05/33	0	0	0	0	0	0	0	0	0	0	1.0	0	0	0	0	0	0	0	0	0	0.0	0.0	0.0	0.0	0.0	0.0	0.0	0.09090909090909091	0.0	0.0	0.022727272727272728	0.0	0.0	0.0	0.0	0.0	0.0	0.0	0.022727272727272728	0.0	4
Neisseria_mucosa	0	0	0	0	0	0	0	0	0	0	0	0	0	0	0	0	1.0	0	0	0	0.0	0.09090909090909091	0.0	0.0	0.0	0.0	0.0	0.0	0.0	0.0	0.0	0.045454545454545456	0.045454545454545456	0.045454545454545456	0.0	0.0	0.045454545454545456	0.0	0.0	0.0	2
Neisseria_sicca	0	0	0	0	0	0	0	0	0	0	0	0	0	0	0	0	0	0	0	0	0.0	0.0	0.022727272727272728	0.0	0.022727272727272728	0.045454545454545456	0.0	0.0	0.0	0.0	0.0	0.0	0.0	0.0	0.0	0.0	0.0	0.022727272727272728	0.0	0.022727272727272728	4
Neisseria_subflava	0	0	0	0	0	0	0	0	0	0	0	1.0	0	0	0	0	0	0	0	0	0.0	0.0	0.0	0.0	0.0	0.0	0.0	0.0	0.0	0.0	0.0	0.045454545454545456	0.0	0.0	0.0	0.0	0.0	0.0	0.0	0.045454545454545456	2
Neisseria_weaveri	0	0	0	0	0	0	0	0	0	0	0	0	0	0	0	0	0	0	0	0	0	0	0	0	0	0	0	0	0	0	0	0	0	0	0	0	0	0	0	0	0
Orthohepadnavirus	0	0	0	0	0	0	0	0	0	0	0	0	0	0	0	0	0	0	0	0	0	0	0	0	0	0	0	0	0	0	0	0	0	0	0	0	0	0	0	0	0
Orthopoxvirus	0	0	0	0	0	0	0	0	0	0	0	0	0	0	0	0	0	0	0	0	0	0	0	0	0	0	0	0	0	0	0	0	0	0	0	0	0	0	0	0	0
Paraavulavirus	0	0	0	0	0	0	0	0	0	0	0	0	0	0	0	0	0	0	0	0	0	0	0	0	0	0	0	0	0	0	0	0	0	0	0	0	0	0	0	0	0
Parvimonas_micra	1.0	0	0	0	0	0	0	0	0	0	0	0	0	0	0	0	0	0	0	0	0.015151515151515152	0.0	0.06060606060606061	0.015151515151515152	0.0	0.015151515151515152	0.04545454545454545	0.0	0.07575757575757576	0.0	0.0	0.015151515151515152	0.0	0.0	0.0	0.0	0.015151515151515152	0.0	0.0	0.0	6
Pasteurella_multocida	0	0	0	0	0	0	0	0	0	0	0	0	0	0	0	0	0	0	0	0	0.0	0.0	0.015151515151515152	0.0	0.0	0.0	0.0	0.0	0.030303030303030304	0.0	0.04545454545454545	0.015151515151515152	0.015151515151515152	0.06060606060606061	0.015151515151515152	0.030303030303030304	0.030303030303030304	0.015151515151515152	0.015151515151515152	0.0	6
Pasteurella_multocida_subsp._multocida	0	0	0	0	0	0	0	0	0	0	0	0	0	0	0	0	0	0	0	0	0.0	0.09090909090909091	0.09090909090909091	0.0	0.0	0.0	0.0	0.0	0.0	0.09090909090909091	0.0	0.0	0.0	0.0	0.0	0.0	0.0	0.0	0.0	0.0	1
Peptostreptococcus_anaerobius	0	0	0	0	0	0	0	0	0	0	0	0	0	0	0	0	0	0	0	0	0	0	0	0	0	0	0	0	0	0	0	0	0	0	0	0	0	0	0	0	0
Polyomaviridae	0	0	0	0	0	0	0	0	0	0	0	0	0	0	0	0	0	0	0	0	0	0	0	0	0	0	0	0	0	0	0	0	0	0	0	0	0	0	0	0	0
Porphyromonas_gingivalis	0	0	0	0	0	0	0	0	0	0	0	0	0	0	0	0	0	0	0	0	0.0	0.0	0.09090909090909091	0.0	0.0	0.0	0.0	0.0	0.09090909090909091	0.09090909090909091	0.0	0.0	0.0	0.0	0.09090909090909091	0.0	0.01818181818181818	0.0	0.0	0.0	5
Porphyromonas_gingivalis_A7A1-28	0	0	0	0	0	0	0	0	0	0	0	0	0	0	0	0	0	0	0	0	0.0	0.0	0.0	0.0	0.0	0.0	0.0	0.0	0.0909090909090909	0.0	0.0	0.007575757575757576	0.08333333333333333	0.08333333333333333	0.007575757575757576	0.0	0.0	0.0	0.08333333333333333	0.0	12
Porphyromonas_gingivalis_W83	0	0	0	0	0	0	0	0	0	0	0	0	0	0	0	0	0	0	0	0	0.0	0.09090909090909091	0.0	0.0	0.0	0.0	0.0	0.0	0.0	0.09090909090909091	0.0	0.0	0.0	0.0	0.0	0.0	0.0	0.0	0.09090909090909091	0.0	2
Rickettsia_africae	0	0	0	0	0	0	0	0	0	0	0	0	0	0	0	0	0	0	0	0	0	0	0	0	0	0	0	0	0	0	0	0	0	0	0	0	0	0	0	0	0
Rickettsia_akari	0	0	0	0	0	0	0	0	0	0	0	0	0	0	0	0	0	0	0	0	0	0	0	0	0	0	0	0	0	0	0	0	0	0	0	0	0	0	0	0	0
Rickettsia_conorii	0	0	0	0	0	0	0	0	0	0	0	0	0	0	0	0	0	0	0	0	0	0	0	0	0	0	0	0	0	0	0	0	0	0	0	0	0	0	0	0	0
Rickettsia_felis	0	0	0	0	0	0	0	0	0	0	0	0	0	0	0	0	0	0	0	0	0	0	0	0	0	0	0	0	0	0	0	0	0	0	0	0	0	0	0	0	0
Rickettsia_japonica	0	0	0	0	0	0	0	0	0	0	0	0	0	0	0	0	0	0	0	0	0	0	0	0	0	0	0	0	0	0	0	0	0	0	0	0	0	0	0	0	0
Rickettsia_prowazekii	0	0	0	0	0	0	0	0	0	0	0	0	0	0	0	0	0	0	0	0	0	0	0	0	0	0	0	0	0	0	0	0	0	0	0	0	0	0	0	0	0
Rickettsia_rickettsii	0	0	0	0	0	0	0	0	0	0	0	0	0	0	0	0	0	0	0	0	0	0	0	0	0	0	0	0	0	0	0	0	0	0	0	0	0	0	0	0	0
Rickettsia_sibirica	0	0	0	0	0	0	0	0	0	0	0	0	0	0	0	0	0	0	0	0	0	0	0	0	0	0	0	0	0	0	0	0	0	0	0	0	0	0	0	0	0
Rickettsia_typhi	0	0	0	0	0	0	0	0	0	0	0	0	0	0	0	0	0	0	0	0	0	0	0	0	0	0	0	0	0	0	0	0	0	0	0	0	0	0	0	0	0
Salmonella_enterica	0	0	0	0	0	0	0	0	0	0	0	0	0	0	0	0	0	0	0	0	1.180637544273908E-4	0.03553719008264463	1.180637544273908E-4	0.019834710743801654	0.01180637544273908	0.02361275088547816	0.01180637544273908	0.01192443919716647	0.01180637544273908	0.01180637544273908	0.01180637544273908	0.0	0.01971664698937426	0.01180637544273908	0.0	0.0	0.01180637544273908	0.01180637544273908	0.01180637544273908	0.019834710743801654	770
Salmonella_enterica_subsp._VII	0	0	0	0	0	0	0	0	0	0	0	0	0	0	0	0	0	0	0	0	0.0	0.0	0.0	0.0	0.0	0.0	0.0	0.0	0.0	0.0	0.0	0.0	0.07575757575757576	0.0	0.0	0.0	0.0	0.0	0.0	0.0	6
Salmonella_enterica_subsp._diarizonae_serovar_48:i:z	0	0	0	0	0	0	0	0	0	0	0	0	0	0	0	0	0	0	0	0	0.0	0.0	0.0	0.0	0.0	0.0	0.0	0.0909090909090909	0.0	0.0	0.0	0.0	0.07575757575757576	0.07575757575757576	0.0	0.0	0.0	0.0	0.0	0.0	6
Salmonella_enterica_subsp._enterica	0	0	0	0	0	0	0	0	0	0	0	0	0	0	0	0	0	0	0	0	0.0	0.0	0.0	0.03305785123966942	0.0	0.0	0.0	0.0	0.0	0.01652892561983471	0.0	0.008264462809917356	0.008264462809917356	0.01652892561983471	0.008264462809917356	0.0	0.0	0.0	0.01652892561983471	0.0	11
Salmonella_enterica_subsp._enterica_serovar_Choleraesuis	0	0	0	0	0	0	0	0	0	0	0	0	0	0	0	0	0	0	0	0	0.045454545454545456	0.0	0.0	0.0	0.0	0.0	0.0	0.0	0.0	0.0	0.0	0.0	0.045454545454545456	0.0	0.045454545454545456	0.0	0.045454545454545456	0.045454545454545456	0.0	0.045454545454545456	2
Salmonella_enterica_subsp._enterica_serovar_India_str._SA20085604	0	0	0	0	0	0	0	0	0	0	0	0	0	1.0	0	0	0	0	0	0	0.0	0.09090909090909091	0.0	0.09090909090909091	0.0	0.0	0.09090909090909091	0.0	0.0	0.0	0.0	0.0	0.0	0.045454545454545456	0.09090909090909091	0.0	0.0	0.0	0.0	0.0	2
Salmonella_enterica_subsp._enterica_serovar_Infantis_str._SARB27	0	0	0	0	0	0	0	0	0	0	0	0	0	0	0	0	0	0	0	0	0.0	0.0	0.09090909090909091	0.0	0.09090909090909091	0.0	0.0	0.0	0.0	0.0	0.0	0.0	0.09090909090909091	0.0	0.0	0.0	0.0	0.0	0.0	0.0	1
Salmonella_enterica_subsp._enterica_serovar_Napoli	0	0	0	0	0	0	0	0	0	0	0	0	0	0	0	0	0	0	0	0	0.0	0.0	0.0	0.09090909090909091	0.0	0.0	0.0	0.0	0.0	0.0	0.0	0.0	0.0	0.0	0.0	0.0	0.0	0.0	0.0	0.0	1
Salmonella_enterica_subsp._enterica_serovar_Typhimurium	0	0	0	0	0	0	0	0	0	0	0	0	0	0	0	0	0	0	0	0	0.0	0.0	0.0	0.0	0.0	0.0	0.0	0.0	0.0	0.0	0.0	0.0	0.0	0.0	0.0	0.0	0.09090909090909091	0.0	0.0	0.0	1
Salmonella_enterica_subsp._enterica_serovar_Weltevreden	0	0	0	0	0	0	0	0	0	0	0	0	0	0	0	1.0	0	0	0	0	0.0	0.0	0.0	0.0	0.0	0.0	0.0	0.0	0.0	0.0	0.0	0.0	0.0	0.0	0.0	0.09090909090909091	0.0	0.0	0.0	0.0	1
Salmonella_enterica_subsp._houtenae_str._ATCC_BAA-1581	0	0	0	0	0	0	0	0	0	0	0	0	0	0	0	0	0	0	0	0	0.0909090909090909	0.0	0.0	0.0	0.0	0.0	0.0909090909090909	0.0	0.0909090909090909	0.0	0.0	0.0	0.0	0.0	0.030303030303030304	0.0	0.0	0.0	0.0	0.0	3
Salmonella_enterica_subsp._salamae_serovar_55:k:z39_str._1315K	0	0	0	0	0	0	0	0	0	0	0	0	0	0	0	0	0	0	0	0	0.0	0.0	0.0	0.0	0.0	0.0	0.0	0.0	0.0	0.0	0.0	0.0	0.0	0.0	0.0	0.0	0.0	0.0	0.0	0.0	1
Sheeppox_virus	0	0	0	0	0	0	0	0	0	0	0	0	0	0	0	0	0	0	0	0	0	0	0	0	0	0	0	0	0	0	0	0	0	0	0	0	0	0	0	0	0
Shigella_boydii	0	0	0	0	0	0	0	0	0	0	0	0	0	0	0	0	0	0	0	0	0	0	0	0	0	0	0	0	0	0	0	0	0	0	0	0	0	0	0	0	0
Shigella_dysenteriae	0	0	0	0	0	0	0	0	0	0	0	0	0	0	0	0	0	0	0	0	0	0	0	0	0	0	0	0	0	0	0	0	0	0	0	0	0	0	0	0	0
Shigella_flexneri	0	0	0	0	0	0	0	0	0	0	0	0	0	0	0	0	0	0	0	0	0	0	0	0	0	0	0	0	0	0	0	0	0	0	0	0	0	0	0	0	0
Shigella_sonnei	0	0	0	0	0	0	0	0	0	0	0	0	0	0	0	0	0	0	0	0	0	0	0	0	0	0	0	0	0	0	0	0	0	0	0	0	0	0	0	0	0
Simian_virus_12	0	0	0	0	0	0	0	0	0	0	0	0	0	0	0	0	0	0	0	0	0	0	0	0	0	0	0	0	0	0	0	0	0	0	0	0	0	0	0	0	0
Staphylococcus_aureus	0	0.18181818181818182	0.06060606060606061	0	0	0	0	0	0	0	0.017699115044247787	0.2	0.008849557522123894	0	0	0	0	0	0	0	0.0053475935828877	5.941770647653E-4	0.0011883541295306	0.0	1.9805902158843335E-4	0.0025747672806496337	0.0	0.0	1.9805902158843335E-4	0.0053475935828877	0.020202020202020204	0.0011883541295306	0.005149534561299267	0.0011883541295306	0.0015844721727074668	5.941770647653E-4	3.961180431768667E-4	5.941770647653E-4	3.961180431768667E-4	3.961180431768667E-4	459
Staphylococcus_cohnii	0	0	0	0	0	0	0	0	0	0	0	0	0	0	0	0	0	0	0	0	0.045454545454545456	0.0	0.0	0.0	0.0	0.0	0.0	0.0	0.0	0.045454545454545456	0.045454545454545456	0.0	0.0	0.0	0.0	0.045454545454545456	0.0	0.045454545454545456	0.045454545454545456	0.0	2
Staphylococcus_epidermidis	0	0	0	0	0	0	0	0	0	0	0	0	0	0	0	0	0	0	0	0	0.0037420206911732336	0.0	0.0	0.0	0.0	0.0	0.0	0.0	0.0	0.0	0.0	0.0	0.003962139555359894	0.0	0.0	6.603565925599824E-4	0.0	6.603565925599824E-4	6.603565925599824E-4	0.006603565925599824	413
Staphylococcus_epidermidis_ATCC_12228	0	0	0	0	0	0	0	0	0	0	0.5	0	0	0	0	0	0	0	0	0	0.006060606060606061	0.0	0.0	0.0	0.0	0.0	0.006060606060606061	0.006060606060606061	0.0	0.0	0.0030303030303030303	0.05454545454545455	0.0	0.0	0.0	0.0	0.0	0.0	0.0	0.0030303030303030303	30
Staphylococcus_epidermidis_PM221	0	0	0	0	0	0	0	0	0	0	0	0	0	0	0	0	0	0	0	0	0.0	0.0	0.0	0.0	0.0	0.0	0.0	0.0	0.0	0.0	0.0	0.0	0.0	0.0	0.0	0.0	0.0	0.0	0.0	0.0	4
Staphylococcus_equorum	0	0	0	0	0	0	0	0	0	0	0	0	0	0	0	0	0	0	0	0	0.015151515151515152	0.0	0.0	0.030303030303030304	0.0	0.0	0.015151515151515152	0.0	0.0	0.0	0.015151515151515152	0.0	0.0	0.0	0.0	0.0	0.015151515151515152	0.0	0.015151515151515152	0.0	6
Staphylococcus_hominis	0	0	0	0	0	0	0	0	0	0	0	0	0	0	0	0	0	0	0	0	0.00909090909090909	0.0	0.0	0.0	0.0	0.0	0.0	0.0	0.0	0.0	0.0	0.0	0.0	0.0	0.0	0.0	0.0	0.0	0.0	0.0	10
Staphylococcus_hominis_subsp._hominis	0	0	0	0	0	0	0	0	0	0	0	0	0	0	0	0	0	0	0	0	0.0	0.0	0.0	0.0	0.0	0.0	0.0	0.0	0.0	0.0	0.0	0.0	0.0	0.0	0.0	0.0	0.0	0.0	0.0	0.0	12
Staphylococcus_nepalensis	0	0	0	0	0	0	0	0	0	0	0	0	0	0	0	0	0	0	0	0	0	0	0	0	0	0	0	0	0	0	0	0	0	0	0	0	0	0	0	0	0
Staphylococcus_saprophyticus	0	0	0	0	0	0	0	0	0	0	0	0	0	0	0	0	0	0	0	0	0.0	0.0	0.0	0.0	0.0	0.0	0.0	0.0	0.0	0.0	0.0	0.0	0.0	0.0	0.0	0.0	0.0	0.0	0.0	0.0	9
Staphylococcus_simulans	0	0	0	0	0	0	0	0	0	0	0	0	0	0	0	0	0	0	0	0	0	0	0	0	0	0	0	0	0	0	0	0	0	0	0	0	0	0	0	0	0
Staphylococcus_succinus	0	0	0	0	0	0	0	0	0	0	0	0	0	0	0	0	0	0	0	0	0.0	0.0	0.0	0.0	0.0	0.0	0.0303030303030303	0.0	0.0	0.010101010101010102	0.0	0.0	0.0	0.0	0.0	0.0	0.0	0.0	0.0	0.010101010101010102	9
Streptococcus_agalactiae	0	0	0	0	0	0	0	0	0	0	0	0	0	0	0	0	0	0	0	0	0.0	0.0	0.0	0.0	0.0	0.0	0.0	0.0	0.0	0.0	0.0	0.0	0.0	0.0	0.0	0.0	0.0	0.09090909090909091	0.09090909090909091	0.0	1
Streptococcus_agalactiae_GD201008-001	0	0	0	0	0	0	0	0	0	0	0	0	0	0	0	0	0	0	0	0	0.0	0.0	0.0	0.0	0.0	0.0	0.0	0.0	0.0	0.0	0.0	0.0	0.0	0.0	0.0	0.022727272727272728	0.0	0.0	0.0	0.0	4
Streptococcus_anginosus	0	0	0	0	0	0	0	0	0	0	0	0	0	0	0	0	0	0	0	0	0	0	0	0	0	0	0	0	0	0	0	0	0	0	0	0	0	0	0	0	0
Streptococcus_canis	0	0	0	0	0	0	0	0	0	0	0	0	0	0	0	0	0	0	0	0	0.045454545454545456	0.0	0.0	0.0	0.0	0.0	0.0	0.0	0.0	0.0	0.0	0.0	0.0	0.022727272727272728	0.022727272727272728	0.0	0.022727272727272728	0.022727272727272728	0.0	0.0	4
Streptococcus_cristatus	0	0	0	0	0	0	0	0	0	0	0	0	0	0	0	0	0	0	0	0	0	0	0	0	0	0	0	0	0	0	0	0	0	0	0	0	0	0	0	0	0
Streptococcus_cristatus_ATCC_51100	0	0	0	0	0	0	0	0	0	0	0	0	0	0	0	0	0	0	0	0	0.0	0.0	0.0	0.0	0.0	0.0	0.0	0.0	0.0	0.0	0.0	0.0	0.0	0.0	0.0	0.0	0.0	0.0	0.0	0.0	4
Streptococcus_dysgalactiae	0	0	0	0	0	0	0	0	0	0	0	0	0	0	0	0	0	0	0	0	0	0	0	0	0	0	0	0	0	0	0	0	0	0	0	0	0	0	0	0	0
Streptococcus_equi	0	0	0	0	0	0	0	0	0	0	0	0	0	0	0	0	0	0	0	0	0	0	0	0	0	0	0	0	0	0	0	0	0	0	0	0	0	0	0	0	0
Streptococcus_equi_subsp._zooepidemicus	0	0	0	0	0	0	0	0	0	0	0	0	0	0	0	0	1.0	0	0	0	0.0	0.0	0.09090909090909091	0.09090909090909091	0.09090909090909091	0.0	0.0	0.0	0.0	0.0	0.09090909090909091	0.0	0.0	0.0	0.0	0.0	0.09090909090909091	0.0	0.0	0.0	1
Streptococcus_equi_subsp._zooepidemicus_MGCS10565	0	0	0	0	0	0	0	0	0	0	0	0	0	0	0	0	0	0	0	1.0	0.0	0.0	0.0	0.0	0.0	0.0909090909090909	0.0909090909090909	0.0	0.0	0.0	0.0	0.030303030303030304	0.0	0.0	0.0	0.0	0.0	0.06060606060606061	0.0	0.06060606060606061	3
Streptococcus_gallolyticus	0	0	0	0	0	0	0	0	0	0	0	0	0	0	0	0	0	0	0	0	0	0	0	0	0	0	0	0	0	0	0	0	0	0	0	0	0	0	0	0	0
Streptococcus_gordonii	0	0	0	0	0	0	0	0	0	0	0	0	0	0	0	0	0	0	0	0	0.0	0.0	0.0	0.0	0.0	0.0	0.0	0.0	0.0	0.0	0.0	0.0	0.0	0.0	0.0	0.0	0.0	0.0	0.0	0.012987012987012988	7
Streptococcus_gordonii_str._Challis_substr._CH1	0	0	0	0	0	0	0	0	0	0	0	0	0	0	0	0	0	0	0	0	0	0	0	0	0	0	0	0	0	0	0	0	0	0	0	0	0	0	0	0	0
Streptococcus_intermedius	0	0	0	0	0	0	0	0	1.0	0	0	0	0	0	0	0	0	0	0	0	0.0	0.0	0.0	0.0	0.0	0.0	0.0	0.0	0.09090909090909091	0.0	0.0	0.0	0.0	0.0	0.0	0.0	0.0	0.0	0.0	0.0	1
Streptococcus_intermedius_B196	0	0	0	0	0	0	0	0	0	0	0	0	0	0	0	0	0	0	0	0	0.0	0.0	0.0	0.0	0.0	0.0	0.0	0.0	0.0	0.0	0.0	0.0	0.0	0.0	0.0	0.0	0.0	0.0	0.0	0.0	3
Streptococcus_lutetiensis	0	0	0	0	1.0	0	0	0	0	0	0	0	0	0	0	0	0	0	0	0	0.0	0.0	0.0	0.0	0.09090909090909091	0.0	0.0	0.0	0.0	0.0	0.0	0.0	0.0	0.045454545454545456	0.0	0.0	0.0	0.0	0.0	0.0	2
Streptococcus_milleri	0	0	0	0	0	0	0	0	0	0	0	0	0	0	0	0	0	0	0	0	0	0	0	0	0	0	0	0	0	0	0	0	0	0	0	0	0	0	0	0	0
Streptococcus_mitis	0	0	0	0	0	0	0	0	0	0	0	0	0	0	0	0	0	0	0	0	0.0	0.005347593582887701	0.0	0.010695187165775402	0.0	0.0	0.0	0.0	0.0	0.0	0.0	0.005347593582887701	0.005347593582887701	0.010695187165775402	0.0	0.010695187165775402	0.0	0.005347593582887701	0.005347593582887701	0.005347593582887701	17
Streptococcus_mitis_B6	0	0	0	0	0	0	0	0	0	0	0	0	0	0	0	0	0	0	0	0	0.0	0.0	0.0	0.024793388429752063	0.0	0.008264462809917356	0.0	0.0	0.0	0.0	0.0	0.0	0.0	0.0	0.0	0.0	0.008264462809917356	0.0	0.0	0.0	11
Streptococcus_mutans	0	0	0	0	0	0	0	0	0	0	0	0	0	0	0	0	0	0	0	0	0.0	0.0	0.0	0.0	0.0	0.0	0.0	0.0	0.0	0.0	0.0	0.0	0.0	0.0	0.0	0.0	0.0	0.0	0.0	0.0	1
Streptococcus_mutans_UA159	0	0	0	0	0	0	0	0	0	0	0	0	0	0	0	0	0	0	0	0	0.0	0.0	0.0	0.0	0.0	0.0	0.0	0.0	0.0	0.0	0.0	0.0	0.0	0.0	0.0	0.0	0.0	0.0	0.0	0.0	6
Streptococcus_oralis	0.5	0	0	0	0	0	0	0	0	0	0	0	0	0	0	0	0	0	0	0	0.015151515151515152	0.0	0.030303030303030304	0.0	0.0	0.0	0.0	0.0	0.0	0.0	0.0	0.015151515151515152	0.015151515151515152	0.0	0.0	0.0	0.0	0.0	0.0	0.015151515151515152	6
Streptococcus_oralis_subsp._oralis	0	0	0	0	0	0	0	0	0	0	0	0	0	0	0	0	0	0	0	0	0.0	0.022727272727272728	0.0	0.0	0.0	0.0	0.0	0.022727272727272728	0.0	0.0	0.0	0.0	0.0	0.0	0.0	0.0	0.0	0.0	0.0	0.022727272727272728	4
Streptococcus_parauberis	0	0	0	0	0	0	0	0	0	0	0	0	0	0	0	0	0	0	0	0	0	0	0	0	0	0	0	0	0	0	0	0	0	0	0	0	0	0	0	0	0
Streptococcus_parauberis_NCFD_2020	0	0	0	0	0	0	0	0	0	0	0	0	0	0	0	0	0.5	0	0	0	0.0	0.045454545454545456	0.0	0.0	0.09090909090909091	0.0	0.0	0.0	0.0	0.0	0.0	0.0	0.0	0.0	0.0	0.0	0.045454545454545456	0.045454545454545456	0.0	0.0	2
Streptococcus_pneumoniae	0	0	0	0	0	0	0	0	0	0	0	0	0	0	0	0	0	0	0	0	0.0	0.0	0.06818181818181818	0.0	0.0	0.0	0.0	0.0	0.0	0.0	0.0	0.0	0.06818181818181818	0.0	0.0	0.0	0.0	0.0	0.0	0.0	4
Streptococcus_pneumoniae_SPNA45	0	0	0	0	0	0	0	0	0	0	0	0	0	0	0	0	0	0	0	0	0.0	0.0	0.0	0.0	0.0	0.0	0.0	0.0	0.0	0.0	0.0	0.0	0.0	0.0	0.0	0.0	0.0	0.0	0.0	0.0	1
Streptococcus_pyogenes	0	0	0	0	0	1.0	0	0	0	0	0	0	0	0	0	0	0	0	0	0	0.045454545454545456	0.0	0.045454545454545456	0.0	0.045454545454545456	0.045454545454545456	0.0	0.045454545454545456	0.0	0.0	0.0	0.045454545454545456	0.0	0.0	0.045454545454545456	0.045454545454545456	0.0	0.0	0.0	0.0	2
Streptococcus_pyogenes_MGAS8232	0	0	0	0	0	0	0	0	0	0	0	0	0	0	0	0	0	0	0	0	0.0	0.0	0.0	0.0	0.09090909090909091	0.0	0.0	0.0	0.09090909090909091	0.09090909090909091	0.0	0.0	0.0	0.012987012987012988	0.012987012987012988	0.012987012987012988	0.0	0.0	0.0	0.0	7
Streptococcus_salivarius	0	0	0	0	0	0	0	0	0	0	0	0	0	0	0	0	0	0	0	0	0	0	0	0	0	0	0	0	0	0	0	0	0	0	0	0	0	0	0	0	0
Streptococcus_salivarius_57.I	0	0	0	0	0	0	0	0	0	0	0	0	0	0	0	0	0	0	0	0	0.0	0.0	0.0	0.0	0.0	0.0	0.0	0.0	0.0	0.0	0.0	0.0	0.0	0.0	0.0	0.0	0.0	0.0	0.0	0.0	2
Streptococcus_salivarius_CCHSS3	0	0	0	0	0	0	0	0	0	0	0	0	0	0	0.8	0	0	1.0	0	0	0.0	0.0	0.0	0.07272727272727272	0.0	0.0	0.0	0.0	0.0	0.07272727272727272	0.0	0.0	0.0	0.0	0.07272727272727272	0.0	0.0	0.07272727272727272	0.0	0.0	5
Streptococcus_salivarius_JIM8777	0	0	0	0	0	0	0	0	0	0	0	0	0	0	0	0	0	0	0	0	0.0	0.0	0.0	0.0	0.0	0.0	0.0	0.0	0.0	0.0	0.022727272727272728	0.0	0.0	0.0	0.0	0.0	0.022727272727272728	0.0	0.022727272727272728	0.0	4
Streptococcus_sanguinis	0	0	0	0	0	0	0	0	0	0	0	0	0	0	0	0	0	0	0	0	0.0	0.0	0.0	0.0	0.0	0.0	0.0	0.0	0.045454545454545456	0.0	0.0	0.0	0.0	0.0	0.045454545454545456	0.0	0.0	0.0	0.045454545454545456	0.0	2
Streptococcus_sanguinis_SK36	0	0	0	0	0	0	0	0	0	0	0	0	0	0	0	0	0	0	0	0	0.0	0.0	0.0	0.0	0.0	0.0	0.0	0.0	0.0	0.0	0.0	0.0	0.0	0.0	0.030303030303030304	0.0	0.0	0.0	0.0	0.06060606060606061	3
Streptococcus_sp._HSISM1	0	0	0	0	0	0	0	0	0	0	0	0	0	0	0	0	0	0	0	0	0	0	0	0	0	0	0	0	0	0	0	0	0	0	0	0	0	0	0	0	0
Streptococcus_suis	0	0	0	0.25	0	0.3333333333333333	0	0	0	1.0	0	0	0	0	0	0	0	0	0	1.0	0.0	0.0	0.0	0.007575757575757576	0.007575757575757576	0.007575757575757576	0.0	0.0	0.0	0.06818181818181819	0.0	0.003787878787878788	0.007575757575757576	0.0	0.0	0.0	0.0	0.007575757575757576	0.003787878787878788	0.015151515151515152	24
Streptococcus_suis_6407	0	0	0	0	0	0	0	0	0	0	0	0	0	0	0	0	0	0	0	0	0.0	0.0	0.0	0.0	0.0	0.0	0.0	0.0	0.0	0.0	0.0	0.0	0.0	0.045454545454545456	0.0	0.0	0.0	0.0	0.0	0.0	2
Streptococcus_thermophilus	0	0	0	0	0	0	0	0	0	0	0.16666666666666666	0	0	0	0	0	0	0	0	0	0.0	0.0	0.0	0.0	0.0	0.0	0.0015151515151515152	0.0	0.0030303030303030303	0.0	0.0030303030303030303	0.0	0.0	0.0015151515151515152	0.0	0.0	0.0	0.0	0.0	0.0015151515151515152	60
Streptococcus_thermophilus_1F8CT	0	0	0	0	0	0	0	0	0	0	0	0	0	0	0	0	0	0	0	0	0.0	0.0	0.0	0.0	0.0	0.0	0.0	0.0	0.0	0.0	0.0	0.0	0.0	0.0	0.0	0.0	0.0	0.0	0.0	0.0	4
Streptococcus_thermophilus_ND03	0	0	0	0	0	0	0	0	0	0	0	0	0	0	0	0	0	0	0	0	0.0	0.0	0.0	0.0	0.0	0.0	0.0	0.0	0.0	0.0	0.0	0.0	0.0	0.0	0.0	0.0	0.0	0.0	0.0	0.0	12
Tannerella_forsythia	0	0	0	0	0	0	0	0	0	0	0	0	0	0	0	0	0	0	0	0	0.0	0.0	0.0	0.0	0.0909090909090909	0.030303030303030304	0.0	0.0	0.0	0.0	0.0	0.0	0.04545454545454545	0.0	0.0	0.0	0.0	0.030303030303030304	0.04545454545454545	0.0	6
Tannerella_forsythia_92A2	0	0	0	0	0	0	0	0	0	0	0	0	0	0	0	0	0	0	0	0	0.0	0.0	0.01818181818181818	0.0	0.01818181818181818	0.0	0.0	0.01818181818181818	0.01818181818181818	0.01818181818181818	0.01818181818181818	0.01818181818181818	0.0	0.01818181818181818	0.0	0.0	0.0	0.01818181818181818	0.01818181818181818	0.0	5
Tannerella_forsythia_KS16	0	0	0	0	0	0	0	0	0	0	0	0	0	0	0	0	0	0	0.5	0	0.0	0.0	0.030303030303030304	0.030303030303030304	0.030303030303030304	0.030303030303030304	0.030303030303030304	0.0	0.030303030303030304	0.030303030303030304	0.0	0.0	0.06060606060606061	0.030303030303030304	0.0	0.0	0.0	0.0	0.030303030303030304	0.0	3
Treponema	0	0	0.14285714285714285	0	0	0	0	0	0	0.06666666666666667	0	0	0	0	0	0	0.06666666666666667	0	0	0	0.006818181818181818	0.00909090909090909	0.00909090909090909	0.004545454545454545	0.00909090909090909	0.011363636363636364	0.0022727272727272726	0.025	0.004545454545454545	0.006818181818181818	0.00909090909090909	0.00909090909090909	0.01818181818181818	0.00909090909090909	0.013636363636363636	0.01818181818181818	0.01818181818181818	0.01818181818181818	0.011363636363636364	0.022727272727272728	40
Treponema_azotonutricium_ZAS-9	0	0	0	0	0	0	0	0	0	0	0	0.5	0	0	0	0	0	0	0	0	0.022727272727272728	0.045454545454545456	0.0	0.0	0.0	0.0	0.0	0.0	0.0	0.0	0.0	0.022727272727272728	0.022727272727272728	0.0	0.0	0.022727272727272728	0.0	0.045454545454545456	0.022727272727272728	0.022727272727272728	4
Treponema_brennaborense_DSM_12168	0	0	0	0	0	0	0	0	0	0	0	0	0	0	0	0	0	0	0	0	0.008264462809917356	0.024793388429752063	0.008264462809917356	0.008264462809917356	0.008264462809917356	0.024793388429752063	0.01652892561983471	0.01652892561983471	0.008264462809917356	0.008264462809917356	0.01652892561983471	0.008264462809917356	0.01652892561983471	0.0	0.008264462809917356	0.01652892561983471	0.01652892561983471	0.008264462809917356	0.0	0.03305785123966942	11
Treponema_caldarium_DSM_7334	0	0	0	0	0	0	0	1.0	0	0	0	0	0	0	0	0	0	0	0	0	0.0	0.0	0.0	0.0	0.0	0.0	0.0	0.06818181818181818	0.0	0.0	0.0	0.0	0.0	0.06818181818181818	0.0	0.0	0.0	0.0	0.0	0.0	4
Treponema_denticola	0	0	0	0	0	0	0	0	0	0	0	0	0	0	0	0	0	0	0	0	0.0	0.0	0.0909090909090909	0.0	0.0	0.0	0.0	0.0	0.0	0.0	0.0	0.0	0.0	0.0	0.0	0.0	0.0	0.0	0.0	0.0	3
Treponema_denticola_ATCC_35405	0	0	0	0	0	0	0	0	0	0	0	0	0	0	0	0	0	0	0	0	0	0	0	0	0	0	0	0	0	0	0	0	0	0	0	0	0	0	0	0	0
Treponema_pallidum	0	0	0	0	0	0	0	0	0	0	0	0	0	0	0	0	0	0	0	0	0	0	0	0	0	0	0	0	0	0	0	0	0	0	0	0	0	0	0	0	0
Treponema_pallidum_subsp._pallidum	0	0	0	0	0	0	0	0	0	0	0	0	0	0	0	0	0	0	0	0	0	0	0	0	0	0	0	0	0	0	0	0	0	0	0	0	0	0	0	0	0
Treponema_pallidum_subsp._pertenue	0	0	0	0	0	0	0	0	0	0	0	0	0	0	0	0	0	0	0	0	0	0	0	0	0	0	0	0	0	0	0	0	0	0	0	0	0	0	0	0	0
Treponema_parvum	0	0	0	0	0	0	0	0	0	0	0	0	0	0	0	0	0	0	0	0	0.0	0.09090909090909091	0.0	0.0	0.0	0.0	0.0	0.09090909090909091	0.0	0.0	0.0	0.0	0.0	0.09090909090909091	0.0	0.0	0.0	0.0	0.0	0.0	1
Treponema_phagedenis	0.2857142857142857	0	0	0	0	0	0	0	0	0	0	0	0	0	0	0	0	0	0	0	0.04958677685950413	0.04132231404958678	0.0	0.0	0.0	0.0	0.0	0.0	0.0	0.03305785123966942	0.0	0.04132231404958678	0.0	0.0	0.0	0.0	0.0	0.04132231404958678	0.0	0.0	11
Treponema_primitia_ZAS-2	0	0	0	0	0	0	0	0	0	0	0	0	0	0	0	0	0	0	0	0	0.0	0.0	0.0	0.0	0.0	0.0	0.0	0.0	0.0	0.045454545454545456	0.045454545454545456	0.0	0.0	0.0	0.045454545454545456	0.0	0.0	0.0	0.0	0.0	2
Treponema_socranskii_subsp._buccale	0	0	0.3333333333333333	1.0	0	0	0	0	0	0	0	0	0	0	0.3333333333333333	0	0	0	0	0	0.0	0.030303030303030304	0.030303030303030304	0.015151515151515152	0.0	0.0	0.0	0.0	0.0	0.0	0.030303030303030304	0.015151515151515152	0.030303030303030304	0.015151515151515152	0.030303030303030304	0.015151515151515152	0.015151515151515152	0.015151515151515152	0.0	0.0	6
Treponema_sp._OMZ_838	0	0	0	0	0	0	0	0	0	0	0	0	0	1.0	0	0	0	0	0	0	0.0	0.045454545454545456	0.0	0.045454545454545456	0.0	0.045454545454545456	0.0	0.0	0.0	0.0	0.045454545454545456	0.0	0.0	0.045454545454545456	0.0	0.0	0.0	0.0	0.0	0.045454545454545456	2
Treponema_succinifaciens_DSM_2489	0	0.125	0	0.16666666666666666	0	0	0	0	0.09090909090909091	0.2222222222222222	0	0	0	0	0	0	0	0.16666666666666666	0	0.125	0.03134796238244514	0.012539184952978056	0.009404388714733541	0.003134796238244514	0.003134796238244514	0.009404388714733541	0.01567398119122257	0.009404388714733541	0.012539184952978056	0.009404388714733541	0.012539184952978056	0.012539184952978056	0.012539184952978056	0.01567398119122257	0.006269592476489028	0.009404388714733541	0.009404388714733541	0.012539184952978056	0.009404388714733541	0.006269592476489028	29
Treponema_vincentii	0	0	0	0	0	0	0	0	0	0	0	0	0	0	0	0	0	1.0	0	0	0.025974025974025976	0.0	0.0	0.0	0.0	0.025974025974025976	0.0	0.0	0.012987012987012988	0.012987012987012988	0.025974025974025976	0.0	0.025974025974025976	0.012987012987012988	0.0	0.0	0.025974025974025976	0.025974025974025976	0.012987012987012988	0.0	7
Vaccinia_virus	0	0	0	0	0	0	0	0	0	0	0	0	0	0	0	0	0	0	0	0	0.0	0.0	0.0	0.0	0.0	0.0	0.0	0.0	0.0	0.0	0.0	0.0	0.0	0.0	0.0	0.0	0.0	0.0	0.0	0.0	1
Veillonella_parvula	0	0	0	0	0	0	0	0	0	0	0	0	0	0	0	0	0	0	0	0	0.0	0.0	0.006060606060606061	0.0	0.0	0.0	0.0	0.0	0.0	0.0	0.012121212121212121	0.0	0.012121212121212121	0.0	0.0	0.0	0.0	0.0	0.0	0.0	15
Veillonella_parvula_HSIVP1	0	0	0	0	0	0	0	0	0	0	0	0	0	0	0	0	0	0	0	0	0.0	0.0	0.0	0.0	0.0	0.0	0.0	0.0	0.0	0.0	0.0	0.0	0.0	0.0	0.0	0.0	0.0	0.0	0.0	0.0	7
Vesicular_stomatitis_Indiana_virus	0	0	0	0	0	0	0	0	0	0	0	0	0	0	0	0	0	0	0	0	0	0	0	0	0	0	0	0	0	0	0	0	0	0	0	0	0	0	0	0	0
Vibrio_anguillarum	0	0	0	0	0	0	0	0	0	0	0	0	0	0	0	0	0	0	0	0.25	0.0	0.011363636363636364	0.0	0.0	0.0	0.0	0.0	0.0	0.0	0.0	0.0	0.011363636363636364	0.011363636363636364	0.011363636363636364	0.0	0.011363636363636364	0.03409090909090909	0.0	0.011363636363636364	0.022727272727272728	8
Vibrio_cholerae	0	0	0	0	0	0	0	0	0	0	0	0	0	0	0	0	0	0	0	0	0.0	0.0	0.0	0.0	0.0	0.0	0.04958677685950413	0.04132231404958678	0.0	0.04958677685950413	0.0	0.04132231404958678	0.008264462809917356	0.0	0.008264462809917356	0.008264462809917356	0.0	0.0	0.0	0.0	11
Vibrio_cholerae_O1_biovar_El_Tor	0	0	0	0	0	0	0	0	0	0	0	0	0	0	0	0	0	0	0	0	0.0	0.09090909090909091	0.0	0.09090909090909091	0.0	0.0	0.0	0.0	0.09090909090909091	0.0	0.045454545454545456	0.0	0.0	0.0	0.0	0.0	0.0	0.0	0.0	0.0	2
Vibrio_furnissii	0	0	0	0	0	0	1.0	0	0	0	0	0	0	0	0	0	0	0	0	0	0.0	0.015151515151515152	0.015151515151515152	0.015151515151515152	0.030303030303030304	0.022727272727272724	0.03787878787878788	0.022727272727272724	0.0	0.007575757575757576	0.04545454545454545	0.022727272727272724	0.0	0.0	0.007575757575757576	0.022727272727272724	0.015151515151515152	0.015151515151515152	0.0	0.015151515151515152	12
Vibrio_furnissii_NCTC_11218	0	0	0	0	0	0	0	0	0	0	0.75	0	0	0	0	0	1.0	0	0	0	0.0	0.0	0.025974025974025976	0.012987012987012988	0.012987012987012988	0.0	0.032467532467532464	0.0	0.006493506493506494	0.0	0.03896103896103896	0.006493506493506494	0.006493506493506494	0.045454545454545456	0.0	0.025974025974025976	0.006493506493506494	0.01948051948051948	0.05844155844155845	0.025974025974025976	14
Vibrio_parahaemolyticus	0	0	0	0	0	0	0	0	0	0	0	0	0	0	0	0	0	0	0	0	0.0	0.0	0.0017825311942959003	0.0837789661319073	0.0855614973262032	0.0	0.0	0.0017825311942959003	0.0	0.0837789661319073	0.0	0.0	0.0	0.0053475935828877	0.08912655971479502	0.0	0.0	0.0	0.0	0.0	51
Vibrio_parahaemolyticus_UCM-V493	0	0	0	0	0	0	0	0	0	0	0	0	0	0	0	0	0	0	0	0	0.0	0.0	0.0	0.0	0.0	0.0	0.0	0.0	0.0	0.0	0.08934169278996865	0.0	0.0	0.0	0.0	0.0	0.0	0.08934169278996865	0.0	0.09090909090909091	58
Vibrio_splendidus	0	0	0	0	0	0	0	0	0	0	0	0	0	0	0	0	0	0	0	0	0.0	0.0	0.0	0.0	0.09090909090909091	0.0	0.0	0.0	0.0	0.0	0.0	0.09090909090909091	0.0	0.0	0.0	0.0	0.0	0.0	0.0	0.0	1
Vibrio_vulnificus	0	0	0.25	0.25	0	0	0	0	0	0	0	0	0	0	0	0	0	0	0	0	0.0	0.050156739811912224	0.003134796238244514	0.003134796238244514	0.012539184952978056	0.012539184952978056	0.0	0.003134796238244514	0.006269592476489028	0.0	0.003134796238244514	0.0	0.009404388714733541	0.0	0.006269592476489028	0.01567398119122257	0.0	0.012539184952978056	0.0	0.01567398119122257	29
Vibrio_vulnificus_Env1	0	0	0	0	0	0	0	0	0	0	0	0	0	0	0	0	0	0	0	0	0.0	0.0	0.0	0.0	0.0	0.0	0.0	0.0909090909090909	0.0	0.0	0.0	0.0	0.0	0.0	0.0	0.0	0.0909090909090909	0.0	0.0	0.007575757575757576	12
Vibrio_vulnificus_NBRC_15645_=_ATCC_27562	0	0	0	0	0	0	0	0	0	0	0	0	0	0	0	0	0	0	0	0	0.09090909090909091	0.0	0.0	0.0	0.0	0.0	0.0	0.0	0.0	0.0	0.09090909090909091	0.0	0.0	0.0	0.0	0.0	0.0	0.0	0.0	0.0	1
Yersinia_aldovae	0	0	0	0	0	0	0	0	0	0	0	0	0	0	0	0	0	0	0	0	0	0	0	0	0	0	0	0	0	0	0	0	0	0	0	0	0	0	0	0	0
Yersinia_aleksiciae	0	0	0	0	0	0	0	0	0	1.0	0	0	0	0	0	0	0	0	0	0	0.0	0.0	0.022727272727272728	0.06818181818181818	0.022727272727272728	0.0	0.045454545454545456	0.045454545454545456	0.0	0.022727272727272728	0.0	0.0	0.045454545454545456	0.0	0.045454545454545456	0.0	0.022727272727272728	0.0	0.0	0.0	4
Yersinia_enterocolitica	0	0	0	0	0	0	0	0	0	0	0	0	0	0	0	0	0	0	0	0	0	0	0	0	0	0	0	0	0	0	0	0	0	0	0	0	0	0	0	0	0
Yersinia_intermedia	0	0	0	0	0	0	0	0	0	0	0	0	0	0	0	0	0	0	0	0	0.0	0.0	0.0	0.0	0.0	0.0	0.0	0.09090909090909091	0.0	0.0	0.09090909090909091	0.0	0.0	0.0	0.0	0.0	0.0	0.0	0.0	0.0	1
Yersinia_pestis	0	0	0	0	0	0	0	0	0	0	0	0	0	0	0	0	0	0	0	0	0	0	0	0	0	0	0	0	0	0	0	0	0	0	0	0	0	0	0	0	0
Yersinia_pestis_CO92	0	0	0	0	0	0	0	0	0	0	0	0	0	0	0	0	0	0	0	0	0	0	0	0	0	0	0	0	0	0	0	0	0	0	0	0	0	0	0	0	0
Yersinia_pestis_Pestoides_F	0	0	0	0	0	0	0	0	0	0	0	0	0	0	0	0	0	0	0	0	0.0	0.0	0.0	0.09090909090909091	0.0	0.0	0.0	0.09090909090909091	0.09090909090909091	0.0	0.0	0.09090909090909091	0.0	0.0	0.0	0.0	0.09090909090909091	0.0	0.0	0.0	1
Yersinia_pseudotuberculosis	0	0	0	0	0	0	0	1.0	0	0	0	0	0	0	0	0	0	0	0	0	0.0	0.09090909090909091	0.0	0.0	0.0	0.0	0.0	0.09090909090909091	0.0	0.0	0.0	0.0	0.0	0.0	0.0	0.0	0.09090909090909091	0.0	0.0	0.09090909090909091	1
Yersinia_pseudotuberculosis_complex	0	0	0	0	0	0	0	0	0	0	0	0	0	0	0	0	0	0	0	0	0	0	0	0	0	0	0	0	0	0	0	0	0	0	0	0	0	0	0	0	0
Yersinia_rohdei	0	0	0	0	0	0	0	0	0	0	0	0	0	0	0	0	0	0	0	0	0	0	0	0	0	0	0	0	0	0	0	0	0	0	0	0	0	0	0	0	0
Yersinia_ruckeri	0	0	0	0	0	0	0	0	0	0	0	0	0	0	0	0	0	0	0	0	0.0	0.0	0.0	0.0	0.0	0.0	0.045454545454545456	0.0	0.045454545454545456	0.045454545454545456	0.0	0.0	0.0	0.0	0.0	0.045454545454545456	0.045454545454545456	0.0	0.0	0.0	2
