Node	C>T_1	C>T_2	C>T_3	C>T_4	C>T_5	C>T_6	C>T_7	C>T_8	C>T_9	C>T_10	G>A_11	G>A_12	G>A_13	G>A_14	G>A_15	G>A_16	G>A_17	G>A_18	G>A_19	G>A_20	D>V(11Substitution)_1	D>V(11Substitution)_2	D>V(11Substitution)_3	D>V(11Substitution)_4	D>V(11Substitution)_5	D>V(11Substitution)_6	D>V(11Substitution)_7	D>V(11Substitution)_8	D>V(11Substitution)_9	D>V(11Substitution)_10	H>B(11Substitution)_11	H>B(11Substitution)_12	H>B(11Substitution)_13	H>B(11Substitution)_14	H>B(11Substitution)_15	H>B(11Substitution)_16	H>B(11Substitution)_17	H>B(11Substitution)_18	H>B(11Substitution)_19	H>B(11Substitution)_20	considered_Matches
Actinobacillus_equuli	1.0	0	0	0	0	0	0	0	0	0	0	0	0	0	0	0	0	0	0	0	0.045454545454545456	0.0	0.045454545454545456	0.0	0.0	0.045454545454545456	0.0	0.045454545454545456	0.045454545454545456	0.0	0.0	0.0	0.0	0.0	0.0	0.0	0.09090909090909091	0.0	0.0	0.0	2
Actinobacillus_pleuropneumoniae	0.75	0	1.0	0	0	0	0	0	0	0	0	0	0	0	0	0	0	0	0	0	0.0160427807486631	0.0160427807486631	0.0160427807486631	0.0160427807486631	0.005347593582887701	0.010695187165775402	0.010695187165775402	0.0	0.0	0.005347593582887701	0.0	0.0	0.0160427807486631	0.005347593582887701	0.0320855614973262	0.0	0.0	0.0160427807486631	0.005347593582887701	0.005347593582887701	17
Actinobacillus_pleuropneumoniae_serovar_4_str._M62	1.0	0	0	0	0	0	0	0	0	0	0	0	1.0	0	0	0	0	0	0	0	0.06060606060606061	0.0	0.030303030303030304	0.030303030303030304	0.0	0.0	0.030303030303030304	0.0	0.030303030303030304	0.030303030303030304	0.0	0.0	0.015151515151515152	0.0	0.015151515151515152	0.0	0.030303030303030304	0.030303030303030304	0.015151515151515152	0.0	6
Actinobacillus_pleuropneumoniae_serovar_6_str._Femo	0	0	0	0	0	0	0	0	0	0	0	0	0	0	0	0	0	0	0	0	0.09090909090909091	0.0	0.0	0.0	0.0	0.0	0.09090909090909091	0.0	0.0	0.0	0.0	0.0	0.0	0.0	0.0	0.0	0.0	0.0	0.09090909090909091	0.0	1
Actinobacillus_pleuropneumoniae_serovar_9_str._CVJ13261	0	0	0	0	0	0	0	0	0	0	0	0	0	0	0	0	0	0	0	0	0.0	0.0909090909090909	0.0	0.0	0.0	0.0	0.0	0.0909090909090909	0.0	0.0	0.0	0.0	0.0	0.0909090909090909	0.0	0.0	0.0	0.0	0.0	0.07575757575757576	6
African_swine_fever_virus	0	0	0	0	0	0	0	0	0	0	0	0	0	0	0	0	0	0	0	0	0	0	0	0	0	0	0	0	0	0	0	0	0	0	0	0	0	0	0	0	0
Aphthovirus	0	0	0	0	0	0	0	0	0	0	0	0	0	0	0	0	0	0	0	0	0	0	0	0	0	0	0	0	0	0	0	0	0	0	0	0	0	0	0	0	0
Arcanobacterium_haemolyticum	0	0	0	0	0	0	0	0	0.5	0	0	0	0.5	0	0	0	0	0	1.0	0	0.0	0.0	0.020202020202020204	0.0	0.0303030303030303	0.04040404040404041	0.04040404040404041	0.0	0.020202020202020204	0.020202020202020204	0.010101010101010102	0.0	0.020202020202020204	0.0	0.020202020202020204	0.020202020202020204	0.0	0.020202020202020204	0.0303030303030303	0.0	9
Aspergillus_fumigatus	0	0	0	0	0	0	0	0	0	0	0	0	0	0	0	0	0	0	0	0	0	0	0	0	0	0	0	0	0	0	0	0	0	0	0	0	0	0	0	0	0
Bartonella_bacilliformis	0	0	0	0	0	0	0	0	0	0	0	0	0	0	0	0	0	0	0	0	0	0	0	0	0	0	0	0	0	0	0	0	0	0	0	0	0	0	0	0	0
Bartonella_henselae	0	1.0	0	0	0	0	0	0	0	0	0	0	0	0	0	0	0	0	0	0	0.045454545454545456	0.045454545454545456	0.045454545454545456	0.0	0.045454545454545456	0.0	0.0	0.0	0.0	0.045454545454545456	0.0	0.0	0.045454545454545456	0.0	0.022727272727272728	0.045454545454545456	0.0	0.0	0.0	0.022727272727272728	4
Bartonella_quintana	0	0	0	0	0	0	0	0	0	0	0	0	0	0	0	0	0	0	0	0	0.0	0.0	0.0	0.09090909090909091	0.0	0.0	0.0	0.0	0.0	0.09090909090909091	0.0	0.0	0.0	0.0	0.045454545454545456	0.0	0.0	0.0	0.0	0.0	2
Blastomyces_dermatitidis	0	0	0	0	0	0	0	0	0	0	0	0	0	0	0	0	0	0	0	0	0	0	0	0	0	0	0	0	0	0	0	0	0	0	0	0	0	0	0	0	0
Bordetella_bronchialis	0	0.25	0.09090909090909091	0.13636363636363635	0	0	0	0.07692307692307693	0	0	0.2	0	0.15384615384615385	0.1111111111111111	0.07692307692307693	0.05	0	0.1111111111111111	0	0.2	0.006342494714587738	0.023255813953488372	0.02536997885835095	0.016913319238900635	0.008456659619450317	0.012684989429175475	0.010570824524312896	0.016913319238900635	0.014799154334038054	0.012684989429175475	0.016913319238900635	0.010570824524312896	0.010570824524312896	0.010570824524312896	0.008456659619450317	0.012684989429175475	0.016913319238900635	0.010570824524312896	0.010570824524312896	0.012684989429175475	43
Bordetella_bronchiseptica	0.037037037037037035	0.09090909090909091	0	0	0	0.18181818181818182	0	0.1	0.08333333333333333	0	0.1	0	0.125	0	0	0	0	0	0	0	0.01278409090909091	0.02556818181818182	0.022727272727272728	0.018465909090909092	0.011363636363636364	0.019886363636363636	0.018465909090909092	0.019886363636363636	0.018465909090909092	0.024147727272727272	0.011363636363636364	0.002840909090909091	0.011363636363636364	0.014204545454545454	0.0014204545454545455	0.014204545454545454	0.007102272727272727	0.008522727272727272	0.015625	0.008522727272727272	64
Bordetella_genomosp._13	0.05263157894736842	0.11538461538461539	0	0.058823529411764705	0	0	0	0	0.15	0	0	0	0	0	0.045454545454545456	0	0	0	0	0	0.013568521031207597	0.009497964721845319	0.008141112618724558	0.01085481682496608	0.008141112618724558	0.00542740841248304	0.009497964721845319	0.00271370420624152	0.008141112618724558	0.008141112618724558	0.00542740841248304	0.006784260515603799	0.008141112618724558	0.014925373134328358	0.012211668928086838	0.00271370420624152	0.006784260515603799	0.012211668928086838	0.006784260515603799	0.006784260515603799	67
Bordetella_pertussis	0.034482758620689655	0	0	0.48333333333333334	0	0	0	0	0.7333333333333333	0	0	0	0	0	0	0	0	0	0	0	0.03153153153153153	4.095004095004095E-4	0.01638001638001638	0.04381654381654381	0.020884520884520887	0.019656019656019656	0.0085995085995086	0.02497952497952498	0.0045045045045045045	0.0	0.012285012285012284	0.011466011466011465	0.013513513513513514	0.0020475020475020475	0.006961506961506961	0.0	0.021294021294021297	0.0	0.002457002457002457	0.01597051597051597	222
Bordetella_pertussis_137	0	0	0	0	0	0	0	0	0	0	0	0	0	0	0	0	0	0	0	0	0.025078369905956112	0.0	0.0	0.01567398119122257	0.0	0.0	0.0	0.03134796238244514	0.0	0.0	0.017241379310344827	0.0	0.025078369905956112	0.0	0.04075235109717869	0.01567398119122257	0.017241379310344827	0.0	0.05642633228840126	0.014106583072100314	58
Bordetella_pertussis_18323	0	0	0	0	0	0	0	1.0	0	0	0	0	0	0	0	0	0	0	0	0	0.0	0.015810276679841896	0.0	0.02766798418972332	0.04743083003952569	0.02766798418972332	0.07509881422924901	0.015810276679841896	0.0	0.0	0.003952569169960474	0.0	0.0	0.0	0.0	0.0	0.023715415019762844	0.04743083003952569	0.0	0.0	23
Bordetella_petrii	0.16666666666666666	0	0	0.0625	0.1	0	0.125	0.07142857142857142	0.1111111111111111	0	0	0	0	0	0	0	0	0	0	0.2222222222222222	0.002331002331002331	0.02331002331002331	0.009324009324009324	0.016317016317016316	0.011655011655011654	0.011655011655011654	0.013986013986013984	0.009324009324009324	0.006993006993006992	0.013986013986013984	0.006993006993006992	0.02097902097902098	0.013986013986013984	0.004662004662004662	0.02331002331002331	0.013986013986013984	0.011655011655011654	0.006993006993006992	0.006993006993006992	0.009324009324009324	39
Bordetella_trematum	0	0.16129032258064516	0.16666666666666666	0	0.1875	0.045454545454545456	0	0	0	0.0625	0	0.1	0	0.15789473684210525	0	0	0	0	0	0	0.020030816640986132	0.01694915254237288	0.004622496147919876	0.0	0.012326656394453005	0.009244992295839752	0.009244992295839752	0.01386748844375963	0.01694915254237288	0.015408320493066256	0.004622496147919876	0.01078582434514638	0.0061633281972265025	0.007704160246533128	0.009244992295839752	0.012326656394453005	0.007704160246533128	0.007704160246533128	0.007704160246533128	0.01078582434514638	59
Borrelia_crocidurae	0	0	0	0	0	0	0	0	0	0	0	0	0	0	0	0	0	0	0	0	0	0	0	0	0	0	0	0	0	0	0	0	0	0	0	0	0	0	0	0	0
Borrelia_recurrentis	0	0	0	0	0	0	0	0	0	0	0	0	0	0	0	0	0	0	0	0	0	0	0	0	0	0	0	0	0	0	0	0	0	0	0	0	0	0	0	0	0
Borreliella_afzelii	0	0	0	0	0	0	0	0	0	0	0	0	0	0	0	0	0	0	0	0	0.0	0.0	0.0	0.0	0.0	0.0	0.0	0.0	0.0	0.0	0.09090909090909091	0.0	0.0	0.0	0.0	0.0	0.0	0.0	0.09090909090909091	0.0	1
Borreliella_burgdorferi	0	0	0	0	0	0	0	0	0	0	0	0	0	0	0	0	0	0	0	0	0	0	0	0	0	0	0	0	0	0	0	0	0	0	0	0	0	0	0	0	0
Borreliella_garinii	0	0	0	0	0	0	0	0	0	0	0	0	0	0	0	0	0	0	0	0	0	0	0	0	0	0	0	0	0	0	0	0	0	0	0	0	0	0	0	0	0
Bovine_rhinitis_A_virus	0	0	0	0	0	0	0	0	0	0	0	0	0	0	0	0	0	0	0	0	0	0	0	0	0	0	0	0	0	0	0	0	0	0	0	0	0	0	0	0	0
Brucella_abortus	0	0	0	0	0	0	0	0	0	0	0	0	0	0	0	0	0	0	0	0	0	0	0	0	0	0	0	0	0	0	0	0	0	0	0	0	0	0	0	0	0
Brucella_canis	0	0	0	0	0	0	0	0	0	0	0	0	0	0	0	0	0	0	0	0	0	0	0	0	0	0	0	0	0	0	0	0	0	0	0	0	0	0	0	0	0
Brucella_melitensis	0	0	0	0	0	0	0	0	0	0	0	0	0	0	0	0	0	0	0	0	0.0	0.0	0.0	0.0	0.0	0.0	0.0	0.0	0.0	0.0	0.0	0.0	0.09090909090909091	0.0	0.0	0.0	0.022727272727272728	0.0	0.06818181818181818	0.0	4
Brucella_microti	0	0	0	0	0	0	0	0	0	0	0	0	0	0	0	0	0	0	0	0	0	0	0	0	0	0	0	0	0	0	0	0	0	0	0	0	0	0	0	0	0
Brucella_ovis	0	0	0	0	0	0	0	0	0	0	0	0	0	0	0	0	0	0	0	0	0	0	0	0	0	0	0	0	0	0	0	0	0	0	0	0	0	0	0	0	0
Brucella_ovis_ATCC_25840	0	0	0	0	0	0	0	0	0	0	0	0	0	0	0	0	0	0	1.0	0	0.09090909090909091	0.0	0.0	0.09090909090909091	0.0	0.0	0.09090909090909091	0.09090909090909091	0.0	0.09090909090909091	0.0	0.0	0.09090909090909091	0.0	0.0	0.0	0.0	0.0	0.09090909090909091	0.0	1
Brucella_suis	0	0	0	0	0	0	0	0	0	0	0	0	0	0	0	1.0	0	0	0	0	0.0	0.0	0.0	0.0	0.0	0.0	0.09090909090909091	0.0	0.0	0.0	0.0	0.045454545454545456	0.09090909090909091	0.0	0.0	0.045454545454545456	0.0	0.045454545454545456	0.0	0.0	2
Brucella_suis_019	0	0	0	0	0	0	0	0	0	0	0	0	0	0	0	0	0	0	0	0	0.0	0.0	0.0	0.0	0.0	0.0	0.0	0.0	0.0	0.0	0.0	0.0	0.030303030303030304	0.0	0.0	0.0	0.0	0.030303030303030304	0.0	0.06060606060606061	3
Burkholderia_cepacia	0.022222222222222223	0.034482758620689655	0	0.05263157894736842	0	0.02564102564102564	0	0.13793103448275862	0.03125	0.07692307692307693	0.16666666666666666	0	0	0.08571428571428572	0.0851063829787234	0	0	0.1276595744680851	0	0.21875	0.010942760942760943	0.0202020202020202	0.017676767676767676	0.008417508417508417	0.016835016835016835	0.015151515151515152	0.011784511784511785	0.015993265993265993	0.015993265993265993	0.006734006734006735	0.008417508417508417	0.0101010101010101	0.004208754208754209	0.005892255892255892	0.010942760942760943	0.016835016835016835	0.005892255892255892	0.014309764309764309	0.009259259259259259	0.015151515151515152	108
Burkholderia_cepacia_ATCC_25416	0	0	0	0	0	0	0	0.25	0	0	0	0	0	0	0	0.1794871794871795	0	0	0.5925925925925926	0.043478260869565216	0.009917355371900825	0.009917355371900825	0.0	0.021487603305785124	0.0	0.001652892561983471	0.011570247933884297	0.008264462809917356	0.009917355371900825	0.01652892561983471	0.006611570247933884	0.008264462809917356	0.0	0.0	0.0	0.011570247933884297	0.008264462809917356	0.01983471074380165	0.03305785123966942	0.008264462809917356	55
Burkholderia_cepacia_JBK9	0	0.4	0	0	0.3	0	0	0	0	0	0.125	0	0	0.125	0	0	0	0	0	0	0.025974025974025972	0.017316017316017316	0.008658008658008658	0.0	0.021645021645021644	0.012987012987012986	0.0	0.004329004329004329	0.008658008658008658	0.008658008658008658	0.008658008658008658	0.004329004329004329	0.0	0.008658008658008658	0.017316017316017316	0.004329004329004329	0.0	0.008658008658008658	0.012987012987012986	0.0	21
Burkholderia_gladioli	0.08024691358024691	0	0.008064516129032258	0.02666666666666667	0.04878048780487805	0.06164383561643835	0.09042553191489362	0.059322033898305086	0.05263157894736842	0.005988023952095809	0.007936507936507936	0.01652892561983471	0.09032258064516129	0.03278688524590164	0.02112676056338028	0.06015037593984962	0.06993006993006994	0	0.04487179487179487	0.12087912087912088	0.015775981068822716	0.01991717609938868	0.008676789587852495	0.012620784855058175	0.013803983435219876	0.004732794320646815	0.0098599881680142	0.006704791954249655	0.010254387694734766	0.004732794320646815	0.005915992900808518	0.014001183198580161	0.01242358509169789	0.011831985801617036	0.011240386511536186	0.01045158745809505	0.013606783671859593	0.011240386511536186	0.009662788404653913	0.013606783671859593	461
Burkholderia_gladioli_BSR3	0	0.16666666666666666	0	0	0	0	0	0	0	0	0	0	0	0	0	0	0	0	0	0	0.005050505050505051	0.005050505050505051	0.005050505050505051	0.010101010101010102	0.010101010101010102	0.01515151515151515	0.0	0.0	0.0	0.0	0.010101010101010102	0.01515151515151515	0.01515151515151515	0.0303030303030303	0.0	0.010101010101010102	0.0	0.0	0.0	0.01515151515151515	18
Burkholderia_gladioli_pv._gladioli	0	0	0.06	0.07272727272727272	0.01639344262295082	0	0	0.08641975308641975	0.0761904761904762	0	0	0	0.09803921568627451	0.024691358024691357	0.05747126436781609	0.275	0.08888888888888889	0.05434782608695652	0.039603960396039604	0.05102040816326531	0.013621557595498964	0.01036422860527095	0.014806040864672788	0.026650873556411016	0.013029315960912053	0.012733195143618597	0.013029315960912053	0.014213799230085873	0.01391767841279242	0.011844832691738229	0.00829138288421676	0.010068107787977494	0.012437074326325142	0.008883624518803672	0.021024578027835354	0.021320698845128813	0.020136215575954988	0.011252591057151318	0.011252591057151318	0.00829138288421676	307
Burkholderia_mallei	0.04	0	0	0	0	0	0	0	0	0	0	0	0	0	0	0	0	0	0.4117647058823529	0	0.0034965034965034965	0.0	0.0	0.05944055944055944	0.03496503496503496	0.0	0.0	0.0	0.0	0.0	0.03146853146853147	0.0	0.0034965034965034965	0.03146853146853147	0.006993006993006993	0.038461538461538464	0.0034965034965034965	0.03146853146853147	0.024475524475524476	0.027972027972027972	26
Burkholderia_mallei_NCTC_10229	0	0	0	0	0	0	0	0	0	0	0	0	0	0	0	0	0	0	0	0	0.0	0.045454545454545456	0.045454545454545456	0.0	0.0	0.0	0.0	0.0	0.045454545454545456	0.045454545454545456	0.0	0.0	0.0	0.0	0.0	0.045454545454545456	0.045454545454545456	0.0	0.045454545454545456	0.045454545454545456	2
Burkholderia_multivorans	0.05	0.034782608695652174	0.06837606837606838	0.11214953271028037	0.08974358974358974	0.04411764705882353	0.06716417910447761	0.023255813953488372	0.057692307692307696	0.03361344537815126	0.011111111111111112	0.04950495049504951	0.061855670103092786	0.02247191011235955	0.01020408163265306	0.028985507246376812	0.09090909090909091	0	0.028985507246376812	0.12727272727272726	0.008111888111888111	0.009230769230769232	0.008671328671328672	0.007832167832167832	0.011188811188811189	0.008951048951048951	0.008111888111888111	0.010909090909090908	0.00979020979020979	0.012027972027972029	0.011468531468531468	0.017342657342657344	0.007272727272727273	0.005874125874125874	0.008671328671328672	0.015664335664335664	0.012027972027972029	0.011468531468531468	0.01062937062937063	0.015944055944055943	325
Burkholderia_multivorans_ATCC_17616	0.29411764705882354	0	0	0	0	0	0.5294117647058824	0	0	0	0	0	0	0	0.34782608695652173	0	0.13636363636363635	0.2222222222222222	0	0	0.019206145966709345	0.008962868117797696	0.016645326504481434	0.006402048655569782	0.0038412291933418692	0.0076824583866837385	0.023047375160051217	0.014084507042253521	0.012804097311139564	0.002560819462227913	0.010243277848911651	0.006402048655569782	0.008962868117797696	0.008962868117797696	0.023047375160051217	0.006402048655569782	0.01792573623559539	0.012804097311139564	0.02176696542893726	0.012804097311139564	71
Burkholderia_multivorans_ATCC_BAA-247	0.05555555555555555	0.41379310344827586	0.42857142857142855	0	0	0	0	0	0	0	0	0	0	0	0	0	0	0	0	0	0.007215007215007215	0.023088023088023088	0.01875901875901876	0.004329004329004329	0.021645021645021644	0.025974025974025976	0.011544011544011544	0.007215007215007215	0.007215007215007215	0.005772005772005772	0.005772005772005772	0.005772005772005772	0.002886002886002886	0.007215007215007215	0.007215007215007215	0.011544011544011544	0.005772005772005772	0.015873015873015872	0.0101010101010101	0.033189033189033185	63
Burkholderia_pseudomallei	0.4597156398104265	0.07874015748031496	0.1409090909090909	0.04736842105263158	0.013793103448275862	0.047872340425531915	0.025210084033613446	0.028368794326241134	0.22560975609756098	0	0	0	0	0.02962962962962963	0	0.024	0.10795454545454546	0.00641025641025641	0	0.01834862385321101	0.023970170454545456	0.006036931818181818	0.011363636363636364	0.009588068181818182	0.013316761363636364	0.016512784090909092	0.022194602272727272	0.0031960227272727275	0.00870028409090909	0.003728693181818182	0.004616477272727273	0.0035511363636363635	0.0024857954545454545	0.004971590909090909	0.012073863636363636	0.008522727272727272	0.00870028409090909	0.005681818181818182	0.015092329545454546	0.011186079545454546	512
Burkholderia_pseudomallei_1106b	0.1	0	0	0	0	0	0.2	0	0	0	0	0	0	0	0	0	0	0	0	0	0.010909090909090908	0.0036363636363636364	0.014545454545454545	0.04727272727272727	0.0	0.010909090909090908	0.04363636363636363	0.0	0.007272727272727273	0.0	0.0	0.0036363636363636364	0.007272727272727273	0.0036363636363636364	0.0	0.0	0.025454545454545455	0.02909090909090909	0.0036363636363636364	0.0	25
Burkholderia_pseudomallei_1710b	0	0	0	0	0	0	0	0	0	0	0	0	0	0	0	0	0	0	0	0	0.0	0.0	0.0	0.0	0.0	0.0	0.0	0.0	0.0	0.0	0.0	0.0	0.0	0.0	0.0	0.0	0.0	0.045454545454545456	0.0	0.0	2
Burkholderia_pseudomallei_7894	0	0	0	0	0	0	0	0	0	0	0	0	0	0	0	0	0	0	0	0	0.005347593582887701	0.0	0.0	0.0	0.0	0.005347593582887701	0.0	0.005347593582887701	0.0	0.0	0.0802139037433155	0.0	0.0	0.0	0.0	0.0	0.0	0.0	0.0	0.0	17
Burkholderia_pseudomallei_B03	0	0	0	0	0.3333333333333333	0	0	0.2857142857142857	0.6666666666666666	0	0.3333333333333333	0	0	0	0	0	0	0	0	0	0.01818181818181818	0.006060606060606061	0.0303030303030303	0.006060606060606061	0.006060606060606061	0.012121212121212121	0.012121212121212121	0.01818181818181818	0.012121212121212121	0.006060606060606061	0.012121212121212121	0.0	0.01818181818181818	0.024242424242424242	0.0303030303030303	0.01818181818181818	0.03636363636363636	0.0	0.006060606060606061	0.006060606060606061	15
Burkholderia_pseudomallei_MSHR1153	0	0.2	0	0	0	0.125	0	0	0.3333333333333333	0	0	0	0	0	0	0	0	0	0	0	0.010101010101010102	0.010101010101010102	0.0	0.0	0.0	0.010101010101010102	0.0	0.0	0.020202020202020204	0.010101010101010102	0.010101010101010102	0.0	0.0	0.0	0.010101010101010102	0.0	0.010101010101010102	0.0	0.0	0.0	9
Burkholderia_pseudomallei_MSHR2543	0	0	0	0	0	0	0	0	0	0	0	0	0	0	0	0	0	0	0	0	0.012987012987012988	0.05844155844155845	0.045454545454545456	0.006493506493506494	0.0	0.01948051948051948	0.07142857142857142	0.025974025974025976	0.012987012987012988	0.0	0.006493506493506494	0.025974025974025976	0.012987012987012988	0.012987012987012988	0.01948051948051948	0.0	0.0	0.006493506493506494	0.006493506493506494	0.012987012987012988	14
Burkholderia_pseudomallei_MSHR346	0	0	0	0	0	0	1.0	1.0	0	0	0	0	0	0	0	0	0	0	0	0	0.0	0.045454545454545456	0.0	0.0	0.0	0.0	0.045454545454545456	0.09090909090909091	0.0	0.045454545454545456	0.0	0.0	0.0	0.0	0.045454545454545456	0.045454545454545456	0.045454545454545456	0.0	0.0	0.022727272727272728	4
Burkholderia_pseudomallei_MSHR435	0	0	0	0	0	0.42857142857142855	0.4	0	0.6428571428571429	0	0.6666666666666666	0	0	0	0	0	0	0	0	0	0.009569377990430622	0.057416267942583726	0.009569377990430622	0.0	0.0	0.014354066985645932	0.009569377990430622	0.009569377990430622	0.0430622009569378	0.009569377990430622	0.019138755980861243	0.0430622009569378	0.014354066985645932	0.014354066985645932	0.057416267942583726	0.004784688995215311	0.004784688995215311	0.009569377990430622	0.009569377990430622	0.004784688995215311	19
Burkholderia_pseudomallei_NCTC_13179	1.0	0	1.0	0	0	0	0	0	0	0	0	0	0	0	0	0	0	0	0	0	0.030303030303030304	0.0	0.015151515151515152	0.0	0.0	0.0	0.0	0.0	0.015151515151515152	0.0	0.0	0.0	0.0	0.0	0.030303030303030304	0.015151515151515152	0.0	0.030303030303030304	0.030303030303030304	0.0	6
Burkholderia_pseudomallei_Pasteur_52237	0	1.0	0	0	0	0	0	0	0	0.3333333333333333	0	0	0	0	0	0	0	0	0	0	0.0	0.0909090909090909	0.0	0.0	0.0	0.0	0.0	0.0	0.0	0.030303030303030304	0.0	0.0	0.0	0.0	0.0	0.0	0.0	0.0	0.0	0.0	3
Campylobacter_coli	0	0	0	0	0	0	0	0	0	0	0	0	0	0	0	0	0	0	0	0	0.0	0.0909090909090909	0.0	0.0	0.0	0.0	0.0	0.0909090909090909	0.0	0.0	0.0	0.0	0.0	0.0	0.0	0.0	0.030303030303030304	0.0	0.0	0.0	3
Campylobacter_fetus	0	0	0	0	0	0	0	0	0	0	0	0	0	0	0	0	0	0	0	0	0	0	0	0	0	0	0	0	0	0	0	0	0	0	0	0	0	0	0	0	0
Campylobacter_gracilis	0	0	0	0	0	0	0	0	0	0	0	0	0	0	0	0	0	0	1.0	1.0	0.05454545454545454	0.01818181818181818	0.03636363636363636	0.0	0.01818181818181818	0.01818181818181818	0.0	0.0	0.0	0.01818181818181818	0.0	0.01818181818181818	0.01818181818181818	0.0	0.03636363636363636	0.0	0.0	0.0	0.01818181818181818	0.01818181818181818	5
Campylobacter_showae	0	0	0	0	0	0	0	0	0	0	0	0	0	0	0	1.0	0	0	0	0	0.0	0.0	0.0	0.09090909090909091	0.0	0.0	0.0	0.0	0.0	0.0	0.0	0.0	0.0	0.0	0.0	0.09090909090909091	0.0	0.0	0.0	0.0	1
Canine_morbillivirus	0	0	0	0	0	0	0	0	0	0	0	0	0	0	0	0	0	0	0	0	0	0	0	0	0	0	0	0	0	0	0	0	0	0	0	0	0	0	0	0	0
Chlamydia_abortus	0	0	0	0	0	0	0	0	0	0	0	0	0	0	0	0	0	0	0	0	0	0	0	0	0	0	0	0	0	0	0	0	0	0	0	0	0	0	0	0	0
Chlamydia_caviae	0	0	0	0	0	0	0	0	0	0	0	0	0	0	0	0	0	0	0	0	0	0	0	0	0	0	0	0	0	0	0	0	0	0	0	0	0	0	0	0	0
Chlamydia_felis	0	0	0	0	0	0	0	0	0	0	0	0	0	0	0	0	0	0	0	0	0	0	0	0	0	0	0	0	0	0	0	0	0	0	0	0	0	0	0	0	0
Chlamydia_muridarum	0	0	0	0	0	0	0	0	0	0	0	0	0	0	0	0	0	0	0	0	0	0	0	0	0	0	0	0	0	0	0	0	0	0	0	0	0	0	0	0	0
Chlamydia_pecorum	0	0	0	0	0	0	0	0	0	0	0	0	0	0	0	0	0	0	0	0	0	0	0	0	0	0	0	0	0	0	0	0	0	0	0	0	0	0	0	0	0
Chlamydia_pneumoniae	0	0	0	0	0	0	0	0	0	0	0	0	0	0	0	0	0	0	0	0	0	0	0	0	0	0	0	0	0	0	0	0	0	0	0	0	0	0	0	0	0
Chlamydia_psittaci	0	0	0	0	0	0	0	0	0	0	0	0	0	0	0	0	0	0	0	0	0	0	0	0	0	0	0	0	0	0	0	0	0	0	0	0	0	0	0	0	0
Chlamydia_suis	0	0	0	0	0	0	0	0	0	0	0	0	0	0	0	0	0	0	0	0	0	0	0	0	0	0	0	0	0	0	0	0	0	0	0	0	0	0	0	0	0
Chlamydia_trachomatis	0	0	0	0	0	0	0	0	0	0	0	0	0	0	0	0	0	0	0	0	0	0	0	0	0	0	0	0	0	0	0	0	0	0	0	0	0	0	0	0	0
Corynebacterium_ammoniagenes	0	0	0	0	0	0	0	0	0	0	0	0.5	0	0	0	0	0	0	0	0	0.045454545454545456	0.0	0.0	0.0	0.0	0.0	0.0	0.0	0.0	0.0	0.0	0.045454545454545456	0.0	0.0	0.0	0.045454545454545456	0.0	0.045454545454545456	0.045454545454545456	0.0	2
Corynebacterium_amycolatum	0	0	0	0	0	0	0	0	0	0	0	0	0	0	0	0	0	0	0	0	0.0	0.0	0.0	0.0	0.0	0.0	0.0	0.0	0.030303030303030304	0.030303030303030304	0.030303030303030304	0.0	0.0	0.030303030303030304	0.0	0.0	0.0	0.0	0.0	0.0	3
Corynebacterium_bovis	0	0.06666666666666667	0	0	0.09523809523809523	0	0	0	0	0	0	0.05555555555555555	0	0	0	0	0	0	0.047619047619047616	0.08333333333333333	0.00487012987012987	0.012987012987012988	0.00974025974025974	0.017857142857142856	0.00974025974025974	0.014610389610389612	0.0016233766233766235	0.006493506493506494	0.011363636363636364	0.011363636363636364	0.011363636363636364	0.008116883116883116	0.006493506493506494	0.00974025974025974	0.014610389610389612	0.012987012987012988	0.00974025974025974	0.006493506493506494	0.012987012987012988	0.003246753246753247	56
Corynebacterium_crudilactis	0	0	0	0	0	0	0	0	0	0	0	0	0	0	0	0	0	0	0	0	0	0	0	0	0	0	0	0	0	0	0	0	0	0	0	0	0	0	0	0	0
Corynebacterium_diphtheriae	0	0	0	0	0	0	0	0	0	0	0	0	0	0	0	0	0	0	0	0	0.0	0.0	0.0	0.0	0.0	0.030303030303030304	0.0	0.0	0.0	0.030303030303030304	0.0	0.0	0.030303030303030304	0.0	0.06060606060606061	0.0	0.0	0.0	0.06060606060606061	0.0	3
Corynebacterium_diphtheriae_HC03	0	0	0	0	0	0	0	0	0	0	0	0	0	0	0	0	0	0	0	0	0.0	0.0	0.0	0.0	0.0	0.0	0.0	0.0	0.0	0.0	0.045454545454545456	0.0	0.0	0.045454545454545456	0.0	0.0	0.0	0.0	0.0	0.045454545454545456	2
Corynebacterium_diphtheriae_HC04	0	0	0	0	0	0	0	0	0	0	0	0	0	0	0	0	0	0	0	0	0.0	0.0	0.0	0.0	0.0	0.0	0.0	0.0	0.0	0.0	0.0	0.0	0.06060606060606061	0.030303030303030304	0.0	0.0	0.0	0.0	0.0	0.0	3
Corynebacterium_diphtheriae_NCTC_13129	0	0	0	0	0	0	0	0	0	0	0	0	0	0	0	0	0	0	0	0	0.0	0.09090909090909091	0.0	0.0	0.09090909090909091	0.0	0.09090909090909091	0.09090909090909091	0.0	0.0	0.0	0.0	0.0	0.0	0.0	0.0	0.045454545454545456	0.0	0.0	0.0	2
Corynebacterium_jeikeium	0	0	0	0	0.25	0	0	0	0	0	0	0	0	0	0	0	0	0.3333333333333333	0	0	0.007575757575757576	0.0	0.0	0.0	0.015151515151515152	0.022727272727272724	0.007575757575757576	0.007575757575757576	0.007575757575757576	0.015151515151515152	0.007575757575757576	0.015151515151515152	0.015151515151515152	0.0	0.022727272727272724	0.007575757575757576	0.015151515151515152	0.007575757575757576	0.007575757575757576	0.0	12
Corynebacterium_jeikeium_K411	0	0	0	0	0	0	0	0	0	0	0	0	0	0	0	0.5	0	0	0	0	0.0	0.0	0.0	0.0	0.0	0.0	0.0	0.03896103896103896	0.03896103896103896	0.03896103896103896	0.0	0.012987012987012988	0.012987012987012988	0.012987012987012988	0.025974025974025976	0.012987012987012988	0.06493506493506493	0.012987012987012988	0.0	0.025974025974025976	7
Corynebacterium_kroppenstedtii	0	0	0	0	0	0	0	0	0	0	0	0	0	0	0.6666666666666666	0	0	0	0	0	0.07272727272727272	0.0	0.0	0.0	0.0	0.01818181818181818	0.03636363636363636	0.01818181818181818	0.0	0.01818181818181818	0.0	0.01818181818181818	0.0	0.0	0.03636363636363636	0.0	0.0	0.0	0.0	0.01818181818181818	5
Corynebacterium_kroppenstedtii_DSM_44385	0	0	0	0	0	0	0	0	0	0	0	0	0	0	0	0	0	0	0	0	0.01818181818181818	0.0	0.07272727272727272	0.0	0.0	0.0	0.0	0.07272727272727272	0.0	0.0	0.0	0.01818181818181818	0.0	0.05454545454545454	0.01818181818181818	0.0	0.0	0.0	0.0	0.0	5
Corynebacterium_maris	0	0	0	0	0	0	0	0	0	0	0	0	0	0	0	0	0	0	0	0	0	0	0	0	0	0	0	0	0	0	0	0	0	0	0	0	0	0	0	0	0
Corynebacterium_maris_DSM_45190	0	0	0	0	0	0	0	0.14285714285714285	0.05	0	0	0	0	0.2	0	0	0	0	0	0	0.007792207792207791	0.015584415584415583	0.015584415584415583	0.007792207792207791	0.007792207792207791	0.007792207792207791	0.02077922077922078	0.012987012987012986	0.007792207792207791	0.005194805194805195	0.02077922077922078	0.0025974025974025974	0.0025974025974025974	0.015584415584415583	0.02077922077922078	0.005194805194805195	0.005194805194805195	0.012987012987012986	0.007792207792207791	0.007792207792207791	35
Corynebacterium_matruchotii	0	0	0	0	0	0	0	0	0	0	0	0	0	0	0	0	0	0	0	0	0.008264462809917356	0.01652892561983471	0.03305785123966942	0.024793388429752063	0.01652892561983471	0.008264462809917356	0.01652892561983471	0.0	0.0	0.01652892561983471	0.0	0.008264462809917356	0.008264462809917356	0.0	0.0	0.0	0.0	0.01652892561983471	0.0	0.008264462809917356	11
Corynebacterium_minutissimum	0.4	0	0	0	0	0	0	0.16666666666666666	0	0	0	0	0	0	0	0	0	0	0.5	0.3333333333333333	0.011363636363636364	0.005681818181818182	0.0	0.005681818181818182	0.022727272727272728	0.005681818181818182	0.005681818181818182	0.005681818181818182	0.005681818181818182	0.011363636363636364	0.0	0.005681818181818182	0.005681818181818182	0.0	0.022727272727272728	0.0	0.022727272727272728	0.028409090909090908	0.022727272727272728	0.011363636363636364	16
Corynebacterium_pseudotuberculosis	0	0	0	0	0	0	0	0	0	0	0	0	0	0	0	0	0	0	0	0	0	0	0	0	0	0	0	0	0	0	0	0	0	0	0	0	0	0	0	0	0
Corynebacterium_renale	1.0	0	0	0	0	0	0	0	0	0	0	0	0	0	0	0	0	0	0	0	0.01818181818181818	0.0	0.0	0.0	0.0	0.0	0.0	0.0	0.0	0.0	0.01818181818181818	0.0	0.0	0.01818181818181818	0.0	0.0	0.03636363636363636	0.01818181818181818	0.0	0.0	5
Corynebacterium_segmentosum	0	0	0.6666666666666666	0	0	0	0	0	0	0	0	0	0	0	0	0	0	0	0	0	0.0	0.0	0.045454545454545456	0.0	0.045454545454545456	0.0	0.0	0.0	0.0	0.022727272727272728	0.0	0.0	0.0	0.0	0.0	0.0	0.0	0.0	0.0	0.022727272727272728	4
Corynebacterium_sphenisci	0	0	0	0	0	0	0	0	0	0	0	0	0	0	0	0	0	0	0	0	0	0	0	0	0	0	0	0	0	0	0	0	0	0	0	0	0	0	0	0	0
Corynebacterium_sphenisci_DSM_44792	0	0.0625	0	0.03333333333333333	0.03333333333333333	0.02857142857142857	0.10714285714285714	0.03225806451612903	0.03125	0.02631578947368421	0	0.06896551724137931	0.06451612903225806	0	0	0	0	0	0.06451612903225806	0.029411764705882353	0.01515151515151515	0.01212121212121212	0.01212121212121212	0.00808080808080808	0.0101010101010101	0.01212121212121212	0.011111111111111112	0.011111111111111112	0.00707070707070707	0.00606060606060606	0.00707070707070707	0.00808080808080808	0.00808080808080808	0.00808080808080808	0.009090909090909092	0.009090909090909092	0.009090909090909092	0.009090909090909092	0.013131313131313133	0.01212121212121212	90
Corynebacterium_stationis	0	0	1.0	0	0	0	0	0	0	0	0	0	0	0	0	0	0	0	0	0	0.0	0.010101010101010102	0.0303030303030303	0.010101010101010102	0.010101010101010102	0.010101010101010102	0.0	0.010101010101010102	0.020202020202020204	0.0	0.020202020202020204	0.0	0.010101010101010102	0.0	0.0	0.010101010101010102	0.020202020202020204	0.020202020202020204	0.0	0.010101010101010102	9
Corynebacterium_striatum	0	0	0.06666666666666667	0	0	0	0	0	0	0	0	0	0	0	0	0	0	0	0	0	0.02556818181818182	0.014204545454545454	0.008522727272727272	0.011363636363636364	0.005681818181818182	0.002840909090909091	0.005681818181818182	0.0	0.0	0.0	0.008522727272727272	0.0	0.017045454545454544	0.019886363636363636	0.0	0.0	0.002840909090909091	0.0	0.0	0.002840909090909091	32
Corynebacterium_urealyticum	0	0	0	0	0	0	0	0	0	0	0	0	0	0	0.2857142857142857	0.25	0	0	0	0.2	0.0160427807486631	0.04278074866310161	0.0160427807486631	0.005347593582887701	0.0160427807486631	0.010695187165775402	0.0160427807486631	0.005347593582887701	0.0320855614973262	0.026737967914438502	0.005347593582887701	0.005347593582887701	0.005347593582887701	0.010695187165775402	0.021390374331550804	0.0160427807486631	0.0160427807486631	0.0	0.005347593582887701	0.021390374331550804	17
Corynebacterium_ureicelerivorans	0	0	0	0	0	0	0	0	0	0	0	0.2	0	0	0.4	0	0	0.8	0	0	0.0	0.01818181818181818	0.0	0.0	0.012121212121212121	0.0	0.012121212121212121	0.01818181818181818	0.01818181818181818	0.012121212121212121	0.01818181818181818	0.0303030303030303	0.0	0.0	0.024242424242424242	0.0	0.01818181818181818	0.0303030303030303	0.0303030303030303	0.006060606060606061	15
Corynebacterium_xerosis	0.1	0	0.0625	0	0.07142857142857142	0	0	0	0	0.16666666666666666	0	0	0	0	0	0	0	0	0	0	0.010570824524312896	0.016913319238900635	0.019027484143763214	0.006342494714587738	0.004228329809725159	0.0	0.008456659619450317	0.008456659619450317	0.012684989429175475	0.012684989429175475	0.006342494714587738	0.010570824524312896	0.014799154334038054	0.021141649048625793	0.006342494714587738	0.014799154334038054	0.008456659619450317	0.008456659619450317	0.012684989429175475	0.021141649048625793	43
Cowpox_virus	0	0	0	0	0	0	0	0	0	0	0	0	0	0	0	0	0	0	0	0	0	0	0	0	0	0	0	0	0	0	0	0	0	0	0	0	0	0	0	0	0
Coxiella_burnetii	0	0	0	0	0	0	0	0.07692307692307693	0	0	0	0	0	0	0	0	0	0	0	0	0.0	0.0	0.0	0.0	0.0022172949002217295	0.02660753880266075	0.0	0.008869179600886918	0.0	0.0	0.0	0.0	0.0	0.0	0.0	0.0	0.0	0.0022172949002217295	0.0	0.0	41
Coxiella_burnetii_Dugway_5J108-111	0	0	0	0	0	0	0	0	0	0	0	0	0	0	0	0	0	0	0	0	0.01948051948051948	0.01948051948051948	0.0	0.029220779220779224	0.029220779220779224	0.029220779220779224	0.029220779220779224	0.029220779220779224	0.0	0.00974025974025974	0.012987012987012988	0.012987012987012988	0.0	0.03896103896103896	0.00974025974025974	0.0	0.016233766233766232	0.00974025974025974	0.00974025974025974	0.016233766233766232	28
Coxiella_burnetii_str._Schperling	0	0	0	0.2	0	0	0	0	0	0	0	0	0	0	0	0	0	0	0	0	0.01818181818181818	0.01818181818181818	0.0	0.00909090909090909	0.01818181818181818	0.0	0.0	0.0	0.01818181818181818	0.0	0.02727272727272727	0.01818181818181818	0.0	0.0	0.0	0.01818181818181818	0.0	0.00909090909090909	0.0	0.01818181818181818	10
Cryptosporidium	0	0	0	0	0	0	0	0	0	0	0	0	0	0	0	0	0	0	0	0	0	0	0	0	0	0	0	0	0	0	0	0	0	0	0	0	0	0	0	0	0
Cryptosporidium_parvum	0	0	0	0	0	0	0	0	0	0	0	0	0	0	0	0	0	0	0	0	0	0	0	0	0	0	0	0	0	0	0	0	0	0	0	0	0	0	0	0	0
Deltaretrovirus	0	0	0	0	0	0	0	0	0	0	0	0	0	0	0	0	0	0	0	0	0	0	0	0	0	0	0	0	0	0	0	0	0	0	0	0	0	0	0	0	0
Ehrlichia_canis	0	0	0	0	0	0	0	0	0	0	0	0	0	0	0	0	0	0	0	0	0	0	0	0	0	0	0	0	0	0	0	0	0	0	0	0	0	0	0	0	0
Enterococcus_avium	0	0	0	0	0	0	0	0	0	0	0	0	0	0	0	0	0	0	0	0	0	0	0	0	0	0	0	0	0	0	0	0	0	0	0	0	0	0	0	0	0
Enterococcus_casseliflavus	0	0	0	0	0	0	0	0	0	0	0	0	0	0	0	0	0	0	0	0	0	0	0	0	0	0	0	0	0	0	0	0	0	0	0	0	0	0	0	0	0
Enterococcus_cecorum	0	0	0	0	0	0	0	0	0	0	0	0	0	0	0	0	0	0	0	0	0.0	0.0	0.0	0.0	0.0	0.0	0.0	0.0	0.0	0.0	0.0	0.0	0.0	0.0	0.0	0.0	0.0	0.0	0.0	0.0	8
Enterococcus_durans	0	0	0	0	0	0	0	0	0	0	0	0	0	0	0	0	0	0	0	0	0	0	0	0	0	0	0	0	0	0	0	0	0	0	0	0	0	0	0	0	0
Enterococcus_faecalis	0	0	0	0	0	0	0	0	0	0	0	0	0	0	0	0	0	1.0	0	0	0.0	0.0	0.0	0.06060606060606061	0.0	0.0	0.0	0.0	0.06060606060606061	0.0	0.0	0.030303030303030304	0.0	0.0	0.0	0.030303030303030304	0.030303030303030304	0.030303030303030304	0.0	0.0	3
Enterococcus_faecium	0	0	0	0	1.0	0	0	0	0	0	0	0	0	0	0	0	0	0	0	0	0.00909090909090909	0.0	0.00909090909090909	0.00909090909090909	0.06363636363636363	0.0	0.0	0.0	0.00909090909090909	0.00909090909090909	0.00909090909090909	0.00909090909090909	0.01818181818181818	0.06363636363636363	0.00909090909090909	0.0	0.0	0.0	0.0	0.0	10
Enterococcus_hirae	0	0	0	0	0	0	0	0	0	0	0	0	0	0	0	0	0	0	0	0	0	0	0	0	0	0	0	0	0	0	0	0	0	0	0	0	0	0	0	0	0
Enterococcus_mundtii	0	0	0	0	0	0	0	0	0	0	0	0	0	0	0	0	0	0	0	0	0.030303030303030304	0.0	0.0	0.0	0.0	0.030303030303030304	0.030303030303030304	0.06060606060606061	0.0	0.030303030303030304	0.04545454545454545	0.0	0.030303030303030304	0.0	0.04545454545454545	0.0	0.0	0.0	0.030303030303030304	0.030303030303030304	6
Enterovirus_B	0	0	0	0	0	0	0	0	0	0	0	0	0	0	0	0	0	0	0	0	0	0	0	0	0	0	0	0	0	0	0	0	0	0	0	0	0	0	0	0	0
Epizootic_hemorrhagic_disease_virus_(serotype_1_/_strain_New_Jersey)	0	0	0	0	0	0	0	0	0	0	0	0	0	0	0	0	0	0	0	0	0	0	0	0	0	0	0	0	0	0	0	0	0	0	0	0	0	0	0	0	0
Equine_rhinitis_A_virus	0	0	0	0	0	0	0	0	0	0	0	0	0	0	0	0	0	0	0	0	0	0	0	0	0	0	0	0	0	0	0	0	0	0	0	0	0	0	0	0	0
Erysipelothrix_rhusiopathiae	0	0	0	0	0	0	0	0	0	0	0	0	0	0	0	0	0	0	0	0	0.0	0.0	0.0	0.0	0.0	0.0	0.0	0.09090909090909091	0.0	0.0	0.0	0.0	0.0	0.0	0.0	0.0	0.0	0.0	0.0	0.0	1
Erysipelothrix_rhusiopathiae_str._Fujisawa	0	0	0	0	0	0	0	0	0	0	0	0	0	0	0	0	0	0	0	0	0.0	0.0	0.0	0.0	0.0	0.09090909090909091	0.0	0.0	0.0	0.0	0.0	0.0	0.0	0.0	0.01818181818181818	0.07272727272727272	0.0	0.0	0.0	0.0	5
Erythroparvovirus	0	0	0	0	0	0	0	0	0	0	0	0	0	0	0	0	0	0	0	0	0	0	0	0	0	0	0	0	0	0	0	0	0	0	0	0	0	0	0	0	0
Escherichia_coli	0	0	0	0.10869565217391304	0.46153846153846156	0	0	0.8947368421052632	0	0	0	0	0	0.043478260869565216	0.05	0.24	0.125	0.07692307692307693	0.14457831325301204	0.09473684210526316	0.0	0.01452020202020202	6.313131313131314E-4	0.006313131313131313	0.01452020202020202	6.313131313131314E-4	0.0012626262626262627	0.01452020202020202	0.010732323232323232	6.313131313131314E-4	0.010732323232323232	0.0018939393939393938	0.017676767676767676	0.0012626262626262627	0.0031565656565656565	0.011363636363636364	0.0037878787878787876	0.005681818181818182	0.017045454545454544	0.007575757575757575	144
Escherichia_coli_O111	0	0	0	0	0	0	0	0	0	0	0	0	0	0	0	0	0	0	0	0	0	0	0	0	0	0	0	0	0	0	0	0	0	0	0	0	0	0	0	0	0
Escherichia_coli_O157:H7	0	0	0	0	0	0	0	0	0	0	0	0	0	0	0	0	0	0	0	0	0.0	0.0	0.0	0.0	0.0	0.0	0.0	0.0	0.0	0.0	0.0	0.0	0.0	0.0	0.0	0.0	0.0	0.0	0.0	0.045454545454545456	2
Escherichia_coli_O25:H4	0	0	1.0	0	0	0	0	0	1.0	0	0	0.25	0	0	0	0	0	0	0	0	0.0	0.0	0.022727272727272728	0.0	0.09090909090909091	0.0	0.0	0.0	0.09090909090909091	0.0	0.0	0.022727272727272728	0.0	0.0	0.045454545454545456	0.0	0.0	0.09090909090909091	0.0	0.0	4
Escherichia_coli_O26	0	0	0	0	0	0	0	0	0	0	0	0	0	0	0	0	0	0	0	0	0	0	0	0	0	0	0	0	0	0	0	0	0	0	0	0	0	0	0	0	0
Escherichia_coli_UMNK88	0	0	0	0	0	0	0	0	0	0	0	0	0	0	0	0	0	0	0	0	0.0	0.0	0.0	0.0	0.0	0.0	0.0	0.0	0.09090909090909091	0.0	0.0	0.0	0.0	0.06818181818181818	0.0	0.0	0.0	0.06818181818181818	0.022727272727272728	0.06818181818181818	4
Francisella_tularensis	0	0	0	0	0	0	0	0	0	0	0	0	0	0	1.0	0	0	0	0	0	0.0	0.0909090909090909	0.0	0.0	0.0	0.0	0.0	0.0	0.0	0.0	0.0	0.07575757575757576	0.0	0.015151515151515152	0.07575757575757576	0.0	0.015151515151515152	0.0	0.0	0.0	6
Francisella_tularensis_subsp._novicida	0	0	0	0	0	0	0	0	0	0	0	0	0	0	0	0	0	0	0	0	0.02727272727272727	0.0	0.01818181818181818	0.00909090909090909	0.02727272727272727	0.01818181818181818	0.045454545454545456	0.0	0.0	0.0	0.00909090909090909	0.0	0.03636363636363636	0.01818181818181818	0.01818181818181818	0.03636363636363636	0.00909090909090909	0.02727272727272727	0.01818181818181818	0.01818181818181818	10
Francisella_tularensis_subsp._novicida_PA10-7858	0	0	0	0	0	0	0	0	0	0	0	0	0	0	0	0	0	0	0	0	0.0	0.09090909090909091	0.0	0.0	0.045454545454545456	0.045454545454545456	0.0	0.0	0.045454545454545456	0.0	0.0	0.0	0.045454545454545456	0.045454545454545456	0.0	0.0	0.0	0.0	0.0	0.0	2
Fusobacterium	0	0	0	0	0	0	0	0	0	0	0	0	0	0	0	0	0	0	0	0	0.0	0.0	0.0	0.0	0.0	0.0	0.0	0.0	0.0	0.0	0.0	0.0	0.0	0.0	0.0	0.0	0.0	0.0	0.0	0.09090909090909091	1
Fusobacterium_hwasookii	0	0	0	0	0	0	0	0	0	0	0	0	0	0	0	0	0	0	0	0	0.09090909090909091	0.09090909090909091	0.0	0.0	0.0	0.0	0.0	0.0	0.0	0.0	0.09090909090909091	0.0	0.0	0.09090909090909091	0.0	0.0	0.0	0.0	0.0	0.0	1
Fusobacterium_mortiferum_ATCC_9817	0	0	0	0	0	0	0	0	0	0	0	0	0	0	0	0	0	0	0	0	0.0	0.0	0.0	0.0	0.0	0.0	0.06060606060606061	0.0	0.0	0.0	0.06060606060606061	0.0	0.0	0.0	0.06060606060606061	0.06060606060606061	0.0	0.0	0.0	0.06060606060606061	3
Fusobacterium_necrophorum	0	0	0	0	0	0	0	0	0	0	0	0	0	0	0	0	0	0	0	0	0.0	0.0	0.0	0.0	0.0	0.0	0.0	0.0	0.0	0.0	0.0	0.0	0.0	0.0	0.0	0.045454545454545456	0.045454545454545456	0.0	0.0	0.045454545454545456	2
Fusobacterium_necrophorum_subsp._funduliforme	0	0	0	0	0	0	0	0	0	0	0	0	0	0	0	0	0	0	0	0	0.0	0.0	0.0	0.0	0.0	0.0	0.0	0.0	0.0	0.0	0.0	0.0	0.0	0.0	0.0	0.0	0.0	0.0	0.0	0.0	1
Fusobacterium_nucleatum	0	0	0	0	0	0	0	0	0	0	0	0	0	0	0	0	0	0	0	0	0	0	0	0	0	0	0	0	0	0	0	0	0	0	0	0	0	0	0	0	0
Fusobacterium_nucleatum_subsp._animalis	0	0	0	0	0	0	0	0	0	0	0	0	0	0	0	0	0	0	0	0	0.09090909090909091	0.0	0.09090909090909091	0.0	0.0	0.0	0.0	0.0	0.0	0.0	0.0	0.0	0.0	0.0	0.0	0.0	0.0	0.0	0.0	0.0	1
Fusobacterium_pseudoperiodonticum	0	0	0	0	0	0	0	0	0	0	0	0	0	0	0	0	0	0	0	0	0.0	0.0	0.0	0.0	0.0	0.0	0.0	0.0	0.0	0.0	0.0	0.0	0.0	0.0	0.0	0.0	0.0	0.0	0.0	0.0	1
Goatpox_virus	0	0	0	0	0	0	0	0	0	0	0	0	0	0	0	0	0	0	0	0	0	0	0	0	0	0	0	0	0	0	0	0	0	0	0	0	0	0	0	0	0
Haemophilus_influenzae	0	0	0	0	0	0	0	0	0	0	0	0	0	0	0	0	0	0	0	0	0.0	0.0	0.0	0.0	0.0	0.0909090909090909	0.0	0.0	0.0	0.0	0.0	0.0	0.0	0.0	0.0	0.0	0.0	0.0	0.0	0.0	24
Haemophilus_influenzae_CGSHiCZ412602	0	0	0	0	0	0	0	0	0	0	0	0	0	0	0	0	0	0	0	0	0.0	0.0909090909090909	0.0909090909090909	0.0909090909090909	0.0	0.0	0.0	0.0	0.0	0.0909090909090909	0.0	0.0	0.030303030303030304	0.0	0.06060606060606061	0.0	0.0	0.0	0.0	0.0	3
Haemophilus_influenzae_F3031	0	0	0	0	0	0	0	0	0	0	0	0	0	0	0	0	0	0	0	0	0.0	0.0	0.0	0.0	0.0	0.0	0.0	0.0	0.09090909090909091	0.0	0.0	0.0	0.0	0.0	0.0	0.0	0.0	0.0	0.0	0.0	9
Haemophilus_influenzae_KR494	0	1.0	0	0	0	0	0	0	0	0	0	0	0	0	0	0	0	0	0	0	0.0	0.0909090909090909	0.0	0.0	0.0	0.0	0.0	0.0	0.0	0.0	0.0	0.0	0.0	0.0	0.0	0.0	0.0	0.0	0.0	0.0909090909090909	6
Helicobacter_cinaedi	0	0	0	0	0	0	0	0	0	0	0	0	0	0	0	0	0	0	0	0	0	0	0	0	0	0	0	0	0	0	0	0	0	0	0	0	0	0	0	0	0
Helicobacter_pylori	0	0	0	0	0	0	0	0	0	0	0	0	0	0	0	0.125	0	0	0	0	0.006493506493506493	0.0021645021645021645	0.06926406926406926	0.0021645021645021645	0.008658008658008658	0.006493506493506493	0.0	0.0021645021645021645	0.0021645021645021645	0.0	0.0021645021645021645	0.0	0.0	0.008658008658008658	0.008658008658008658	0.0021645021645021645	0.006493506493506493	0.0021645021645021645	0.0	0.06060606060606061	42
Helicobacter_pylori_ELS37	0	0	0	0	0	0	0	0	0	0	0	0	0	0	0	0	0	0	0	0	0.0	0.0	0.0	0.0	0.0	0.0	0.0	0.0	0.0	0.0	0.0	0.0	0.0	0.0	0.0	0.0	0.045454545454545456	0.0	0.0	0.045454545454545456	2
Helicobacter_pylori_Shi112	0	0	0	0	0	0	1.0	0	0	0	0	0	0	0	0	0	0	0	0	0	0.0	0.0	0.0	0.0	0.0	0.0	0.09000900090009002	0.0	0.0	0.0	9.000900090009002E-4	0.0	0.0	9.000900090009002E-4	0.0	0.0	0.0	0.0	0.0	0.0	101
Hepatitis_B_virus	0	0	0	0	0	0	0	0	0	0	0	0	0	0	0	0	0	0	0	0	0	0	0	0	0	0	0	0	0	0	0	0	0	0	0	0	0	0	0	0	0
Hepatitis_E_virus	0	0	0	0	0	0	0	0	0	0	0	0	0	0	0	0	0	0	0	0	0	0	0	0	0	0	0	0	0	0	0	0	0	0	0	0	0	0	0	0	0
Hepatitis_delta_virus	0	0	0	0	0	0	0	0	0	0	0	0	0	0	0	0	0	0	0	0	0	0	0	0	0	0	0	0	0	0	0	0	0	0	0	0	0	0	0	0	0
Human_adenovirus_1	0	0	0	0	0	0	0	0	0	0	0	0	0	0	0	0	0	0	0	0	0	0	0	0	0	0	0	0	0	0	0	0	0	0	0	0	0	0	0	0	0
Human_adenovirus_2	0	0	0	0	0	0	0	0	0	0	0	0	0	0	0	0	0	0	0	0	0	0	0	0	0	0	0	0	0	0	0	0	0	0	0	0	0	0	0	0	0
Human_adenovirus_35	0	0	0	0	0	0	0	0	0	0	0	0	0	0	0	0	0	0	0	0	0	0	0	0	0	0	0	0	0	0	0	0	0	0	0	0	0	0	0	0	0
Human_adenovirus_5	0	0	0	0	0	0	0	0	0	0	0	0	0	0	0	0	0	0	0	0	0	0	0	0	0	0	0	0	0	0	0	0	0	0	0	0	0	0	0	0	0
Human_adenovirus_54	0	0	0	0	0	0	0	0	0	0	0	0	0	0	0	0	0	0	0	0	0	0	0	0	0	0	0	0	0	0	0	0	0	0	0	0	0	0	0	0	0
Human_adenovirus_7	0	0	0	0	0	0	0	0	0	0	0	0	0	0	0	0	0	0	0	0	0	0	0	0	0	0	0	0	0	0	0	0	0	0	0	0	0	0	0	0	0
Human_alphaherpesvirus_1	0	0	0	0	0	0	0	0	0	0	0	0	0	0	0	0	0	0	0	0	0	0	0	0	0	0	0	0	0	0	0	0	0	0	0	0	0	0	0	0	0
Human_alphaherpesvirus_2	0	0	0	0	0	0	0	0	0	0	0	0	0	0	0	0	0	0	0	0	0	0	0	0	0	0	0	0	0	0	0	0	0	0	0	0	0	0	0	0	0
Human_alphaherpesvirus_3	0	0	0	0	0	0	0	0	0	0	0	0	0	0	0	0	0	0	0	0	0	0	0	0	0	0	0	0	0	0	0	0	0	0	0	0	0	0	0	0	0
Human_gammaherpesvirus_4	0	0	0	0	0	0	0	0	0	0	0	0	0	0	0	0	0	0	0	0	0	0	0	0	0	0	0	0	0	0	0	0	0	0	0	0	0	0	0	0	0
Human_herpesvirus_4_type_2	0	0	0	0	0	0	0	0	0	0	0	0	0	0	0	0	0	0	0	0	0	0	0	0	0	0	0	0	0	0	0	0	0	0	0	0	0	0	0	0	0
Human_mastadenovirus_C	0	0	0	0	0	0	0	0	0	0	0	0	0	0	0	0	0	0	0	0	0	0	0	0	0	0	0	0	0	0	0	0	0	0	0	0	0	0	0	0	0
JC_polyomavirus	0	0	0	0	0	0	0	0	0	0	0	0	0	0	0	0	0	0	0	0	0	0	0	0	0	0	0	0	0	0	0	0	0	0	0	0	0	0	0	0	0
Klebsiella_aerogenes	0	0	0	0	0	0	0	0	0	0	0	0	0	0	0	0	0	0	0	0	0.01038961038961039	0.031168831168831165	0.012987012987012986	0.012987012987012986	0.007792207792207791	0.0025974025974025974	0.007792207792207791	0.0	0.0025974025974025974	0.0	0.0	0.0	0.0	0.015584415584415583	0.007792207792207791	0.031168831168831165	0.005194805194805195	0.0	0.015584415584415583	0.007792207792207791	35
Klebsiella_aerogenes_EA1509E	0	0	0	0	0	1.0	0	0	0	0	0	0	0	0	0	0	0	0	0	0	0.0	0.0	0.0	0.0	0.008658008658008658	0.032467532467532464	0.008658008658008658	0.0	0.0	0.008658008658008658	0.0	0.0	0.025974025974025972	0.021645021645021644	0.0	0.0	0.0	0.025974025974025972	0.025974025974025972	0.0	42
Klebsiella_michiganensis	0	0	0	0	0	0	0	0	0	0	0	0	0	0	0	0	0	0	0	0	0.0	0.05454545454545454	0.0	0.0	0.01818181818181818	0.0	0.0	0.0	0.0	0.0	0.0	0.0	0.07272727272727272	0.05454545454545454	0.05454545454545454	0.0	0.01818181818181818	0.0	0.0	0.01818181818181818	5
Klebsiella_michiganensis_KCTC_1686	0	0	0	0	0	0	0	0	0	0	0	0	0	0	0	0	0	0	0	0	0.0	0.0	0.0	0.0	0.0	0.0	0.0	0.0	0.0	0.0	0.0	0.0	0.0	0.0	0.0	0.0787878787878788	0.0	0.006060606060606061	0.0	0.0	15
Klebsiella_oxytoca	0	0	0	0	0	0	0	0	1.0	0	0	0.7857142857142857	0	0	0	0	0	0	0	0	0.0	0.07509881422924901	0.05533596837944664	0.03557312252964427	0.0	0.0	0.0	0.04743083003952569	0.007905138339920948	0.0	0.003952569169960474	0.05138339920948617	0.02766798418972332	0.02766798418972332	0.03557312252964427	0.0	0.0	0.0	0.0	0.04743083003952569	23
Klebsiella_pneumoniae	0	0.5080213903743316	0	0	0	0	0	0	0	0	0	0	0	0	0.6	0	0	0	0	0	3.0921459492888067E-4	0.029375386518243663	0.027829313543599257	0.031849103277674706	6.184291898577613E-4	6.184291898577613E-4	0.0018552875695732837	9.276437847866418E-4	0.0	3.0921459492888067E-4	0.026283240568954855	0.031849103277674706	0.0	0.03153988868274583	0.03277674706246135	3.0921459492888067E-4	0.0	0.0012368583797155227	0.0	6.184291898577613E-4	294
Klebsiella_pneumoniae_subsp._pneumoniae	0	0	0	0	0	0	0	1.0	0	0	0	0	0	0	0	0	0	0	0	0	0.0	0.0	0.0	0.0	0.0	0.06060606060606061	0.0	0.06060606060606061	0.09090909090909091	0.0	0.0	0.0	0.05948372615039282	0.0	0.0	0.030303030303030304	0.0	0.0	0.001122334455667789	0.0	81
Klebsiella_pneumoniae_subsp._pneumoniae_KPNIH24	0	0	0	0	0	0	0	0	0	0	0	0	0	0	0	0	0	0	0	0	0.0	0.0	0.0	0.0	0.09090909090909091	0.0	0.09090909090909091	0.0	0.0	0.0	0.0	0.0	0.0	0.09	0.0	0.0	0.09	0.0	0.0	0.0	100
Klebsiella_pneumoniae_subsp._pneumoniae_KPNIH27	0	0	0	0	0	0	0	0	0	0	0	0	0	0	0	0	0	0	0	0	0.0	0.0	0.0	0.0	0.0	0.0	0.0	0.0	0.0	0.0	0.0	0.0	0.0	0.003787878787878788	0.0909090909090909	0.08712121212121211	0.08712121212121211	0.0	0.0	0.0909090909090909	24
Klebsiella_pneumoniae_subsp._rhinoscleromatis	0	0	0	0	0	0	0	0	0	0	0	0	0	0	0	0	0	0	0	0	0	0	0	0	0	0	0	0	0	0	0	0	0	0	0	0	0	0	0	0	0
Legionella_anisa	0	0	0	0	0	0	0	0	0	0	0	0	0	0	0	0	0	0	0	0	0	0	0	0	0	0	0	0	0	0	0	0	0	0	0	0	0	0	0	0	0
Legionella_lansingensis	0	0	0	0	0	0	0	0	0	0	0	0	0	0	0	0	0	0	0	0	0	0	0	0	0	0	0	0	0	0	0	0	0	0	0	0	0	0	0	0	0
Legionella_pneumophila	0	0	0.07692307692307693	0	0	0	0	0	0	0.4772727272727273	0	0	0	0	0	0	0	0	0	0	0.0	0.0	0.00404040404040404	0.021212121212121213	0.0	0.0	0.00303030303030303	0.00404040404040404	0.0	0.02424242424242424	0.0	0.0	0.00202020202020202	0.00202020202020202	0.0	0.0	0.0	0.0	0.0	0.0	90
Legionella_pneumophila_subsp._fraseri	0	0	0	0	0	0	0	0	0	0	0	0	0	0	0	0	1.0	0	0	0	0.0909090909090909	0.0	0.0	0.0	0.0	0.0	0.0909090909090909	0.0	0.0909090909090909	0.0	0.0	0.0	0.0	0.07575757575757576	0.015151515151515152	0.0	0.07575757575757576	0.0	0.0	0.0	6
Legionella_pneumophila_subsp._pneumophila	0	0	0	0	0	0	0	0	0	0	0	0	0	0	0	0	0	0	0	0	0.0	0.08333333333333333	0.0	0.0	0.0	0.0	0.0	0.08333333333333333	0.0	0.0	0.0	0.0	0.0	0.0	0.007575757575757576	0.0	0.08333333333333333	0.0	0.0	0.0	12
Leptospira_alexanderi	0	0	0	0	0	0	0	0	0	0	0	0	0	0	0	0	0	0	0	0	0	0	0	0	0	0	0	0	0	0	0	0	0	0	0	0	0	0	0	0	0
Leptospira_alstonii	0	0	0	0	0	0	0	0	0	0	0	0	0	0	0	0	0	0	0	0	0	0	0	0	0	0	0	0	0	0	0	0	0	0	0	0	0	0	0	0	0
Leptospira_biflexa	0	0	0	0	0	0	0	0	0	0	0	0	0	0	0	0	0	0	0	0	0	0	0	0	0	0	0	0	0	0	0	0	0	0	0	0	0	0	0	0	0
Leptospira_biflexa_serovar_Patoc	0	0	0	0	0	0	0	0	0	0	0	0	0	0	0	0	0	0	0	0	0.0	0.09090909090909091	0.0	0.0	0.0	0.0	0.0	0.0	0.0	0.0	0.0	0.0	0.0	0.0	0.0	0.0	0.09090909090909091	0.0	0.0	0.0	1
Leptospira_borgpetersenii	0.3333333333333333	0	0	0	0.5	0	0	0	0	0	0	0	0	0	0	0	0.5	0	0.5	0	0.006993006993006993	0.006993006993006993	0.0	0.006993006993006993	0.020979020979020976	0.0	0.0	0.013986013986013986	0.006993006993006993	0.006993006993006993	0.0	0.0	0.0	0.006993006993006993	0.0	0.027972027972027972	0.013986013986013986	0.013986013986013986	0.006993006993006993	0.013986013986013986	13
Leptospira_borgpetersenii_serovar_Ceylonica	0	0	0	0.14285714285714285	0.08695652173913043	0	0	0	0	0.3333333333333333	0	0.12121212121212122	0	0	0	0.16666666666666666	0	0	0	0	0.015734265734265736	0.0	0.01486013986013986	0.01486013986013986	0.016608391608391608	8.741258741258741E-4	0.010489510489510488	0.01748251748251748	0.007867132867132868	0.018356643356643356	0.006993006993006993	0.01748251748251748	0.009615384615384616	0.010489510489510488	0.009615384615384616	0.0034965034965034965	0.00437062937062937	0.0034965034965034965	8.741258741258741E-4	0.019230769230769232	104
Leptospira_broomii	0	0	0	0	0	0	0	0	0	0	0	0	0	0	0	0	0	0	0	0	0	0	0	0	0	0	0	0	0	0	0	0	0	0	0	0	0	0	0	0	0
Leptospira_fainei	0	0	0	0	0	0	0	0	0	0	0	0	0	0	0	0	0	0	0	0	0	0	0	0	0	0	0	0	0	0	0	0	0	0	0	0	0	0	0	0	0
Leptospira_inadai	0	0	0	0	0	0	0	0	0	0	0	0	0	0	0	0	0	0	0	0	0	0	0	0	0	0	0	0	0	0	0	0	0	0	0	0	0	0	0	0	0
Leptospira_interrogans	0.06666666666666667	0	0	0	0	0	0	0	0	0	0	0	0.019230769230769232	0	0	0.6363636363636364	0	0.22580645161290322	0	0	0.017136218414173683	0.018297995933778684	0.003194888178913738	0.01103688643624746	0.0	0.0	0.0	0.004356665698518733	0.009584664536741214	0.004066221318617485	0.005808887598024978	0.015683996514667443	0.028173104850421144	0.007261109497531224	0.0023235550392099913	0.013650885855358699	0.0	0.01887888469358118	0.007841998257333721	0.00813244263723497	313
Leptospira_kirschneri	0	0	0	0	0	0	0	0	0	0	0	0	0	0	0	0	0	0	0	0	0	0	0	0	0	0	0	0	0	0	0	0	0	0	0	0	0	0	0	0	0
Leptospira_kmetyi	0	0	0	0	0	0	0	0	0	0	0	0	0	0	0	0	0	0	0	0	0	0	0	0	0	0	0	0	0	0	0	0	0	0	0	0	0	0	0	0	0
Leptospira_licerasiae	0	0	0	0	0	0	0	0	0	0	0	0	0	0	0	0	0	0	0	0	0	0	0	0	0	0	0	0	0	0	0	0	0	0	0	0	0	0	0	0	0
Leptospira_noguchii	0	0	0	0	0	0	0	0	0	0	0	0	0	0	0	0	0	0	0	0	0	0	0	0	0	0	0	0	0	0	0	0	0	0	0	0	0	0	0	0	0
Leptospira_santarosai	0	0	0	0	0	0	0	0	0	0	0	1.0	0	0	0	0	0	0	0	0	0.0	0.0	0.045454545454545456	0.0	0.0	0.0	0.0	0.0	0.0	0.0	0.0	0.045454545454545456	0.0	0.0	0.045454545454545456	0.0	0.0	0.0	0.0	0.045454545454545456	2
Leptospira_weilii	0	0	0	0	0.12	0	0.3157894736842105	0	0.17647058823529413	0.21428571428571427	0.12121212121212122	0.06060606060606061	0.08823529411764706	0.2608695652173913	0.06451612903225806	0.06666666666666667	0.2857142857142857	0.06060606060606061	0	0.3333333333333333	0.016118633139909737	0.025145067698259187	0.013539651837524178	0.012894906511927788	0.01934235976789168	0.0070921985815602835	0.01096067053513862	0.015473887814313345	0.007736943907156672	0.009026434558349452	0.0051579626047711154	0.003868471953578336	0.005802707930367505	0.016118633139909737	0.010315925209542231	0.012894906511927788	0.012250161186331399	0.008381689232753063	0.006447453255963894	0.012250161186331399	141
Leptospira_wolffii	0	0	0	0	0	0	0	0	0	0	0	0	0	0	0	0	0	0	0	0	0	0	0	0	0	0	0	0	0	0	0	0	0	0	0	0	0	0	0	0	0
Listeria_monocytogenes	0	0	0	0	0	0	0	0	0	0	0	0	0	0	0	0	0	0	0	0	0.0	0.0	0.0	0.0	0.0	0.01818181818181818	0.0	0.0	0.0	0.0	0.03636363636363636	0.0	0.0	0.0	0.0	0.03636363636363636	0.0	0.03636363636363636	0.0	0.01818181818181818	5
Listeria_monocytogenes_FSL_J1-208	0	0	0	0	0	0	0	0	0	0	0	0	0	0	0	0	0	0	0	0	0.0	0.09090909090909091	0.0	0.09090909090909091	0.0	0.09090909090909091	0.0	0.09090909090909091	0.0	0.0	0.0	0.0	0.0	0.0	0.0	0.0	0.0	0.0	0.0	0.0	2
Lumpy_skin_disease_virus	0	0	0	0	0	0	0	0	0	0	0	0	0	0	0	0	0	0	0	0	0	0	0	0	0	0	0	0	0	0	0	0	0	0	0	0	0	0	0	0	0
Lymphocryptovirus	0	0	0	0	0	0	0	0	0	0	0	0	0	0	0	0	0	0	0	0	0	0	0	0	0	0	0	0	0	0	0	0	0	0	0	0	0	0	0	0	0
Mannheimia_haemolytica	0	0	0	0	0	0	0	0	0	0	0	0	0	0	0	0	0	0	0	0	0.0	0.06951871657754011	0.0	0.0026737967914438505	0.0	0.0	0.0	0.0160427807486631	0.0	0.0	0.06684491978609626	0.0160427807486631	0.005347593582887701	0.0	0.06684491978609626	0.0026737967914438505	0.06951871657754011	0.0026737967914438505	0.0	0.06684491978609626	34
Mannheimia_haemolytica_D174	0	0	0	0	0	0	0	0	0	0	0	0	0	0	0	0	0	0	0	0	0.0	0.0	0.0	0.0	0.0	0.0	0.0909090909090909	0.0	0.0	0.0	0.015151515151515152	0.07575757575757576	0.0	0.0	0.0	0.0	0.0	0.0	0.0	0.0	6
Measles_morbillivirus	0	0	0	0	0	0	0	0	0	0	0	0	0	0	0	0	0	0	0	0	0	0	0	0	0	0	0	0	0	0	0	0	0	0	0	0	0	0	0	0	0
Methanobrevibacter_oralis	0	0	0	0	0	0	0	0	0	0	0	0	0	0	0	0	0	0	0	0	0	0	0	0	0	0	0	0	0	0	0	0	0	0	0	0	0	0	0	0	0
Moraxella_catarrhalis	0	0	0	0	0	0	0	0	0	0	0	0	0	0	0	0	0	0	0	0	0	0	0	0	0	0	0	0	0	0	0	0	0	0	0	0	0	0	0	0	0
Morbillivirus	0	0	0	0	0	0	0	0	0	0	0	0	0	0	0	0	0	0	0	0	0	0	0	0	0	0	0	0	0	0	0	0	0	0	0	0	0	0	0	0	0
Mycobacterium_avium	0.08306709265175719	0.03278688524590164	0.09090909090909091	0.08389261744966443	0.011194029850746268	0	0.09163346613545817	0.0034602076124567475	0	0	0.07033639143730887	0.00974025974025974	0.03015075376884422	0	0.10126582278481013	0.041474654377880185	0.055793991416309016	0.009933774834437087	0.1085972850678733	0.023696682464454975	0.012849341471249597	0.010065317485812185	0.012206874397687119	0.013384730699218332	0.009851161794624691	0.015205054074312024	0.00899453902987472	0.006531748581218546	0.007602527037156012	0.01060070671378092	0.012635185780062104	0.00995823964021844	0.009315772566655958	0.008459149801905985	0.014883820537530785	0.006103437198843559	0.014883820537530785	0.011778563015312132	0.015097976228718278	0.009529928257843453	849
Mycobacterium_avium_subsp._avium	0	1.0	0	0	0	0.21428571428571427	0	0	0	0	0	0	0	0.08333333333333333	0	0	0	0.125	0.25	0	0.011857707509881422	0.007905138339920948	0.003952569169960474	0.007905138339920948	0.007905138339920948	0.02766798418972332	0.03557312252964427	0.015810276679841896	0.0	0.015810276679841896	0.007905138339920948	0.003952569169960474	0.007905138339920948	0.007905138339920948	0.0	0.007905138339920948	0.019762845849802372	0.015810276679841896	0.007905138339920948	0.0	23
Mycobacterium_avium_subsp._hominissuis	0	0	0.09090909090909091	0	0	0.09523809523809523	0.17391304347826086	0.027777777777777776	0	0.10526315789473684	0	0	0	0	0.14285714285714285	0	0	0.2	0	0	0.01038961038961039	0.00909090909090909	0.01818181818181818	0.00909090909090909	0.007792207792207791	0.01948051948051948	0.027272727272727275	0.007792207792207791	0.015584415584415583	0.01818181818181818	0.02077922077922078	0.0025974025974025974	0.02077922077922078	0.01038961038961039	0.007792207792207791	0.00909090909090909	0.011688311688311689	0.023376623376623377	0.0	0.007792207792207791	70
Mycobacterium_avium_subsp._paratuberculosis	0.08333333333333333	0	0	0.18181818181818182	0	0	0	0	0	0	0.6	0.3076923076923077	0	0	0	0.125	0.5	0	0.06666666666666667	0	0.017045454545454544	0.005681818181818182	0.019886363636363636	0.011363636363636364	0.002840909090909091	0.017045454545454544	0.005681818181818182	0.0	0.0	0.008522727272727272	0.008522727272727272	0.011363636363636364	0.005681818181818182	0.005681818181818182	0.017045454545454544	0.02556818181818182	0.03409090909090909	0.0	0.014204545454545454	0.028409090909090908	32
Mycobacterium_canettii	0	0	0	0	0	0.6666666666666666	0	0	0	0	0	0	0	0	0	0	0	0	0	0	0.0	0.022727272727272728	0.022727272727272728	0.03409090909090909	0.03409090909090909	0.056818181818181816	0.011363636363636364	0.0	0.011363636363636364	0.011363636363636364	0.0	0.022727272727272728	0.011363636363636364	0.0	0.0	0.011363636363636364	0.022727272727272728	0.011363636363636364	0.022727272727272728	0.0	8
Mycobacterium_colombiense	0	0	0	0	0	0	0	0	0	0	0	0	0	0	0	0	0	0	0	0	0	0	0	0	0	0	0	0	0	0	0	0	0	0	0	0	0	0	0	0	0
Mycobacterium_colombiense_CECT_3035	0.047619047619047616	0	0	0	0.2222222222222222	0.058823529411764705	0.11764705882352941	0.12	0.05555555555555555	0.038461538461538464	0	0	0.045454545454545456	0.06666666666666667	0	0.21052631578947367	0	0	0	0.11764705882352941	0.00922266139657444	0.007905138339920948	0.011857707509881424	0.013175230566534914	0.017127799736495388	0.006587615283267457	0.005270092226613966	0.00922266139657444	0.014492753623188406	0.007905138339920948	0.003952569169960474	0.0013175230566534915	0.006587615283267457	0.011857707509881424	0.007905138339920948	0.014492753623188406	0.006587615283267457	0.006587615283267457	0.007905138339920948	0.015810276679841896	69
Mycobacterium_intracellulare	0.03571428571428571	0.010869565217391304	0.018867924528301886	0.04395604395604396	0.0449438202247191	0.0660377358490566	0.023255813953488372	0.01282051282051282	0.0875	0.01	0.021505376344086023	0	0.053763440860215055	0.031914893617021274	0.0958904109589041	0.06201550387596899	0.06896551724137931	0.011494252873563218	0.04504504504504504	0	0.015448603683897803	0.01218062982768865	0.010992275698158051	0.00683303624480095	0.014854426619132503	0.010695187165775402	0.011883541295306001	0.0101010101010101	0.01218062982768865	0.0089126559714795	0.008318478906714201	0.009506833036244802	0.014854426619132503	0.00980392156862745	0.01455733808674985	0.006238859180035651	0.010695187165775402	0.0059417706476530005	0.009506833036244802	0.010398098633392751	306
Mycobacterium_intracellulare_subsp._yongonense	0	0	0	0	0	0.15	0	0.09090909090909091	0.18181818181818182	0.047619047619047616	0	0	0.45	0.6	0.14285714285714285	0	0	0	0	0	0.02040816326530612	0.0074211502782931356	0.0037105751391465678	0.011131725417439703	0.016697588126159554	0.012987012987012986	0.014842300556586271	0.014842300556586271	0.0055658627087198514	0.0074211502782931356	0.0037105751391465678	0.0037105751391465678	0.027829313543599257	0.025974025974025972	0.014842300556586271	0.02040816326530612	0.011131725417439703	0.01855287569573284	0.0018552875695732839	0.014842300556586271	49
Mycobacterium_kansasii	0.023255813953488372	0.06451612903225806	0.06060606060606061	0	0	0	0	0.027777777777777776	0.023809523809523808	0.10204081632653061	0.03333333333333333	0.03225806451612903	0.02127659574468085	0	0	0.02631578947368421	0.043478260869565216	0.07142857142857142	0	0	0.0106951871657754	0.014514896867838044	0.011459129106187928	0.009931245225362872	0.006875477463712758	0.0106951871657754	0.014514896867838044	0.008403361344537815	0.006875477463712758	0.008403361344537815	0.009931245225362872	0.0106951871657754	0.009167303284950343	0.0053475935828877	0.01757066462948816	0.0106951871657754	0.0106951871657754	0.01909854851031322	0.015278838808250572	0.013750954927425516	119
Mycobacterium_leprae	0	0	0	0	0	0	0	0	0	0	0	0	0	0	0	0	0	0	0	0	0	0	0	0	0	0	0	0	0	0	0	0	0	0	0	0	0	0	0	0	0
Mycobacterium_leprae_Kyoto-2	0	0	0	0	0	0	0	0	0	0	0	0	0	0	0	0	0	0	0	0	0.09090909090909091	0.0	0.0	0.0	0.0	0.0	0.0	0.0	0.0	0.0	0.0	0.0	0.0	0.0	0.09090909090909091	0.0	0.0	0.0	0.0	0.0	1
Mycobacterium_marseillense	0.05263157894736842	0.07692307692307693	0.07142857142857142	0	0.35714285714285715	0	0	0	0	0	0.1	0	0.09090909090909091	0	0	0	0	0	0	0.1111111111111111	0.00909090909090909	0.02954545454545455	0.00909090909090909	0.020454545454545454	0.01818181818181818	0.015909090909090907	0.011363636363636364	0.02954545454545455	0.006818181818181818	0.006818181818181818	0.00909090909090909	0.0022727272727272726	0.015909090909090907	0.013636363636363636	0.006818181818181818	0.006818181818181818	0.004545454545454545	0.013636363636363636	0.02954545454545455	0.00909090909090909	40
Mycobacterium_sp._JS623	0.10714285714285714	0	0	0.038461538461538464	0	0.06896551724137931	0	0.08333333333333333	0	0	0.03125	0.06666666666666667	0.037037037037037035	0.02631578947368421	0.058823529411764705	0.0625	0	0	0	0	0.015640273704789834	0.007820136852394917	0.008797653958944282	0.011730205278592375	0.009775171065493646	0.013685239491691105	0.010752688172043012	0.010752688172043012	0.0039100684261974585	0.006842619745845552	0.006842619745845552	0.008797653958944282	0.004887585532746823	0.006842619745845552	0.010752688172043012	0.008797653958944282	0.002932551319648094	0.007820136852394917	0.005865102639296188	0.006842619745845552	93
Mycobacterium_sp._YC-RL4	0	0	0	0	0	0	0.09090909090909091	0.10526315789473684	0.07692307692307693	0.05555555555555555	0.06666666666666667	0	0	0.09523809523809523	0	0	0	0.08333333333333333	0.043478260869565216	0	0.016233766233766232	0.003246753246753247	0.021103896103896104	0.00974025974025974	0.016233766233766232	0.011363636363636364	0.011363636363636364	0.017857142857142856	0.00974025974025974	0.003246753246753247	0.011363636363636364	0.012987012987012988	0.0	0.011363636363636364	0.008116883116883116	0.012987012987012988	0.00974025974025974	0.01948051948051948	0.014610389610389612	0.016233766233766232	56
Mycobacterium_tuberculosis	0	0.08823529411764706	0	0	0.08	0.034482758620689655	0	0	0	0.06666666666666667	0	0.1590909090909091	0	0	0.17857142857142858	0	0.19230769230769232	0	0.3888888888888889	0	0.01212121212121212	0.026262626262626265	0.00404040404040404	0.00202020202020202	0.01414141414141414	0.00606060606060606	0.01414141414141414	0.01212121212121212	0.00707070707070707	0.027272727272727275	0.00606060606060606	0.01414141414141414	0.009090909090909092	0.00404040404040404	0.011111111111111112	0.00707070707070707	0.01616161616161616	0.00606060606060606	0.022222222222222223	0.021212121212121213	90
Mycobacterium_tuberculosis_KZN_1435	0	0	0	0	0	0	0	0	0	0.03333333333333333	0	0.15	0.45161290322580644	0	0	0	0	0	0	0	0.019886363636363636	0.009943181818181818	0.015625	0.0	0.004261363636363636	0.009943181818181818	0.0	0.02556818181818182	0.014204545454545454	0.0014204545454545455	0.0	0.009943181818181818	0.026988636363636364	0.022727272727272728	0.019886363636363636	0.011363636363636364	0.011363636363636364	0.015625	0.02556818181818182	0.0	64
Mycobacterium_tuberculosis_complex	0	0	0	0	0.12121212121212122	0.14473684210526316	0	0.16883116883116883	0	0.09090909090909091	0	0	0.0625	0	0.26506024096385544	0.06493506493506493	0.2248062015503876	0	0	0	0.007399577167019028	0.00810429880197322	0.009513742071881607	0.013389711064129669	0.01409443269908386	0.02431289640591966	0.009866102889358703	0.025369978858350954	0.01691331923890063	0.014799154334038056	0.01127554615926709	0.0066948555320648345	0.008456659619450316	0.00810429880197322	0.015151515151515152	0.008456659619450316	0.013389711064129669	0.005637773079633545	0.013389711064129669	0.008456659619450316	258
Mycobacterium_tuberculosis_variant_africanum	0	0	0	0	0	0	0	0	0	0	0	0	0	0	0	0	0	0	0	0	0	0	0	0	0	0	0	0	0	0	0	0	0	0	0	0	0	0	0	0	0
Mycobacterium_tuberculosis_variant_bovis	0	0	0	0	0	0	0	0	0	0	0	0	0	0	0	0	0	0	0	0	0	0	0	0	0	0	0	0	0	0	0	0	0	0	0	0	0	0	0	0	0
Mycobacteroides_abscessus	0.05357142857142857	0.039285714285714285	0.027586206896551724	0.047337278106508875	0.01282051282051282	0	0.03626943005181347	0.0472972972972973	0.216	0	0	0	0	0	0.07352941176470588	0.028037383177570093	0.00909090909090909	0	0	0.08974358974358974	0.012969025434399395	0.009695290858725761	0.005917904809871568	0.007428859229413246	0.009443465122135482	0.012591286829513977	0.0033996474439687736	0.015235457063711912	0.020271971795517502	0.008310249307479225	0.007428859229413246	0.01599093427348275	0.01032485520020146	0.007177033492822967	0.007806597834298666	0.014983631327121633	0.010073029463611181	0.017879627297909845	0.008058423570888946	0.014479979853941073	722
Mycobacteroides_abscessus_subsp._abscessus	0	0.038461538461538464	0	0	0.16666666666666666	0	0	0	0	0	0	0	0	0	0	0	0.2857142857142857	0	0.07407407407407407	0	0.0	0.001652892561983471	0.03305785123966942	0.01983471074380165	0.004958677685950413	0.003305785123966942	0.013223140495867768	0.001652892561983471	0.0	0.0	0.01487603305785124	0.0	0.024793388429752063	0.006611570247933884	0.03305785123966942	0.024793388429752063	0.004958677685950413	0.03801652892561983	0.009917355371900825	0.026446280991735537	55
Mycobacteroides_abscessus_subsp._bolletii	0	0	0.2	0	0	0	0	0	0	0	0	0	0	0	0	0	0	0	0	0	0.0	0.0	0.01818181818181818	0.0	0.0	0.07272727272727272	0.0	0.0	0.0	0.0	0.0	0.0	0.0	0.0	0.0	0.0	0.0	0.01818181818181818	0.0	0.0	5
Mycobacteroides_abscessus_subsp._bolletii_50594	0	0	0	0	0	0	0	0	0	0	0	0	0	0	0	0	0	0	0	0	0.022727272727272728	0.0	0.056818181818181816	0.011363636363636364	0.011363636363636364	0.0	0.022727272727272728	0.0	0.0	0.0	0.0	0.03409090909090909	0.022727272727272728	0.011363636363636364	0.03409090909090909	0.0	0.03409090909090909	0.045454545454545456	0.011363636363636364	0.0	8
Mycobacteroides_abscessus_subsp._massiliense	0	0	0	0	0	0.23076923076923078	0	0	0	0	0	0	0	0	0.2222222222222222	0	0	0	0	0	0.022727272727272724	0.0	0.001893939393939394	0.0	0.001893939393939394	0.028409090909090908	0.0	0.0	0.0	0.0	0.0	0.0	0.017045454545454548	0.001893939393939394	0.015151515151515152	0.0	0.001893939393939394	0.013257575757575758	0.0	0.003787878787878788	48
Mycobacteroides_abscessus_subsp._massiliense_CCUG_48898_=_JCM_15300	0	0	0	0	0	0	0	0	0	0	0	0	0	0	0	0.8	0	0	0	0	0.0	0.004914004914004914	0.019656019656019656	0.0	0.019656019656019656	0.019656019656019656	0.0	0.0	0.0	0.019656019656019656	0.0	0.019656019656019656	0.019656019656019656	0.0	0.019656019656019656	0.03931203931203931	0.02948402948402948	0.009828009828009828	0.0	0.009828009828009828	37
Mycoplasma_haemocanis	0	0	0	0	0	0	0	0	0	0	0	0	0	0	0	0	0	0	0	0	0	0	0	0	0	0	0	0	0	0	0	0	0	0	0	0	0	0	0	0	0
Mycoplasma_haemofelis	0	0	0	0	0	0	0	0	0	0	0	0	0	0	0	0	0	0	0	0	0	0	0	0	0	0	0	0	0	0	0	0	0	0	0	0	0	0	0	0	0
Mycoplasma_haemofelis_str._Langford_1	0	0	0	0	0	1.0	0	0	0	0	0	0	0	0	0	0	0	0	0	0	0.0	0.0	0.0	0.0	0.0	0.09090909090909091	0.0	0.09090909090909091	0.0	0.09090909090909091	0.0	0.0	0.0	0.0	0.0	0.0	0.0	0.0	0.0	0.09090909090909091	1
Mycoplasma_mycoides	0	0	0	0	0	0	0	0	0	0	0	0	0	0	0	0	0	0	0	0	0	0	0	0	0	0	0	0	0	0	0	0	0	0	0	0	0	0	0	0	0
Mycoplasma_ovipneumoniae	0	0	0	0	0	0	0	0	0	0	0	0	0	0	0	0	0	0	0	0	0	0	0	0	0	0	0	0	0	0	0	0	0	0	0	0	0	0	0	0	0
Mycoplasma_pneumoniae	0	0	0	0	0	0	0	0	0	0	0	0	0	0	0	0	0	0	0	0	0	0	0	0	0	0	0	0	0	0	0	0	0	0	0	0	0	0	0	0	0
Neisseria_elongata	0	0	0	0	0	0	0	0	0	0	0	0	0	0	0	0	0	0	0	0	0	0	0	0	0	0	0	0	0	0	0	0	0	0	0	0	0	0	0	0	0
Neisseria_elongata_subsp._glycolytica	0	0	0	0	0	0	0	0	0	0	0	0	0	1.0	0	0.5	0	0	1.0	0	0.030303030303030304	0.0	0.030303030303030304	0.030303030303030304	0.0	0.0	0.0	0.0	0.0	0.0	0.0	0.0	0.030303030303030304	0.030303030303030304	0.0	0.030303030303030304	0.0	0.0	0.030303030303030304	0.0	3
Neisseria_gonorrhoeae	0	0	0	0	0	0	0	0	0	0	1.0	0	1.0	0	0	0.8571428571428571	0	0	0	0	0.0	0.0	0.04242424242424243	0.0	0.0	0.04242424242424243	0.0	0.0	0.0	0.0	0.048484848484848485	0.0	0.08484848484848485	0.0	0.006060606060606061	0.03636363636363636	0.048484848484848485	0.048484848484848485	0.0	0.03636363636363636	15
Neisseria_gonorrhoeae_NG-k51.05	0	0	0	0	0	0	0	0	0	0	0	0	0	0	0.6153846153846154	0	0	0	0	0	0.022377622377622378	0.0	0.0	0.0	0.022377622377622378	0.055944055944055944	0.0	0.033566433566433566	0.033566433566433566	0.0	0.0	0.020979020979020976	0.0	0.0	0.06853146853146852	0.0	0.0013986013986013986	0.055944055944055944	0.0	0.020979020979020976	65
Neisseria_meningitidis	0	0	0	0	0	0	0	0	0.5	0	0	1.0	0	0	0	0	0	0	0	0	0.0033670033670033673	0.0033670033670033673	0.0	0.0	0.0	0.0	0.0	0.0	0.0033670033670033673	0.0	0.07744107744107744	0.006734006734006735	0.006734006734006735	0.08417508417508418	0.0	0.0	0.006734006734006735	0.0033670033670033673	0.0	0.006734006734006735	27
Neisseria_meningitidis_M01-240355	0	0	0	0	0	0	0	0	0	0	0	0	0	0	0	0	0	0	0	0	0.0	0.0	0.0	0.0	0.0	0.0	0.0	0.0	0.0	0.0	0.0	0.0	0.0	0.0	0.0	0.0	0.0	0.0	0.0	0.045454545454545456	2
Neisseria_mucosa	0	0	0	0	0	0	0	0	0	0	0	0	0	0	0	0	0	0	0	0	0	0	0	0	0	0	0	0	0	0	0	0	0	0	0	0	0	0	0	0	0
Neisseria_sicca	0	0	0	0	0	0	0	0	0	0	0	0	0	0	0	0	0	0	0	0	0	0	0	0	0	0	0	0	0	0	0	0	0	0	0	0	0	0	0	0	0
Neisseria_subflava	0	0	0	0	0	0	0	0	0	0	0	0	0	0	0	0	0	0	0	0	0.0	0.0	0.0	0.0	0.0	0.09090909090909091	0.0	0.0	0.0	0.0	0.0	0.0	0.0	0.0	0.0	0.0	0.0	0.0	0.0	0.09090909090909091	1
Neisseria_weaveri	0	0	0	0	0	0	0	0	0	0	0	0	0	0	0	0	0	0	0	0	0.0	0.09090909090909091	0.045454545454545456	0.0	0.09090909090909091	0.0	0.0	0.0	0.045454545454545456	0.045454545454545456	0.0	0.045454545454545456	0.045454545454545456	0.0	0.045454545454545456	0.0	0.0	0.0	0.045454545454545456	0.0	2
Orthohepadnavirus	0	0	0	0	0	0	0	0	0	0	0	0	0	0	0	0	0	0	0	0	0	0	0	0	0	0	0	0	0	0	0	0	0	0	0	0	0	0	0	0	0
Orthopoxvirus	0	0	0	0	0	0	0	0	0	0	0	0	0	0	0	0	0	0	0	0	0	0	0	0	0	0	0	0	0	0	0	0	0	0	0	0	0	0	0	0	0
Paraavulavirus	0	0	0	0	0	0	0	0	0	0	0	0	0	0	0	0	0	0	0	0	0	0	0	0	0	0	0	0	0	0	0	0	0	0	0	0	0	0	0	0	0
Parvimonas_micra	0	0	0	0	0	0	0	0	0	0.25	0	0	0	0	0	0	0	0	0	0.6666666666666666	0.0	0.0	0.0	0.04958677685950413	0.008264462809917356	0.008264462809917356	0.0	0.008264462809917356	0.024793388429752063	0.04958677685950413	0.024793388429752063	0.0	0.0	0.008264462809917356	0.024793388429752063	0.0	0.0	0.0	0.0	0.03305785123966942	11
Pasteurella_multocida	0	0	0.3333333333333333	0	0	0	0	0	0	0	0	0	0.9	0	0	0	0	0	0	0	0.0	0.0	0.07851239669421488	0.0	0.008264462809917356	0.004132231404958678	0.004132231404958678	0.008264462809917356	0.008264462809917356	0.0	0.008264462809917356	0.0	0.0743801652892562	0.0743801652892562	0.07851239669421488	0.0	0.004132231404958678	0.0	0.0	0.0	22
Pasteurella_multocida_subsp._multocida	0	0	0	0	0	0	0	0	0	0	0	0	0	0	0	0	0	0	0	0	0.0	0.0	0.0	0.0	0.09090909090909091	0.0	0.0	0.0	0.0	0.0	0.0	0.0	0.0	0.0	0.0	0.045454545454545456	0.0	0.045454545454545456	0.0	0.045454545454545456	2
Peptostreptococcus_anaerobius	0	0	0	0	0	0	0	0	0	0	0	0	0	0	0	0	0	0	0	0	0	0	0	0	0	0	0	0	0	0	0	0	0	0	0	0	0	0	0	0	0
Polyomaviridae	0	0	0	0	0	0	0	0	0	0	0	0	0	0	0	0	0	0	0	0	0	0	0	0	0	0	0	0	0	0	0	0	0	0	0	0	0	0	0	0	0
Porphyromonas_gingivalis	0	0	0	0	0	0	0.5	0	0.5	0	0	0	0	0	0	0	0	0	0	0	0.0	0.0303030303030303	0.0303030303030303	0.0303030303030303	0.0	0.0	0.0303030303030303	0.0606060606060606	0.0303030303030303	0.0	0.0	0.0	0.0	0.006060606060606061	0.0	0.0	0.0	0.024242424242424242	0.0	0.0	15
Porphyromonas_gingivalis_A7A1-28	0	0.3333333333333333	0	0	0	0	0	0	0	0	0	0	0	0	0	0	0	0	0	0	0.0	0.015151515151515152	0.015151515151515152	0.0	0.015151515151515152	0.0	0.015151515151515152	0.0	0.015151515151515152	0.0	0.030303030303030304	0.03787878787878788	0.0	0.015151515151515152	0.022727272727272724	0.0	0.0	0.030303030303030304	0.0	0.0	12
Porphyromonas_gingivalis_W83	0	0	0	0	0	0	0	0	0	0	0	0	0	0	0	0	0	0	0	0	0.022727272727272728	0.045454545454545456	0.0	0.0	0.022727272727272728	0.045454545454545456	0.022727272727272728	0.0	0.022727272727272728	0.0	0.0	0.0	0.0	0.011363636363636364	0.03409090909090909	0.03409090909090909	0.03409090909090909	0.0	0.0	0.022727272727272728	8
Rickettsia_africae	0	0	0	0	0	0	0	0	0	0	0	0	0	0	0	0	0	0	0	0	0	0	0	0	0	0	0	0	0	0	0	0	0	0	0	0	0	0	0	0	0
Rickettsia_akari	0	0	0	0	0	0	0	0	0	0	0	0	0	0	0	0	0	0	0	0	0	0	0	0	0	0	0	0	0	0	0	0	0	0	0	0	0	0	0	0	0
Rickettsia_conorii	0	0	0	0	0	0	0	0	0	0	0	0	0	0	0	0	0	0	0	0	0	0	0	0	0	0	0	0	0	0	0	0	0	0	0	0	0	0	0	0	0
Rickettsia_felis	0	0	0	0	0	0	0	0	0	0	0	0	0	0	0	0	0	0	0	0	0	0	0	0	0	0	0	0	0	0	0	0	0	0	0	0	0	0	0	0	0
Rickettsia_japonica	0	0	0	0	0	0	0	0	0	0	0	0	0	0	0	0	0	0	0	0	0	0	0	0	0	0	0	0	0	0	0	0	0	0	0	0	0	0	0	0	0
Rickettsia_prowazekii	0	0	0	0	0	0	0	0	0	0	0	0	0	0	0	0	0	0	0	0	0	0	0	0	0	0	0	0	0	0	0	0	0	0	0	0	0	0	0	0	0
Rickettsia_rickettsii	0	0	0	0	0	0	0	0	0	0	0	0	0	0	0	0	0	0	0	0	0	0	0	0	0	0	0	0	0	0	0	0	0	0	0	0	0	0	0	0	0
Rickettsia_sibirica	0	0	0	0	0	0	0	0	0	0	0	0	0	0	0	0	0	0	0	0	0	0	0	0	0	0	0	0	0	0	0	0	0	0	0	0	0	0	0	0	0
Rickettsia_typhi	0	0	0	0	0	0	0	0	0	0	0	0	0	0	0	0	0	0	0	0	0	0	0	0	0	0	0	0	0	0	0	0	0	0	0	0	0	0	0	0	0
Salmonella_enterica	0	0	0	0	0	0	0	0	0	0	0	0	0	0	0	0.05309734513274336	0	0	0	0	0.002308802308802309	0.0017316017316017314	5.772005772005772E-4	0.0	0.0	0.0	0.0	0.0	2.886002886002886E-4	0.0	0.0	0.030591630591630593	2.886002886002886E-4	0.00202020202020202	2.886002886002886E-4	0.0017316017316017314	2.886002886002886E-4	0.003751803751803752	0.02857142857142857	0.02857142857142857	315
Salmonella_enterica_subsp._diarizonae_serovar_61:k:1,5,(7)	0	0	0	0	0	0	0	0	0	0	0	0	0	0	0	0	0	0	0	0	0.0	0.03896103896103896	0.0	0.0	0.0	0.0	0.05194805194805195	0.0	0.0	0.0	0.0	0.012987012987012988	0.03896103896103896	0.03896103896103896	0.012987012987012988	0.0	0.0	0.012987012987012988	0.0	0.0	7
Salmonella_enterica_subsp._enterica	0	0	0	0	0	0	0	0	0	0	0	0	0	0	0	0	0	0	0	0	0.006993006993006994	0.0	0.0	0.003885003885003885	0.003885003885003885	0.0	0.0	0.0	0.0	0.0	0.0	0.002331002331002331	0.006993006993006994	0.006993006993006994	0.0	0.0	0.0	0.002331002331002331	0.0	0.003108003108003108	117
Salmonella_enterica_subsp._enterica_serovar_Djakarta_str._S-1087	0	0	0	0	0	0	0	0	0	0	0	0	0	0	0	0	0	0	0	0	0.09090909090909091	0.0	0.0	0.0	0.0	0.0	0.0	0.0	0.0	0.0	0.0	0.0	0.0	0.0	0.0	0.0	0.0	0.0	0.0	0.0	1
Salmonella_enterica_subsp._enterica_serovar_Infantis_str._SARB27	0	0	0	0	0	0	0	0	0	0	0	0	0	0	0	0	0	0	0	0	0.0	0.0	0.0	0.0	0.09090909090909091	0.0	0.09090909090909091	0.0	0.0	0.0	0.0	0.0	0.0	0.0	0.09090909090909091	0.0	0.0	0.0	0.0	0.0	1
Salmonella_enterica_subsp._enterica_serovar_Napoli	0	0	0	0	0	0	0	0	0	0	0	0	0	0	0	0	0	0	0	0	0.0	0.0	0.0	0.0	0.0	0.0	0.0	0.0	0.09090909090909091	0.0	0.0	0.0	0.0	0.0	0.0	0.0	0.0	0.0	0.0	0.0	1
Salmonella_enterica_subsp._enterica_serovar_Quebec_str._S-1267	0	0	0	0	0	0	0	0	0	0	0	0	0	0	0	0	0	0	0	0	0.0	0.0	0.0	0.0	0.0	0.0	0.0	0.0	0.0	0.0	0.0	0.0	0.0	0.0	0.0	0.0	0.0	0.0	0.0	0.0	2
Salmonella_enterica_subsp._enterica_serovar_Reading	0	0	0	0	0	0	0	0	0	0	0	0	0	0	0	0	0	0	0	0	0.0	0.0	0.0	0.09090909090909091	0.0	0.09090909090909091	0.09090909090909091	0.0	0.0	0.0	0.0	0.0	0.0	0.0	0.0	0.09090909090909091	0.0	0.0	0.0	0.09090909090909091	1
Salmonella_enterica_subsp._enterica_serovar_Typhimurium	0	0	0	0	0	0	0	0	0	0	0	0	0	0	0	0	0	0	0	0	0	0	0	0	0	0	0	0	0	0	0	0	0	0	0	0	0	0	0	0	0
Salmonella_enterica_subsp._enterica_serovar_Weltevreden	0	0	0	0	0	0	0	0	0	0	0	0	0	0	0	0	0	0	0	0	0.045454545454545456	0.0	0.0	0.0	0.0	0.0	0.0	0.0	0.0	0.0	0.045454545454545456	0.0	0.0	0.0	0.0	0.045454545454545456	0.0	0.0	0.0	0.0	2
Sheeppox_virus	0	0	0	0	0	0	0	0	0	0	0	0	0	0	0	0	0	0	0	0	0	0	0	0	0	0	0	0	0	0	0	0	0	0	0	0	0	0	0	0	0
Shigella_boydii	0	0	0	0	0	0	0	0	0	0	0	0	0	0	0	0	0	0	0	0	0.0	0.0	0.0	0.0	0.0	0.0	0.0	0.09090909090909091	0.0	0.0	0.0	0.0	0.0	0.0	0.0	0.0	0.0	0.0	0.0	0.0	2
Shigella_dysenteriae	0	0	0	0	0	0	0	0	0	0	0	0	0	0	0	0	0	0	0	0	0	0	0	0	0	0	0	0	0	0	0	0	0	0	0	0	0	0	0	0	0
Shigella_flexneri	0	0	0	0	0	0	0	0	0	0	0	0	0	0	0	0	0	0	0	0	0.0	0.09090909090909091	0.09090909090909091	0.09090909090909091	0.0	0.0	0.0	0.09090909090909091	0.0	0.09090909090909091	0.0	0.0	0.0	0.0	0.0	0.0	0.06818181818181818	0.06818181818181818	0.0	0.0	4
Shigella_sonnei	0	0	0	0	0	0	0	0	0	0	0	0	0	0	0	0	0	0	0	0	0	0	0	0	0	0	0	0	0	0	0	0	0	0	0	0	0	0	0	0	0
Simian_virus_12	0	0	0	0	0	0	0	0	0	0	0	0	0	0	0	0	0	0	0	0	0	0	0	0	0	0	0	0	0	0	0	0	0	0	0	0	0	0	0	0	0
Staphylococcus_aureus	0	0	0	0	0	0	0	0	0	0	0.16666666666666666	0	0	0	0	0	0	0	0	0.5	0.025252525252525252	0.022727272727272728	0.0025252525252525255	0.0	0.0025252525252525255	0.03535353535353535	0.0	0.025252525252525252	0.0025252525252525255	0.022727272727272728	0.0025252525252525255	0.0025252525252525255	0.020202020202020204	0.022727272727272728	0.010101010101010102	0.020202020202020204	0.007575757575757575	0.0	0.0	0.01515151515151515	36
Staphylococcus_aureus_subsp._aureus_NCTC_8325	0	0	0	0	0	0	0	0	0	0	0	0	0	0	0	0	0	0	0	0	0.0	0.0	0.0	0.0	0.0	0.0	0.0	0.0	0.0	0.0	0.0	0.0	0.0	0.0	0.0	0.0	0.0	0.0	0.0	0.0	100
Staphylococcus_cohnii	0	0	0	0	0	0	0	0	0	0	0	0	0	0	0	0	0	0	0	0	0	0	0	0	0	0	0	0	0	0	0	0	0	0	0	0	0	0	0	0	0
Staphylococcus_epidermidis	0	0	0	0	0	0	1.0	0	0	0	0	0	0	0	0.3333333333333333	0	0	0	0	0	0.003952569169960474	0.0	0.0	0.003952569169960474	0.007905138339920948	0.0	0.007905138339920948	0.0	0.003952569169960474	0.0	0.003952569169960474	0.003952569169960474	0.011857707509881422	0.003952569169960474	0.019762845849802372	0.0	0.007905138339920948	0.015810276679841896	0.003952569169960474	0.0	23
Staphylococcus_equorum	0.4	0	0	0.7142857142857143	0	0	0	0	0	0.13333333333333333	0	0	0	0	0	0	0	0	0	0	0.0202020202020202	0.0033670033670033673	0.0	0.016835016835016835	0.0	0.0	0.0	0.0	0.0	0.0033670033670033673	0.0	0.0	0.0	0.0016835016835016836	0.0	0.0	0.00505050505050505	0.0	0.0	0.0	54
Staphylococcus_hominis	0	0	0	0	0	0	0	0	0	0	0	0	0	0	0	0	0	0	0	0	0.0	0.09090909090909091	0.0	0.0	0.0	0.0	0.0	0.0	0.0	0.0	0.0	0.0	0.0	0.0	0.0	0.0	0.09090909090909091	0.0	0.0	0.0	1
Staphylococcus_nepalensis	0	0	0	0	0	0	0	0	0	0	0	0	0	0	0	0	0	0	0	0	0.0	0.0	0.0	0.0	0.0	0.0	0.0	0.0	0.0	0.0	0.0	0.0	0.0	0.0	0.0	0.0	0.0	0.0	0.0	0.0	4
Staphylococcus_saprophyticus	0	0	0	0	0	0	0	0	0	0	0	0	0	0	0	0	0	0	0	0	0.0	0.0	0.0	0.0	0.0	0.0	0.0	0.0	0.0	0.0	0.0	0.0	0.0	0.0	0.0	0.0	0.0	0.0	0.0	0.0	2
Staphylococcus_simulans	0	0	0	0	0	0	0	0	0	0	0	0	0	0	0	0	0	0	0	0	0	0	0	0	0	0	0	0	0	0	0	0	0	0	0	0	0	0	0	0	0
Staphylococcus_succinus	0	0	0	0	0	0	0.5	0	0	0	0	0	0.3333333333333333	0	0	0	0	0	0	0	0.0	0.0	0.0	0.0	0.0	0.0	0.012987012987012988	0.01948051948051948	0.012987012987012988	0.0	0.0	0.0	0.006493506493506494	0.0	0.0	0.0	0.012987012987012988	0.0	0.006493506493506494	0.012987012987012988	14
Streptococcus_agalactiae	0	0	0	0	0	0	0	0	0	0	0	0	0	0	0	0	0	0	0	0	0	0	0	0	0	0	0	0	0	0	0	0	0	0	0	0	0	0	0	0	0
Streptococcus_anginosus	0	0	0	0	0	0	0	0	0	0	0	0	0	0	0	0	0	0	0	0	0	0	0	0	0	0	0	0	0	0	0	0	0	0	0	0	0	0	0	0	0
Streptococcus_canis	0	0	0	0	0	0	0	0	0	0	0	0	0	0	0	0	0	0	0	0	0	0	0	0	0	0	0	0	0	0	0	0	0	0	0	0	0	0	0	0	0
Streptococcus_cristatus	0	0	0	0	0	0	0	0	0	0	0	0	0	0	0	0	0	0	0	0	0	0	0	0	0	0	0	0	0	0	0	0	0	0	0	0	0	0	0	0	0
Streptococcus_cristatus_AS_1.3089	0	0	0	0	0	0	0	0	0	0	0	0	0	0	0	0	0	0	0	0	0.0	0.0909090909090909	0.0	0.0	0.0	0.0	0.0	0.0	0.0	0.0	0.0	0.0	0.07575757575757576	0.0	0.0	0.0	0.0	0.0	0.015151515151515152	0.0	6
Streptococcus_cristatus_ATCC_51100	0	0	0	0	0	0	0	0	0	0	0	0	0	0	0	0	0	0	0	0	0.0	0.0	0.0	0.09090909090909091	0.0	0.09090909090909091	0.0	0.0	0.09090909090909091	0.0	0.0	0.09090909090909091	0.0	0.0	0.0	0.0	0.0	0.0	0.0	0.0	1
Streptococcus_dysgalactiae	0	0	0	0	0	0	0	0	0	0	0	0	0	0	0	0	0	0	0	0	0	0	0	0	0	0	0	0	0	0	0	0	0	0	0	0	0	0	0	0	0
Streptococcus_equi	0	0	0	0	0	0	0	0	0	0	0	0	0	0	0	0	0	0	0	1.0	0.0	0.0	0.09090909090909091	0.0	0.0	0.09090909090909091	0.0	0.0	0.0	0.0	0.0	0.0	0.0	0.0	0.0	0.0	0.07272727272727272	0.09090909090909091	0.0	0.07272727272727272	5
Streptococcus_gallolyticus	0	0	0	0	0	0	0	0	0	0	0	0	0	0	0	0	0	1.0	0	0	0.0	0.0	0.0	0.0	0.0	0.0	0.0	0.0	0.0	0.0	0.045454545454545456	0.0	0.0	0.0	0.0	0.0	0.0	0.045454545454545456	0.0	0.0	2
Streptococcus_gallolyticus_UCN34	0	0	0	0	0	0	0	0	0	0	0	0	0	0	0	0	0	0	0	0	0.0	0.0	0.0	0.0	0.0	0.0	0.0	0.0	0.0	0.0	0.0	0.0	0.0	0.0	0.0	0.0	0.0	0.05454545454545454	0.0	0.0	5
Streptococcus_gordonii	0	0	0	0	0	0	0	0	0	0	0	0	0	0	0	0	0	0	0	0	0	0	0	0	0	0	0	0	0	0	0	0	0	0	0	0	0	0	0	0	0
Streptococcus_gordonii_str._Challis_substr._CH1	0	0	0	0	0	0	0	0	0	0	0	0	0	0	0	0	0	0	0	0	0	0	0	0	0	0	0	0	0	0	0	0	0	0	0	0	0	0	0	0	0
Streptococcus_intermedius	0	0	0	0	0	0	0	0	0	0	0	0	0	0	0	0	0	0	0	0	0	0	0	0	0	0	0	0	0	0	0	0	0	0	0	0	0	0	0	0	0
Streptococcus_lutetiensis	0	0	0	0	0	0	0	0	0	0	0	0	0	0	0	0	0	0	0	0	0	0	0	0	0	0	0	0	0	0	0	0	0	0	0	0	0	0	0	0	0
Streptococcus_milleri	0	0	0	0	0	0	0	0	0	0	0.5	0	0	0	0	0	0	0	0	0	0.0	0.0	0.0	0.0	0.0	0.0	0.0	0.0	0.0	0.09090909090909091	0.045454545454545456	0.0	0.0	0.0	0.0	0.0	0.045454545454545456	0.0	0.0	0.0	2
Streptococcus_mitis	0	0	0	0	0	0	0	0	1.0	0	0	0	0	0	0	0	0	0	0	0	0.0	0.06060606060606061	0.0	0.0	0.06060606060606061	0.0	0.0	0.0	0.06060606060606061	0.0	0.0	0.0	0.0	0.0	0.0	0.0	0.0	0.0	0.0	0.0	3
Streptococcus_mitis_B6	0	0	0	0	0	0	0	0	0	0	0	0	0	0	0	0	0	0	0	0	0.0	0.09090909090909091	0.0	0.0	0.0	0.0	0.0	0.0	0.09090909090909091	0.0	0.0	0.0	0.0	0.0	0.0	0.0	0.0	0.0	0.0	0.0	1
Streptococcus_mutans	0	0	0	0	0	0	0	0	0	0	0	0	0	0	0	0	0	0	0	0	0.09090909090909091	0.09090909090909091	0.0	0.0	0.0	0.0	0.0	0.0	0.0	0.0	0.0	0.0	0.0	0.0	0.09090909090909091	0.0	0.0	0.0	0.0	0.0	1
Streptococcus_mutans_UA159	0	0	0	0	0	0	0	0	0	0	0	0	0	0	0	0	0	0	0	0	0.0	0.0	0.0	0.0	0.0	0.0	0.0	0.0	0.0	0.0	0.0	0.0	0.0	0.0	0.0	0.0	0.0	0.0	0.0	0.0	6
Streptococcus_oralis	0	0	0	0	0	0	0	0	0	0	0	0	0	0	0	0	0	0	0	0	0.09090909090909091	0.0	0.0	0.09090909090909091	0.0	0.0	0.0	0.0	0.0	0.0	0.0	0.0	0.0	0.0	0.0	0.0	0.0	0.0	0.0	0.0	1
Streptococcus_oralis_ATCC_35037	0	0	0	0	0	0	0	0	0	0	0	0	0	0	0	0	0	0	0	0	0.0	0.09090909090909091	0.0	0.09090909090909091	0.09090909090909091	0.0	0.0	0.0	0.0	0.0	0.0	0.09090909090909091	0.0	0.0	0.09090909090909091	0.0	0.0	0.0	0.0	0.0	1
Streptococcus_oralis_subsp._tigurinus	0	0	0	0	0	0	0	0	0	0	0	0	0	0	0	0	0	0	0	0	0.0	0.0	0.0	0.0	0.0	0.0	0.0	0.0	0.0	0.0	0.0	0.0	0.06818181818181818	0.022727272727272728	0.0	0.0	0.06818181818181818	0.0	0.0	0.06818181818181818	4
Streptococcus_parauberis	0	0	0	0	0	0	0	0	0	0	0	0	0	0	0	0	0	0	0	0	0	0	0	0	0	0	0	0	0	0	0	0	0	0	0	0	0	0	0	0	0
Streptococcus_parauberis_NCFD_2020	0	0	0	0	0	0	0	0	0	0	0.3333333333333333	0.5	0	0	0	0	0	0	0.5	0	0.0	0.06060606060606061	0.0	0.030303030303030304	0.0	0.0	0.0	0.0	0.0	0.0	0.030303030303030304	0.030303030303030304	0.0	0.0	0.030303030303030304	0.0	0.0	0.030303030303030304	0.030303030303030304	0.030303030303030304	3
Streptococcus_pneumoniae	0	0	0	0	0	0	0	1.0	0	0.3333333333333333	0	0	0	0	0	0	0	0	0	0	0.0	0.0	0.0	0.0	0.0	0.0	0.0	0.01818181818181818	0.0	0.01818181818181818	0.03636363636363636	0.0	0.0	0.0	0.03636363636363636	0.0	0.0	0.0	0.0	0.03636363636363636	5
Streptococcus_pneumoniae_CGSP14	0	0	0	0	0	0	0	0	0	0	0	0	0	0	0	0	0	1.0	0	0	0.0	0.0	0.0	0.0	0.0	0.0	0.0	0.0	0.0	0.0	0.030303030303030304	0.06060606060606061	0.0	0.0	0.030303030303030304	0.0	0.0	0.030303030303030304	0.0	0.030303030303030304	3
Streptococcus_pyogenes	0	0	0	0	0	0	0	0	0	0	0	0	0	0	0	0	0	0	0	0	0.0	0.0	0.0	0.0	0.0	0.0	0.0	0.0	0.0	0.0	0.0	0.0	0.09090909090909091	0.0	0.0	0.0	0.0	0.0	0.0	0.09090909090909091	1
Streptococcus_salivarius	0	0	0	0	0	0	1.0	0	0	0	0	0	1.0	0	0	0	0	0	0	0	0.0	0.0	0.0	0.0	0.0	0.07792207792207792	0.012987012987012988	0.07792207792207792	0.0	0.012987012987012988	0.012987012987012988	0.0	0.07792207792207792	0.0	0.0	0.0	0.0	0.0	0.06493506493506493	0.0	7
Streptococcus_sanguinis	1.0	0	0	0	0	0	0	0	0	0	0	0	0	0	0	0	0	0	0	0	0.09090909090909091	0.0	0.0	0.0	0.09090909090909091	0.0	0.0	0.0	0.0	0.0	0.09090909090909091	0.0	0.0	0.0	0.0	0.0	0.0	0.0	0.0	0.0	1
Streptococcus_sanguinis_SK36	0	0	0	0	0	0	0	0	0	0	0	0.5	0	0	0	1.0	0	0	0	0	0.0	0.0	0.0	0.0	0.0	0.0	0.0	0.0	0.09090909090909091	0.0	0.045454545454545456	0.045454545454545456	0.045454545454545456	0.045454545454545456	0.0	0.045454545454545456	0.0	0.0	0.0	0.0	2
Streptococcus_sp._HSISM1	0	0	0	0	0	0	0	0	0	0	0	0	0	0	0	0	0	0	0	0	0	0	0	0	0	0	0	0	0	0	0	0	0	0	0	0	0	0	0	0	0
Streptococcus_suis	0.1	0	0	0.42424242424242425	0	0	0.018518518518518517	0	0.018518518518518517	0	0	0	0	0	0	0	0	0	1.0	0	0.0065717415115005475	0.002190580503833516	0.017524644030668127	0.01533406352683461	0.0	0.001095290251916758	0.0032858707557502738	0.002190580503833516	0.001095290251916758	0.0	0.001095290251916758	0.002190580503833516	0.04819277108433735	0.001095290251916758	0.013143483023001095	0.050383351588170866	0.0	0.007667031763417305	0.002190580503833516	0.002190580503833516	83
Streptococcus_suis_ST3	0	0	0	0	0	0	0	0	1.0	0	0	0	0	0	0	0	0	0	0	0	0.0	0.0	0.0	0.0	0.0	0.0	0.0	0.0	0.09090909090909091	0.0	0.0	0.0	0.0	0.0	0.0	0.0	0.0	0.0	0.0	0.0	1
Streptococcus_thermophilus	0	0	0	0	0	0	0	0	0	0	0	0	0	0	0	0	0	0	0	0	0	0	0	0	0	0	0	0	0	0	0	0	0	0	0	0	0	0	0	0	0
Streptococcus_thermophilus_1F8CT	0	0	0	0	0	0	0	0	0	0.5	0	0	0	0	0	0	0	0	0	0	0.0	0.0	0.0	0.0	0.0	0.0	0.0	0.0	0.0	0.045454545454545456	0.0	0.0	0.0	0.0	0.0	0.0	0.045454545454545456	0.0	0.0	0.0	2
Streptococcus_thermophilus_ND03	0	0	1.0	0	0	0	0	0	0	0	0	0	0	0	0	0	0	0	0	0	0.0	0.09090909090909091	0.09090909090909091	0.0	0.0	0.0	0.0	0.09090909090909091	0.0	0.0	0.0	0.0	0.0	0.0	0.0	0.0	0.0	0.01818181818181818	0.0	0.0	5
Tannerella_forsythia	0	0	0	0	0	0	0	0	0	0	0	0	0	0	0	0	0	0	0	0	0	0	0	0	0	0	0	0	0	0	0	0	0	0	0	0	0	0	0	0	0
Tannerella_forsythia_92A2	0	0	0	0	0	0	0	0	0	0	0	0	0	0	0	0	0	0	0	0	0.0	0.0	0.0	0.09090909090909091	0.0	0.0	0.0	0.0	0.0	0.0	0.0	0.0	0.0	0.0	0.0	0.0	0.0	0.0	0.0	0.0	1
Tannerella_forsythia_KS16	0	0	0	0	0	1.0	0	0	0	0	0	0	0	0	0	0	0	0	0	0	0.0	0.0	0.0	0.0	0.0	0.030303030303030304	0.0	0.0	0.06060606060606061	0.0	0.0	0.0	0.030303030303030304	0.0	0.0	0.0	0.0	0.0	0.030303030303030304	0.0	3
Treponema	0	0	0	0	0	0	0	0	0	0	0	0	0	0	0	0	0	0	0	0	0.0	0.0	0.045454545454545456	0.022727272727272728	0.0	0.0	0.0	0.0	0.0	0.0	0.0	0.022727272727272728	0.0	0.022727272727272728	0.06818181818181818	0.0	0.022727272727272728	0.0	0.0	0.0	4
Treponema_azotonutricium_ZAS-9	0	0	0	0	0	0	0	0	0	0	0	0	0	0	0	0	0	0	0	0	0.0	0.0	0.09090909090909091	0.0	0.0	0.0	0.0	0.0	0.0	0.0	0.0	0.0	0.0	0.0	0.0	0.0	0.0	0.0	0.0	0.0	1
Treponema_brennaborense_DSM_12168	0	0	0	0	0	0	0	0	0	0	0	0	0	0	0	0	0	0	0	0	0.0	0.09090909090909091	0.0	0.0	0.0	0.0	0.0	0.09090909090909091	0.0	0.0	0.0	0.0	0.09090909090909091	0.0	0.0	0.0	0.09090909090909091	0.0	0.0	0.0	1
Treponema_denticola	0	0	0	0	0	0	0	0	0	0	0	0	0	0	0	0	0	0	0	0	0	0	0	0	0	0	0	0	0	0	0	0	0	0	0	0	0	0	0	0	0
Treponema_denticola_ATCC_35405	0	0	0	0	0	0	0	0	0	0	0	0	0	0	0	0	0	0	0	0	0	0	0	0	0	0	0	0	0	0	0	0	0	0	0	0	0	0	0	0	0
Treponema_pallidum	0	0	0	0	0	0	0	0	0	0	0	0	0	0	0	0	0	0	0	0	0	0	0	0	0	0	0	0	0	0	0	0	0	0	0	0	0	0	0	0	0
Treponema_pallidum_subsp._pallidum	0	0	0	0	0	0	0	0	0	0	0	0	0	0	0	0	0	0	0	0	0	0	0	0	0	0	0	0	0	0	0	0	0	0	0	0	0	0	0	0	0
Treponema_pallidum_subsp._pertenue	0	0	0	0	0	0	0	0	0	0	0	0	0	0	0	0	0	0	0	0	0	0	0	0	0	0	0	0	0	0	0	0	0	0	0	0	0	0	0	0	0
Treponema_parvum	0	0	0	0	0	0	0	0	0	0	1.0	0	0	0	0	1.0	0	0	0	0	0.0	0.0	0.015151515151515152	0.0	0.0	0.0	0.0	0.0	0.015151515151515152	0.0	0.015151515151515152	0.015151515151515152	0.015151515151515152	0.0	0.06060606060606061	0.06060606060606061	0.0	0.0	0.0	0.0	6
Treponema_phagedenis	0	0	0.8571428571428571	0	0	0	0	0	0	0	0	0	0	0	0	0	0	0	0	0	0.06493506493506494	0.0	0.06233766233766233	0.06753246753246754	0.005194805194805195	0.005194805194805195	0.0	0.005194805194805195	0.005194805194805195	0.06233766233766233	0.0	0.0	0.007792207792207791	0.0	0.0025974025974025974	0.01038961038961039	0.0	0.012987012987012986	0.0	0.0	35
Treponema_ruminis	0	0	0	0	0	0	0	0	0	0	0	0	0	0	0	0	0	0	0	0	0.0	0.0	0.06818181818181818	0.0	0.0	0.06818181818181818	0.0	0.09090909090909091	0.0	0.0	0.0	0.0	0.0	0.022727272727272728	0.06818181818181818	0.0	0.022727272727272728	0.06818181818181818	0.0	0.0	4
Treponema_sp._OMZ_838	0	0	0	0	0	0	0	0	0	0	0	0	0	0	0	0	0	0	1.0	0	0.0	0.0	0.0	0.0	0.0	0.0	0.0	0.0	0.0	0.045454545454545456	0.045454545454545456	0.0	0.0	0.0	0.0	0.0	0.0	0.0	0.045454545454545456	0.0	2
Treponema_succinifaciens_DSM_2489	0	0	0	0	0.2	0	0	0.4	0	0	0	0	0.2	0	0	0.25	0	0	0	0.6666666666666666	0.007575757575757576	0.022727272727272724	0.0	0.007575757575757576	0.03787878787878788	0.030303030303030304	0.022727272727272724	0.022727272727272724	0.0	0.0	0.0	0.015151515151515152	0.022727272727272724	0.015151515151515152	0.015151515151515152	0.015151515151515152	0.007575757575757576	0.0	0.007575757575757576	0.015151515151515152	12
Treponema_vincentii	0	0	0	0	0	0	0	0	0	0	0	0	0	0	0	0	0	0	0	0	0.0	0.03636363636363636	0.0	0.0	0.03636363636363636	0.0	0.01818181818181818	0.0	0.0	0.03636363636363636	0.0	0.0	0.0	0.0	0.0	0.0	0.01818181818181818	0.0	0.0	0.0	5
Veillonella_parvula	0	0	0	0	0	0	0	0	0	0	0	0	0	0	0	0	0	0	0	0	0	0	0	0	0	0	0	0	0	0	0	0	0	0	0	0	0	0	0	0	0
Veillonella_parvula_HSIVP1	0	0	0	0	0	0	0	0	0	0	0	0	0	0	0	0	0	0	0	0	0.0	0.0	0.0	0.0	0.0	0.0	0.0	0.0	0.0	0.0	0.0	0.0	0.0	0.0	0.0	0.0	0.0	0.0	0.0	0.0	1
Vesicular_stomatitis_Indiana_virus	0	0	0	0	0	0	0	0	0	0	0	0	0	0	0	0	0	0	0	0	0	0	0	0	0	0	0	0	0	0	0	0	0	0	0	0	0	0	0	0	0
Vibrio_anguillarum	0	0	0	0	0	0	0	0	0	0	0	0	0	0	0	0	0	0	0	0	0.0	0.0	0.0	0.0	0.0	0.0	0.0	0.0	0.0	0.0	0.0	0.0	0.0	0.0	0.0	0.0	0.0	0.09090909090909091	0.0	0.0	1
Vibrio_cholerae	1.0	0	0	0	0	0	0	0	0	0	0	0	0	0	0	0	0	0	0	0	0.06060606060606061	0.04545454545454545	0.0	0.0	0.04545454545454545	0.06060606060606061	0.030303030303030304	0.0	0.015151515151515152	0.04545454545454545	0.0	0.030303030303030304	0.0	0.015151515151515152	0.0	0.0	0.0	0.0	0.015151515151515152	0.0	6
Vibrio_cholerae_O1_biovar_El_Tor	0	0	0	0	0	0	0	0	0	0	0	0	0	0	0	0	0	0	0	0	0.0	0.0	0.0	0.0	0.09090909090909091	0.0	0.0	0.0	0.0	0.0	0.0	0.0	0.0	0.0	0.0	0.0	0.0	0.0	0.0	0.09090909090909091	1
Vibrio_furnissii	0	0	0	0.6666666666666666	0	0	0	0	0	0	0	0	1.0	0	0	0	0	0	0	0	0.0	0.030303030303030304	0.0	0.015151515151515152	0.0	0.0	0.007575757575757576	0.0	0.0	0.0	0.007575757575757576	0.0	0.030303030303030304	0.015151515151515152	0.0	0.015151515151515152	0.0	0.030303030303030304	0.04545454545454545	0.03787878787878788	12
Vibrio_furnissii_NCTC_11218	0	0	0	0	0	0	0	0	0	0	0	0	0	0	0	0	0	0	0	0	0.0	0.0	0.0	0.09090909090909091	0.0	0.0	0.0	0.0	0.0	0.0	0.0	0.0	0.0	0.0	0.0	0.0	0.0	0.01818181818181818	0.0	0.0	5
Vibrio_parahaemolyticus	0	0	0	0	0	0	0	0	0	0	0	0	0	0	0.8	0	0	0	0	0	0.0	0.045454545454545456	0.022727272727272728	0.0	0.0	0.022727272727272728	0.045454545454545456	0.0	0.0	0.022727272727272728	0.022727272727272728	0.022727272727272728	0.011363636363636364	0.011363636363636364	0.07954545454545454	0.011363636363636364	0.011363636363636364	0.045454545454545456	0.0	0.0	8
Vibrio_splendidus	0	0	0	0	0	0	0	0	0	0	0	0	0	0	0	0	0	0	0	0	0	0	0	0	0	0	0	0	0	0	0	0	0	0	0	0	0	0	0	0	0
Vibrio_vulnificus	0	0.5	0	0	0	0	0	0	0	0	0	0	0	0	0	0	0	0	0	0	0.01748251748251748	0.04195804195804195	0.0034965034965034965	0.0034965034965034965	0.0034965034965034965	0.013986013986013986	0.006993006993006993	0.0034965034965034965	0.010489510489510488	0.006993006993006993	0.006993006993006993	0.0	0.013986013986013986	0.013986013986013986	0.0	0.03496503496503496	0.0034965034965034965	0.0	0.010489510489510488	0.006993006993006993	26
Vibrio_vulnificus_Env1	0	0	0	0	0	0	0	0	0	0	0	0	0	0	0	0	0	0	0	1.0	0.09090909090909091	0.0	0.0	0.0	0.0	0.0	0.0	0.0	0.0	0.0	0.0	0.0	0.0	0.0	0.0	0.0	0.0	0.06818181818181818	0.0	0.022727272727272728	4
Vibrio_vulnificus_NBRC_15645_=_ATCC_27562	0	0	0	0	0	0	0	0	0	0	0	0	0	0	0	0	0	0	0	0	0.0	0.09090909090909091	0.0	0.0	0.09090909090909091	0.0	0.0	0.0	0.0	0.0	0.0	0.0	0.0	0.0	0.0	0.0	0.09090909090909091	0.0	0.0	0.0	1
Vibrio_vulnificus_YJ016	0	0	0	0	0	0	0	0	0	0	0	0	0	0.8333333333333334	0	0	1.0	0	0	0	0.0	0.056818181818181816	0.0	0.0	0.03409090909090909	0.0	0.0	0.022727272727272728	0.0	0.0	0.022727272727272728	0.0	0.0	0.056818181818181816	0.011363636363636364	0.011363636363636364	0.022727272727272728	0.0	0.0	0.0	8
Yersinia_aldovae	0	0	0	0	0	0	0	0	0	0	0	0	0	0	0	0	0	0	0	0	0	0	0	0	0	0	0	0	0	0	0	0	0	0	0	0	0	0	0	0	0
Yersinia_aldovae_670-83	0	0	0	0	0	0	0	0	0	0	0	0	0	0	0	0	0	0	0	0	0.0	0.0	0.0	0.0	0.0	0.0	0.0	0.0	0.0	0.0	0.0	0.0	0.0	0.0	0.0	0.0	0.0	0.0	0.0	0.0	1
Yersinia_aleksiciae	0	0	0	0	0	0	0	0	0	0	0	0	0	0	0	0	0	0	0	0	0.0	0.09090909090909091	0.0	0.0	0.0	0.0	0.0	0.0	0.0	0.0	0.0	0.0	0.0	0.0	0.0	0.0	0.0	0.0	0.09090909090909091	0.0	1
Yersinia_enterocolitica	0	0	0	0	0	0	0	0	0	0	0.25	0	0	0	0	0	0	0	0	0	0.045454545454545456	0.0	0.0	0.0	0.0	0.0	0.0	0.0	0.0	0.0	0.056818181818181816	0.011363636363636364	0.0	0.045454545454545456	0.011363636363636364	0.0	0.0	0.0	0.0	0.045454545454545456	8
Yersinia_intermedia	0	0	0	0	0	0	0	0	0	0	0	0	0	0	0	0	0	0	0	0	0	0	0	0	0	0	0	0	0	0	0	0	0	0	0	0	0	0	0	0	0
Yersinia_pestis	0	0	0	0	0	0	0	0	0	0	0	0	0	0	0	0	0	0	0	0	0	0	0	0	0	0	0	0	0	0	0	0	0	0	0	0	0	0	0	0	0
Yersinia_pestis_8787	0	0	0	0	0	0	0	0	0	0	0	0	0	0	0	0	0	0	0	0	0.0	0.0	0.09090909090909091	0.0	0.0	0.0	0.0	0.0	0.09090909090909091	0.0	0.0	0.0	0.0	0.0	0.09090909090909091	0.0	0.0	0.0	0.0	0.0	1
Yersinia_pestis_CO92	0	0	0	0	0	0	0	0	0	0	0	0	0	0	0	0	0	0	0	0	0	0	0	0	0	0	0	0	0	0	0	0	0	0	0	0	0	0	0	0	0
Yersinia_pestis_EV_NIIEG	0	0	0	0	0	1.0	0	0	0	0	0	0	0	0	0	1.0	0	0	0	0	0.0	0.0	0.045454545454545456	0.0	0.0	0.045454545454545456	0.0	0.0	0.0	0.0	0.0	0.0	0.0	0.045454545454545456	0.0	0.045454545454545456	0.0	0.0	0.0	0.045454545454545456	2
Yersinia_pseudotuberculosis	0	0	0	0	0	0	0	0	0	0	0	0	0	0	0	0	0	0	0	0	0	0	0	0	0	0	0	0	0	0	0	0	0	0	0	0	0	0	0	0	0
Yersinia_pseudotuberculosis_complex	0	0	0	0	0	0	0	0	0	0	0	0	0	0	0.8571428571428571	0	0	0	0	0	0.0	0.0	0.0	0.09090909090909091	0.0	0.0	0.0	0.0	0.0	0.0	0.0	0.012987012987012988	0.0	0.0	0.07792207792207792	0.0	0.012987012987012988	0.0	0.012987012987012988	0.012987012987012988	7
Yersinia_rohdei	0	0	0	0	0	0	0	0	0	0	0	0	0	0	0	0	0	0	0	0	0	0	0	0	0	0	0	0	0	0	0	0	0	0	0	0	0	0	0	0	0
Yersinia_ruckeri	0	0	0	0	0	0	0	0	0	0	0	0	0	0	0	0	0	0	0	0	0	0	0	0	0	0	0	0	0	0	0	0	0	0	0	0	0	0	0	0	0
