Node	C>T_1	C>T_2	C>T_3	C>T_4	C>T_5	C>T_6	C>T_7	C>T_8	C>T_9	C>T_10	G>A_11	G>A_12	G>A_13	G>A_14	G>A_15	G>A_16	G>A_17	G>A_18	G>A_19	G>A_20	D>V(11Substitution)_1	D>V(11Substitution)_2	D>V(11Substitution)_3	D>V(11Substitution)_4	D>V(11Substitution)_5	D>V(11Substitution)_6	D>V(11Substitution)_7	D>V(11Substitution)_8	D>V(11Substitution)_9	D>V(11Substitution)_10	H>B(11Substitution)_11	H>B(11Substitution)_12	H>B(11Substitution)_13	H>B(11Substitution)_14	H>B(11Substitution)_15	H>B(11Substitution)_16	H>B(11Substitution)_17	H>B(11Substitution)_18	H>B(11Substitution)_19	H>B(11Substitution)_20	considered_Matches
Actinobacillus_equuli	0	0	0	0	0	0	0	0	0	0	0	0	0	0	0	0	0	0	0	0	0.0	0.0	0.0	0.0	0.0	0.0	0.0	0.09090909090909091	0.0	0.0	0.09090909090909091	0.0	0.0	0.0	0.09090909090909091	0.0	0.0	0.0	0.0	0.09090909090909091	1
Actinobacillus_pleuropneumoniae	0	0	0	0	0	0	0	0	0	0	0	0	0	0.21428571428571427	0	0	0	0	0	0	0.0	0.0	0.0	0.0	0.0	0.0	0.005681818181818182	0.005681818181818182	0.011363636363636364	0.005681818181818182	0.0	0.005681818181818182	0.0	0.017045454545454544	0.005681818181818182	0.0	0.0	0.045454545454545456	0.0	0.0	16
Actinobacillus_pleuropneumoniae_serovar_4_str._M62	0	0	0	0	0	0	0	0	0	0	0	0	0	0	0	0	0	0	0	0	0.0	0.0	0.0	0.0	0.0	0.0	0.0	0.0	0.0	0.0	0.0	0.0	0.0	0.022727272727272728	0.0	0.0	0.0	0.0	0.0	0.0	4
Actinobacillus_pleuropneumoniae_serovar_6_str._Femo	1.0	0	0	0	0	0	0	0	0	0	0	0	0	0	0	0	0	0	0	0	0.09090909090909091	0.09090909090909091	0.0	0.0	0.0	0.0	0.0	0.0	0.0	0.0	0.045454545454545456	0.0	0.045454545454545456	0.0	0.0	0.045454545454545456	0.045454545454545456	0.0	0.0	0.0	2
Actinobacillus_pleuropneumoniae_serovar_9_str._CVJ13261	0	0	0	0	0	0	0	0	0	0	0	0	0	0	0	0	0	0	0	0	0.0	0.0	0.09090909090909091	0.0	0.0	0.0	0.0	0.0	0.0	0.0	0.0	0.0	0.0	0.045454545454545456	0.0	0.0	0.0	0.0	0.0	0.0	2
African_swine_fever_virus	0	0	0	0	0	0	0	0	0	0	0	0	0	0	0	0	0	0	0	0	0	0	0	0	0	0	0	0	0	0	0	0	0	0	0	0	0	0	0	0	0
Aphthovirus	0	0	0	0	0	0	0	0	0	0	0	0	0	0	0	0	0	0	0	0	0	0	0	0	0	0	0	0	0	0	0	0	0	0	0	0	0	0	0	0	0
Arcanobacterium_haemolyticum	0	0	0	0	0	0	0	0	0	0	0	0	0	0	0	0	0	0	0	0	0.0	0.0	0.0	0.0	0.0	0.0	0.0	0.0	0.0	0.0	0.0	0.0	0.0	0.0	0.0	0.0	0.0	0.0	0.0	0.0	1
Aspergillus_fumigatus	0	0	0	0	0	0	0	0	0	0	0	0	0	0	0	0	0	0	0	0	0	0	0	0	0	0	0	0	0	0	0	0	0	0	0	0	0	0	0	0	0
Bartonella_bacilliformis	0	0	0	0	0	0	0	0	0	0	0	0	0	0	0	0	0	0	0	0	0	0	0	0	0	0	0	0	0	0	0	0	0	0	0	0	0	0	0	0	0
Bartonella_henselae	0	0	0	0	0	0	0	0	0	0	0	0	0	0	0	0	0	0	0	0	0	0	0	0	0	0	0	0	0	0	0	0	0	0	0	0	0	0	0	0	0
Bartonella_quintana	0	0	0	0	0	0	0	0	0	0	0	0	0	0	0	0	0	0	0	0	0	0	0	0	0	0	0	0	0	0	0	0	0	0	0	0	0	0	0	0	0
Blastomyces_dermatitidis	0	0	0	0	0	0	0	0	0	0	0	0	0	0	0	0	0	0	0	0	0	0	0	0	0	0	0	0	0	0	0	0	0	0	0	0	0	0	0	0	0
Bordetella_bronchialis	0.11764705882352941	0.05	0.13333333333333333	0	0	0	0.15384615384615385	0.2777777777777778	0	0	0	0	0.058823529411764705	0.05263157894736842	0.05	0	0	0.05263157894736842	0.16666666666666666	0.1875	0.01748251748251748	0.012237762237762238	0.00874125874125874	0.005244755244755244	0.0017482517482517483	0.010489510489510488	0.022727272727272728	0.024475524475524476	0.0017482517482517483	0.0034965034965034965	0.00874125874125874	0.00874125874125874	0.012237762237762238	0.00874125874125874	0.013986013986013986	0.019230769230769232	0.013986013986013986	0.010489510489510488	0.015734265734265736	0.012237762237762238	52
Bordetella_bronchiseptica	0	0.05263157894736842	0	0	0.2962962962962963	0	0	0	0.043478260869565216	0	0.05	0	0	0	0	0.038461538461538464	0	0	0	0.2857142857142857	0.03278688524590164	0.02384500745156483	0.010432190760059612	0.010432190760059612	0.02384500745156483	0.026825633383010434	0.011922503725782414	0.00894187779433681	0.005961251862891207	0.00894187779433681	0.004470938897168405	0.007451564828614009	0.019374068554396426	0.019374068554396426	0.028315946348733235	0.0029806259314456036	0.010432190760059612	0.01788375558867362	0.00894187779433681	0.020864381520119223	61
Bordetella_genomosp._13	0	0	0.07142857142857142	0.1	0.1	0	0	0	0	0.05555555555555555	0	0.09090909090909091	0	0.0625	0	0	0	0	0.14285714285714285	0	0.006818181818181818	0.015909090909090907	0.00909090909090909	0.00909090909090909	0.00909090909090909	0.006818181818181818	0.00909090909090909	0.011363636363636364	0.004545454545454545	0.004545454545454545	0.022727272727272728	0.015909090909090907	0.013636363636363636	0.013636363636363636	0.020454545454545454	0.013636363636363636	0.015909090909090907	0.006818181818181818	0.011363636363636364	0.013636363636363636	40
Bordetella_pertussis	0	0.4482758620689655	0	0	0	0	0	0	0	0	0	0	0.3404255319148936	0	0.14634146341463414	0	0	0	0	0	0.017595307917888565	0.019550342130987292	0.019224503095470837	0.0332355816226784	0.013359400456174649	0.02215705441511893	0.009123492994460736	0.0013033561420658195	9.775171065493646E-4	0.0	0.004887585532746823	0.0032583903551645487	0.017921146953405017	0.025415444770283478	0.020853698273053112	0.020202020202020204	0.020853698273053112	0.025415444770283478	0.016943629846855653	0.019224503095470837	279
Bordetella_pertussis_137	0	0	0	0	0	0	0	0	0	0	0	0	0	0	0	0	0	0	0	0	0.0	0.0	0.0	0.0909090909090909	0.0	0.0	0.0	0.0	0.0	0.0	0.0	0.07575757575757576	0.015151515151515152	0.0	0.07575757575757576	0.0	0.0	0.0	0.0	0.0	6
Bordetella_pertussis_18323	0	0	0	0	0	0	0	0	0	0	0	0	0	0	0	0	0	0	0	0	0.0	0.0	0.0	0.0	0.0	0.0	0.0	0.0	0.0	0.0	0.0	0.0	0.06951871657754011	0.021390374331550804	0.0	0.0	0.0	0.0	0.0641711229946524	0.0	17
Bordetella_petrii	0.3333333333333333	0.23333333333333334	0.2	0.09090909090909091	0.125	0	0	0	0	0.03571428571428571	0	0	0	0.05555555555555555	0	0	0.027777777777777776	0.041666666666666664	0	0.09523809523809523	0.017316017316017316	0.012987012987012986	0.007575757575757576	0.01406926406926407	0.01406926406926407	0.006493506493506493	0.0032467532467532465	0.005411255411255411	0.006493506493506493	0.008658008658008658	0.0021645021645021645	0.008658008658008658	0.006493506493506493	0.007575757575757576	0.007575757575757576	0.007575757575757576	0.008658008658008658	0.015151515151515152	0.007575757575757576	0.016233766233766232	84
Bordetella_trematum	0	0	0.1	0.08333333333333333	0	0	0.08333333333333333	0	0	0	0	0	0	0	0.09090909090909091	0	0	0	0.2	0	0.011363636363636362	0.01893939393939394	0.022727272727272724	0.007575757575757576	0.015151515151515152	0.003787878787878788	0.011363636363636362	0.015151515151515152	0.0	0.0	0.015151515151515152	0.003787878787878788	0.011363636363636362	0.01893939393939394	0.007575757575757576	0.003787878787878788	0.022727272727272724	0.003787878787878788	0.011363636363636362	0.003787878787878788	24
Borrelia_crocidurae	0	0	0	0	0	0	0	0	0	0	0	0	0	0	0	0	0	0	0	0	0	0	0	0	0	0	0	0	0	0	0	0	0	0	0	0	0	0	0	0	0
Borrelia_recurrentis	0	0	0	0	0	0	0	0	0	0	0	0	0	0	0	0	0	0	0	0	0	0	0	0	0	0	0	0	0	0	0	0	0	0	0	0	0	0	0	0	0
Borreliella_afzelii	0	0	0	0	0	0	0	0	0	0	0	0	0	0	0	0	0	0	0	0	0	0	0	0	0	0	0	0	0	0	0	0	0	0	0	0	0	0	0	0	0
Borreliella_burgdorferi	0	0	0	0	0	0	0	0	0	0	0	0	0	0	0	0	0	0	0	0	0	0	0	0	0	0	0	0	0	0	0	0	0	0	0	0	0	0	0	0	0
Borreliella_garinii	0	0	0	0	0	0	0	0	0	0	0	0	0	0	0	0	0	0	0	0	0	0	0	0	0	0	0	0	0	0	0	0	0	0	0	0	0	0	0	0	0
Bovine_rhinitis_A_virus	0	0	0	0	0	0	0	0	0	0	0	0	0	0	0	0	0	0	0	0	0	0	0	0	0	0	0	0	0	0	0	0	0	0	0	0	0	0	0	0	0
Brucella_abortus	0	0	0	0	0	0	0	0	0	0	0	0	0	0	0	0	0	0	0	0	0	0	0	0	0	0	0	0	0	0	0	0	0	0	0	0	0	0	0	0	0
Brucella_canis	0	0	0	0	0	0	0	0	0	0	0	0	0	0	0	0	0	0	0	0	0	0	0	0	0	0	0	0	0	0	0	0	0	0	0	0	0	0	0	0	0
Brucella_melitensis	0	0	0	0	0	0	0	0	0	0	0	0	0	0	0	0	0	0	0	0	0.09090909090909091	0.0	0.0	0.0	0.0	0.0	0.0	0.0	0.0	0.0	0.0	0.09090909090909091	0.0	0.0	0.0	0.0	0.0	0.09090909090909091	0.0	0.0	1
Brucella_microti	0	0	0	0	0	0	0	0	0	0	0	0	0	0	0	0	0	0	0	0	0	0	0	0	0	0	0	0	0	0	0	0	0	0	0	0	0	0	0	0	0
Brucella_ovis	0	0	0	0	0	0	0	0	0	0	0	0	0	0	0	0	0	0	0	0	0	0	0	0	0	0	0	0	0	0	0	0	0	0	0	0	0	0	0	0	0
Brucella_suis	0	0	0	0	0	0	0	0	0	0	0	0	0	0	0	0	0	0	0	0	0	0	0	0	0	0	0	0	0	0	0	0	0	0	0	0	0	0	0	0	0
Burkholderia_cepacia	0.06451612903225806	0	0.07692307692307693	0	0.1935483870967742	0	0	0.02564102564102564	0	0	0.03125	0	0	0	0	0.14893617021276595	0.3	0.09433962264150944	0.05	0.03225806451612903	0.009167303284950343	0.006111535523300229	0.012223071046600458	0.007639419404125286	0.0106951871657754	0.0022918258212375857	0.008403361344537815	0.009931245225362872	0.009167303284950343	0.013750954927425516	0.0106951871657754	0.0030557677616501145	0.007639419404125286	0.011459129106187928	0.012987012987012986	0.011459129106187928	0.02215431627196333	0.014514896867838044	0.006875477463712758	0.019862490450725745	119
Burkholderia_cepacia_ATCC_25416	0	0	0.0625	0	0.2033898305084746	0.10344827586206896	0.05405405405405406	0	0.1568627450980392	0	0	0	0.08771929824561403	0	0.1891891891891892	0	0	0.2631578947368421	0	0	0.012121212121212121	0.003636363636363636	0.004242424242424242	0.023636363636363636	0.016969696969696968	0.007272727272727272	0.004242424242424242	0.0024242424242424242	0.012121212121212121	0.006060606060606061	0.003636363636363636	0.013333333333333334	0.01575757575757576	0.00909090909090909	0.013939393939393939	0.0030303030303030303	0.012727272727272728	0.00909090909090909	0.005454545454545455	0.012727272727272728	150
Burkholderia_cepacia_JBK9	0.08333333333333333	0	0	0	0	0	0	0	0	0.08333333333333333	0	0	0.2222222222222222	0	0	0	0	0	0	0	0.007272727272727273	0.0	0.007272727272727273	0.0036363636363636364	0.014545454545454545	0.007272727272727273	0.01818181818181818	0.007272727272727273	0.0	0.010909090909090908	0.007272727272727273	0.007272727272727273	0.021818181818181816	0.01818181818181818	0.010909090909090908	0.010909090909090908	0.010909090909090908	0.007272727272727273	0.0036363636363636364	0.007272727272727273	25
Burkholderia_gladioli	0	0.20930232558139536	0.009523809523809525	0.032520325203252036	0.07563025210084033	0	0.015748031496062992	0.0078125	0	0	0	0	0	0.03787878787878788	0.05	0.017543859649122806	0	0.08421052631578947	0.006535947712418301	0.013513513513513514	0.018022793532997614	0.013782136231115823	0.008746355685131196	0.009541478929234033	0.02146832759077657	0.0060959448714550755	0.0068910681155579115	0.013782136231115823	0.011131725417439703	0.012456930824277762	0.005300821627352239	0.011396766498807316	0.0132520540683806	0.012191889742910151	0.00927643784786642	0.011661807580174927	0.013782136231115823	0.008216273522395972	0.008746355685131196	0.011926848661542538	343
Burkholderia_gladioli_BSR3	0.16666666666666666	0	0.07142857142857142	0	0	0.16	0.15384615384615385	0	0	0.10714285714285714	0	0	0	0	0.25	0.05555555555555555	0	0.038461538461538464	0	0	0.016666666666666666	0.021212121212121213	0.03181818181818182	0.012121212121212121	0.00909090909090909	0.00909090909090909	0.03333333333333333	0.010606060606060607	0.006060606060606061	0.00909090909090909	0.007575757575757575	0.007575757575757575	0.007575757575757575	0.00909090909090909	0.025757575757575757	0.012121212121212121	0.006060606060606061	0.013636363636363637	0.012121212121212121	0.016666666666666666	60
Burkholderia_gladioli_pv._gladioli	0.2682926829268293	0.0707070707070707	0.02857142857142857	0	0.16393442622950818	0.03571428571428571	0.012658227848101266	0	0.15384615384615385	0	0.06153846153846154	0.010752688172043012	0.04054054054054054	0	0	0	0	0	0.05434782608695652	0.03278688524590164	0.013955342902711323	0.013955342902711323	0.017942583732057416	0.014354066985645933	0.019138755980861243	0.006778309409888357	0.008373205741626795	0.012759170653907496	0.011164274322169059	0.006778309409888357	0.01076555023923445	0.011164274322169059	0.011164274322169059	0.009569377990430622	0.008373205741626795	0.011164274322169059	0.0027910685805422647	0.011164274322169059	0.01076555023923445	0.013157894736842105	228
Burkholderia_mallei	0	0	0	0	1.0	0	0	0	0	0	0	0	0	0	0	0	0	1.0	0	0.08333333333333333	0.0	0.0909090909090909	0.0	0.0	0.0909090909090909	0.0	0.0	0.0	0.0	0.0	0.0	0.0909090909090909	0.0	0.0	0.0	0.0	0.007575757575757576	0.08333333333333333	0.0	0.007575757575757576	12
Burkholderia_mallei_NCTC_10229	0	0	0	0	0	0	1.0	0	0	0	0	0	0	0	0	0	0	0	0	0	0.0	0.0	0.0	0.09090909090909091	0.0	0.0	0.09090909090909091	0.0	0.0	0.0	0.0	0.09090909090909091	0.09090909090909091	0.0	0.0	0.09090909090909091	0.0	0.0	0.0	0.0	1
Burkholderia_mallei_NCTC_10247	0	0	0	0	1.0	0	0	0	0	0	0	0	0	0	0	0	0	0	0	0	0.0	0.0	0.0	0.0	0.09090909090909091	0.0	0.09090909090909091	0.0	0.0	0.09090909090909091	0.0	0.0	0.0	0.0	0.09090909090909091	0.0	0.0	0.0	0.0	0.0	1
Burkholderia_multivorans	0.058333333333333334	0.04477611940298507	0	0.02654867256637168	0.013422818791946308	0.05102040816326531	0.02586206896551724	0	0.06923076923076923	0.02564102564102564	0	0.006666666666666667	0.020202020202020204	0.15789473684210525	0.013513513513513514	0.018691588785046728	0.09883720930232558	0.032520325203252036	0.015748031496062992	0.020202020202020204	0.006904487917146145	0.006444188722669735	0.006904487917146145	0.0048331415420023015	0.006214039125431531	0.00851553509781358	0.008055235903337168	0.005753739930955121	0.005753739930955121	0.008055235903337168	0.0013808975834292288	0.007364787111622555	0.009896432681242809	0.007825086306098964	0.004142692750287687	0.011277330264672036	0.011277330264672036	0.0048331415420023015	0.004372842347525892	0.009666283084004603	395
Burkholderia_multivorans_ATCC_17616	0	0	0	0	0.07692307692307693	0	0.03488372093023256	0	0.041666666666666664	0.043478260869565216	0.039473684210526314	0.15384615384615385	0.08791208791208792	0	0.0784313725490196	0	0	0	0.09090909090909091	0	0.015532206486980355	0.0027409776153494744	0.005025125628140704	0.010507080858839652	0.007766103243490178	0.010507080858839652	0.005481955230698949	0.006395614435815441	0.012334399269072637	0.01964367291000457	0.005025125628140704	0.013248058474189127	0.005938784833257196	0.005481955230698949	0.004111466423024212	0.0045682960255824575	0.01735952489721334	0.006395614435815441	0.003654636820465966	0.005025125628140704	199
Burkholderia_multivorans_ATCC_BAA-247	0.1506849315068493	0	0	0	0	0	0	0	0	0	0	0	0	0	0	0.08108108108108109	0	0	0	0	0.013223140495867768	0.007713498622589531	0.01763085399449036	0.011570247933884299	0.003305785123966942	0.008264462809917356	0.005509641873278237	0.012121212121212121	0.0	0.015977961432506887	0.001652892561983471	0.002203856749311295	0.00881542699724518	0.00440771349862259	0.0027548209366391185	0.00440771349862259	0.00881542699724518	0.0071625344352617085	0.011570247933884299	0.002203856749311295	165
Burkholderia_pseudomallei	0	0	0.01639344262295082	0.0410958904109589	0.0547945205479452	0	0	0.13095238095238096	0	0.022222222222222223	0.009009009009009009	0.07272727272727272	0.008771929824561403	0	0.08333333333333333	0	0	0.12962962962962962	0.03333333333333333	0.031007751937984496	0.012838306731436502	0.031228313671061762	0.001040943789035392	0.00659264399722415	0.002081887578070784	0.002081887578070784	0.007286606523247745	0.009021512838306732	0.01457321304649549	0.008674531575294934	0.004857737682165163	0.007286606523247745	0.006245662734212353	0.023247744621790422	0.017696044413601668	0.03088133240804997	0.0024288688410825814	0.021859819569743234	0.0034698126301179735	0.0131852879944483	262
Burkholderia_pseudomallei_1106b	0	0	0	0	0	0	0	0	0	0	0	0	0	0	0	0	0	0	0	0	0.045454545454545456	0.0	0.0	0.0	0.0	0.0	0.0	0.0	0.0	0.0	0.0	0.0	0.0	0.045454545454545456	0.0	0.0	0.0	0.045454545454545456	0.045454545454545456	0.0	2
Burkholderia_pseudomallei_1710a	0	0	0	0	0	0	0	0	0	0	0	0	0	0	0	0	0	0	0	0	0.0	0.0	0.0	0.0	0.0	0.0	0.09090909090909091	0.0	0.0	0.0	0.0	0.045454545454545456	0.0	0.0	0.0	0.0	0.0	0.0	0.0	0.0	4
Burkholderia_pseudomallei_7894	0	0	0	0	0	0	0	0	0	0	0	0	0	0	0	0	0	0.0625	0	0	0.0	0.0	0.003787878787878788	0.003787878787878788	0.0	0.030303030303030304	0.0	0.026515151515151516	0.0	0.0	0.0	0.0	0.0	0.003787878787878788	0.0	0.015151515151515152	0.015151515151515152	0.003787878787878788	0.0	0.015151515151515152	24
Burkholderia_pseudomallei_B03	0	0	0	0	0	0.2	1.0	0	0	0	1.0	0	0	0	0.5	0	0	0	0	0	0.0	0.03896103896103896	0.0	0.05194805194805195	0.0	0.012987012987012988	0.03896103896103896	0.0	0.0	0.05194805194805195	0.012987012987012988	0.0	0.0	0.03896103896103896	0.03896103896103896	0.0	0.0	0.0	0.025974025974025976	0.0	7
Burkholderia_pseudomallei_MSHR1153	0	0	0	0	1.0	0	0	0	0	0	0	0	0	0	0	0	0	0	0	0	0.0	0.015151515151515152	0.0	0.0	0.0909090909090909	0.015151515151515152	0.0	0.0	0.0	0.0	0.0	0.0	0.0	0.0	0.0	0.0	0.0	0.0	0.0	0.0	6
Burkholderia_pseudomallei_MSHR2543	0	0	0	0	0	0	0	0	0	0	0	0	0	0	0	0	0	0	0	0	0.0	0.0	0.0	0.0	0.0	0.0	0.0	0.0	0.0	0.0	0.022727272727272728	0.0	0.0	0.0	0.0	0.0	0.0	0.0	0.0	0.0	4
Burkholderia_pseudomallei_MSHR346	0	1.0	0	0	0	0	0	0	0	0.4	0	0	0	0	0	0	0	0	0	0	0.0	0.03636363636363636	0.0	0.0	0.0	0.0	0.0	0.0	0.05454545454545454	0.03636363636363636	0.0	0.0	0.0	0.05454545454545454	0.0	0.03636363636363636	0.03636363636363636	0.03636363636363636	0.03636363636363636	0.0	5
Burkholderia_pseudomallei_MSHR435	0	0	0	0	0	0	0	0	0	0	0	0	0	0	0	0	0	0	0	0	0.0	0.045454545454545456	0.0	0.045454545454545456	0.0	0.045454545454545456	0.0	0.0	0.0	0.0	0.0	0.0	0.0	0.0	0.0	0.0	0.0	0.0	0.0	0.0	2
Burkholderia_pseudomallei_NCTC_13179	0	0	0	0	0	0	0	0	0	0	0	0	0	0	0	0	0	0	0	0	0.0	0.0	0.0	0.0	0.0	0.0	0.0	0.0	0.0	0.09090909090909091	0.0	0.0	0.045454545454545456	0.0	0.0	0.045454545454545456	0.0	0.045454545454545456	0.0	0.045454545454545456	2
Burkholderia_pseudomallei_Pasteur_52237	0	0	0	0	0	0	0	0	0	0	0	0	0	0	0	0	0	0	0	0	0.0	0.011363636363636364	0.0	0.0	0.0	0.0	0.0	0.0	0.0	0.0	0.056818181818181816	0.056818181818181816	0.0	0.0	0.011363636363636364	0.0	0.0	0.06818181818181818	0.011363636363636364	0.011363636363636364	8
Campylobacter_coli	0	0	0	0	0	0	0	0	0	0	0	0	0	0	0	0	0	0	0	0	0	0	0	0	0	0	0	0	0	0	0	0	0	0	0	0	0	0	0	0	0
Campylobacter_fetus	0	0	0	0	0	0	0	0	0	0	0	0	0	0	0	0	0	0	0	0	0	0	0	0	0	0	0	0	0	0	0	0	0	0	0	0	0	0	0	0	0
Campylobacter_fetus_subsp._testudinum_Sp3	0	0	0	0	0	0	0	0	0	0	0	0	0	0	0	0	0	0	0	0	0.0	0.0	0.0	0.0	0.0	0.0	0.0	0.0	0.0	0.0	0.0	0.0	0.0	0.045454545454545456	0.0	0.0	0.0	0.045454545454545456	0.0	0.0	2
Campylobacter_gracilis	0	0	0	0	0	0	0	0	0	0	0	0	0	0	0	0	0	0	0	0	0.06493506493506493	0.025974025974025976	0.0	0.0	0.012987012987012988	0.025974025974025976	0.03896103896103896	0.025974025974025976	0.0	0.05194805194805195	0.0	0.0	0.012987012987012988	0.012987012987012988	0.0	0.0	0.0	0.012987012987012988	0.025974025974025976	0.0	7
Campylobacter_showae	0	0	0	0	0	0	0	0	0	0	0	0	0	0	0	0	0	0	0	0	0.0	0.0	0.0	0.0	0.0	0.09090909090909091	0.0	0.0	0.0	0.0	0.0	0.0	0.0	0.0	0.09090909090909091	0.0	0.0	0.0	0.0	0.0	1
Canine_morbillivirus	0	0	0	0	0	0	0	0	0	0	0	0	0	0	0	0	0	0	0	0	0	0	0	0	0	0	0	0	0	0	0	0	0	0	0	0	0	0	0	0	0
Chlamydia_abortus	0	0	0	0	0	0	0	0	0	0	0	0	0	0	0	0	0	0	0	0	0	0	0	0	0	0	0	0	0	0	0	0	0	0	0	0	0	0	0	0	0
Chlamydia_abortus_LLG	0	0	0	0	0	0	0	0	0	0	0	0	0	0	0	0	0	0	0	0	0.0	0.0	0.0	0.09090909090909091	0.0	0.0	0.09090909090909091	0.0	0.0	0.0	0.0	0.0	0.09090909090909091	0.0	0.0	0.09090909090909091	0.0	0.0	0.0	0.0	1
Chlamydia_caviae	0	0	0	0	0	0	0	0	0	0	0	0	0	0	0	0	0	0	0	0	0	0	0	0	0	0	0	0	0	0	0	0	0	0	0	0	0	0	0	0	0
Chlamydia_felis	0	0	0	0	0	0	0	0	0	0	0	0	0	0	0	0	0	0	0	0	0	0	0	0	0	0	0	0	0	0	0	0	0	0	0	0	0	0	0	0	0
Chlamydia_felis_Fe/C-56	0	0	0	0	0	0	0	0	0	0	0	0	0	0	0	0	0	0	0	0	0.0	0.0	0.0	0.0	0.0	0.0	0.0	0.0	0.0	0.0	0.09090909090909091	0.0	0.0	0.0	0.0	0.09090909090909091	0.0	0.0	0.0	0.0	1
Chlamydia_muridarum	0	0	0	0	0	0	0	0	0	0	0	0	0	0	0	0	0	0	0	0	0	0	0	0	0	0	0	0	0	0	0	0	0	0	0	0	0	0	0	0	0
Chlamydia_pecorum	0	0	0	0	0	0	0	0	0	0	0	0	0	0	0	0	0	0	0	0	0	0	0	0	0	0	0	0	0	0	0	0	0	0	0	0	0	0	0	0	0
Chlamydia_pneumoniae	0	0	0	0	0	0	0	0	0	0	0	0	0	0	0	0	0	0	0	0	0	0	0	0	0	0	0	0	0	0	0	0	0	0	0	0	0	0	0	0	0
Chlamydia_psittaci	0	0	0	0	0	0	0	0	0	0	0	0	0	0	0	0	0	0	0	0	0.0	0.09090909090909091	0.0	0.0	0.0	0.0	0.0	0.0	0.0	0.0	0.0	0.0	0.09090909090909091	0.0	0.0	0.09090909090909091	0.0	0.0	0.0	0.0	1
Chlamydia_suis	0	0	0	0	0	0	0	0	0	0	0	0	0	0	0	0	0	0	0	0	0	0	0	0	0	0	0	0	0	0	0	0	0	0	0	0	0	0	0	0	0
Chlamydia_trachomatis	0	0	0	0	0	0	0	0	0	0	0	0	0	0	0	0	0	0	0	0	0	0	0	0	0	0	0	0	0	0	0	0	0	0	0	0	0	0	0	0	0
Corynebacterium_ammoniagenes	0	0	0	0	0	0	0	0	0	0	0	0	0	0	0	0	0	0	0	0	0.0	0.0	0.0	0.0	0.0	0.0	0.0	0.0	0.0	0.0	0.0	0.0	0.0	0.0	0.0	0.0	0.0	0.0	0.0	0.0	1
Corynebacterium_amycolatum	0	0	0	0	0	0	0	0	0	0	0	0	0	0	0	0	0	0	0	0	0.0	0.011363636363636364	0.011363636363636364	0.0	0.0	0.011363636363636364	0.011363636363636364	0.011363636363636364	0.0	0.011363636363636364	0.022727272727272728	0.0	0.011363636363636364	0.011363636363636364	0.0	0.0	0.0	0.011363636363636364	0.0	0.022727272727272728	8
Corynebacterium_bovis	0.047619047619047616	0.07142857142857142	0.07692307692307693	0	0.07142857142857142	0	0.05263157894736842	0.11764705882352941	0	0	0.05263157894736842	0	0	0.08333333333333333	0	0.03333333333333333	0	0	0	0	0.008522727272727272	0.015625	0.011363636363636364	0.007102272727272727	0.011363636363636364	0.01278409090909091	0.011363636363636364	0.015625	0.005681818181818182	0.004261363636363636	0.002840909090909091	0.004261363636363636	0.01278409090909091	0.008522727272727272	0.011363636363636364	0.009943181818181818	0.011363636363636364	0.011363636363636364	0.019886363636363636	0.008522727272727272	64
Corynebacterium_crudilactis	0	0	0	0	0	0	0	0	0	0	0	0	0	0	0	0	0	0	0	0	0	0	0	0	0	0	0	0	0	0	0	0	0	0	0	0	0	0	0	0	0
Corynebacterium_diphtheriae	0	0	0	0	0	0	0	0	0	0	0	0	0	0	0	0	0	0	0	0	0.030303030303030304	0.0	0.015151515151515152	0.015151515151515152	0.0	0.015151515151515152	0.0	0.0	0.030303030303030304	0.0	0.0	0.0	0.030303030303030304	0.0	0.0	0.030303030303030304	0.030303030303030304	0.015151515151515152	0.0	0.0	6
Corynebacterium_diphtheriae_HC03	0	0	0	0	0	0	0	0	0	0	0	0	0	0	0	0	0	0	0	0	0.0	0.0	0.0	0.03636363636363636	0.0	0.0	0.0	0.0	0.0	0.0	0.05454545454545454	0.0	0.03636363636363636	0.01818181818181818	0.03636363636363636	0.0	0.0	0.0	0.03636363636363636	0.03636363636363636	5
Corynebacterium_jeikeium	0.25	0	0.3333333333333333	0	0.3333333333333333	0.25	0	0	0	0	0	0	0	0	0	0	0	0	0	0	0.01818181818181818	0.0	0.00909090909090909	0.00909090909090909	0.00909090909090909	0.00909090909090909	0.01818181818181818	0.0	0.0	0.0	0.00909090909090909	0.0	0.00909090909090909	0.0	0.00909090909090909	0.00909090909090909	0.0	0.02727272727272727	0.02727272727272727	0.00909090909090909	10
Corynebacterium_jeikeium_K411	0	0	0	0	0	0	0	0.16666666666666666	0	0	0	0	0	0	0	0	0	0	0	0	0.003134796238244514	0.006269592476489028	0.0	0.003134796238244514	0.006269592476489028	0.0	0.0219435736677116	0.009404388714733541	0.006269592476489028	0.003134796238244514	0.0	0.012539184952978056	0.012539184952978056	0.006269592476489028	0.006269592476489028	0.006269592476489028	0.003134796238244514	0.006269592476489028	0.003134796238244514	0.012539184952978056	29
Corynebacterium_kroppenstedtii	0	0	0	0	0	0	0	0	0	0	0	0	0	0	0	0	0	0	0	0	0.0	0.0	0.0	0.0	0.0	0.0	0.030303030303030304	0.0	0.06060606060606061	0.0	0.0	0.030303030303030304	0.0	0.0	0.0	0.0	0.06060606060606061	0.0	0.06060606060606061	0.0	3
Corynebacterium_kroppenstedtii_DSM_44385	0	0	0	0	0	0	0	0	0	0	0	0	0	0	0	0	0	0	0	0	0.03636363636363636	0.0	0.024242424242424242	0.0	0.006060606060606061	0.0	0.024242424242424242	0.006060606060606061	0.006060606060606061	0.01818181818181818	0.006060606060606061	0.0	0.0	0.0	0.006060606060606061	0.01818181818181818	0.0	0.0	0.01818181818181818	0.0	15
Corynebacterium_maris	0	0	0	0	0	0	0	0	0	0	0	0	0	0	0	0	0	0	0	0	0	0	0	0	0	0	0	0	0	0	0	0	0	0	0	0	0	0	0	0	0
Corynebacterium_maris_DSM_45190	0.13043478260869565	0	0	0	0.047619047619047616	0.047619047619047616	0.13333333333333333	0	0	0	0	0	0	0	0	0	0.05	0	0	0.125	0.02207792207792208	0.014285714285714285	0.015584415584415583	0.014285714285714285	0.011688311688311689	0.01948051948051948	0.00909090909090909	0.0	0.006493506493506493	0.0025974025974025974	0.005194805194805195	0.0012987012987012987	0.01038961038961039	0.00909090909090909	0.006493506493506493	0.006493506493506493	0.011688311688311689	0.007792207792207791	0.01038961038961039	0.01948051948051948	70
Corynebacterium_matruchotii	0	0	0	0	0	0	0	1.0	0	0	0	0	0	0	0	0	0	0	0	0	0.0	0.050505050505050504	0.0	0.0	0.010101010101010102	0.0	0.0	0.0606060606060606	0.020202020202020204	0.010101010101010102	0.0	0.04040404040404041	0.0	0.0	0.010101010101010102	0.0	0.0	0.0	0.0	0.010101010101010102	9
Corynebacterium_minutissimum	0	0	0	0	0	0	0	0	0	0	0	0	0.2	0	0	0.14285714285714285	0	0	0.4	0	0.0	0.012987012987012986	0.017316017316017316	0.04329004329004329	0.030303030303030304	0.008658008658008658	0.004329004329004329	0.0	0.017316017316017316	0.030303030303030304	0.012987012987012986	0.0	0.021645021645021644	0.012987012987012986	0.012987012987012986	0.021645021645021644	0.017316017316017316	0.0	0.030303030303030304	0.017316017316017316	21
Corynebacterium_pseudotuberculosis	0	0	0	0	0	0	0	0	0	0	0	0	0	0	0	0	0	0	0	0	0.045454545454545456	0.0	0.0	0.0	0.0	0.0	0.0	0.045454545454545456	0.0	0.0	0.0	0.0	0.0	0.0	0.0	0.0	0.0	0.0	0.045454545454545456	0.0	2
Corynebacterium_renale	0	0	0	0	0	0	0	0	0	0	0	0	0	0	0	0	0	0	0	0	0.010101010101010102	0.0	0.020202020202020204	0.0	0.010101010101010102	0.010101010101010102	0.010101010101010102	0.020202020202020204	0.020202020202020204	0.020202020202020204	0.010101010101010102	0.0	0.0	0.010101010101010102	0.0303030303030303	0.010101010101010102	0.0	0.0303030303030303	0.010101010101010102	0.0	9
Corynebacterium_segmentosum	0	0	0	0	0	0	0	0	0	0	0	0	0	0	0	0	0	0	0	0	0.0	0.025974025974025976	0.03896103896103896	0.0	0.0	0.012987012987012988	0.0	0.025974025974025976	0.012987012987012988	0.012987012987012988	0.0	0.012987012987012988	0.012987012987012988	0.012987012987012988	0.0	0.012987012987012988	0.012987012987012988	0.0	0.03896103896103896	0.012987012987012988	7
Corynebacterium_sphenisci	0	0	0	0	0	0	0	0	0	0	0	0	0	0	0	0	0	0	0	0	0	0	0	0	0	0	0	0	0	0	0	0	0	0	0	0	0	0	0	0	0
Corynebacterium_sphenisci_DSM_44792	0	0.025	0.013888888888888888	0	0	0	0.05405405405405406	0.012658227848101266	0.012658227848101266	0.024390243902439025	0	0.015384615384615385	0.15492957746478872	0	0.016666666666666666	0.0273972602739726	0.015873015873015872	0.04938271604938271	0.038461538461538464	0.058823529411764705	0.011632916846186989	0.008616975441619991	0.0038776389487289965	0.006893580353295993	0.007324429125376992	0.005170185264971995	0.011632916846186989	0.004308487720809996	0.009478672985781991	0.00990952175786299	0.007324429125376992	0.006893580353295993	0.015510555794915986	0.009047824213700992	0.008616975441619991	0.00990952175786299	0.012063765618267988	0.009047824213700992	0.009478672985781991	0.01034037052994399	211
Corynebacterium_stationis	0	0	0	0	0	0	0	0	0	0	0	1.0	1.0	0	0	0	0	0	0	0	0.0	0.045454545454545456	0.0	0.045454545454545456	0.045454545454545456	0.0	0.0	0.0	0.0	0.0	0.0	0.045454545454545456	0.045454545454545456	0.0	0.09090909090909091	0.045454545454545456	0.0	0.0	0.045454545454545456	0.0	2
Corynebacterium_striatum	0	0	0	0	0	0	0.4	0	0	0	0	0.3333333333333333	0	0	0	0	0.5	0	0	0	0.0	0.0	0.0160427807486631	0.0	0.010695187165775402	0.0374331550802139	0.010695187165775402	0.0	0.010695187165775402	0.0	0.010695187165775402	0.0374331550802139	0.005347593582887701	0.0	0.0	0.010695187165775402	0.010695187165775402	0.010695187165775402	0.0	0.0	17
Corynebacterium_urealyticum	0.1111111111111111	0	0	0.08333333333333333	0	0	0	0	0	0	0	0	0.1111111111111111	0	0	0	0	0	0	0	0.030303030303030304	0.015151515151515152	0.0	0.011363636363636362	0.003787878787878788	0.007575757575757576	0.011363636363636362	0.003787878787878788	0.007575757575757576	0.015151515151515152	0.003787878787878788	0.015151515151515152	0.011363636363636362	0.015151515151515152	0.003787878787878788	0.011363636363636362	0.01893939393939394	0.007575757575757576	0.015151515151515152	0.015151515151515152	24
Corynebacterium_ureicelerivorans	0.14285714285714285	0	0	0	0	0	0	0	0	0	0.5	0	0	0.16666666666666666	0	0	0	0	0	0.16666666666666666	0.014354066985645932	0.014354066985645932	0.019138755980861243	0.009569377990430622	0.0	0.004784688995215311	0.014354066985645932	0.0	0.009569377990430622	0.009569377990430622	0.009569377990430622	0.004784688995215311	0.014354066985645932	0.019138755980861243	0.019138755980861243	0.009569377990430622	0.0	0.009569377990430622	0.014354066985645932	0.004784688995215311	19
Corynebacterium_xerosis	0.047619047619047616	0	0.05555555555555555	0	0.05	0	0	0.05	0	0	0	0.04	0	0.09523809523809523	0	0.13043478260869565	0	0	0	0.06666666666666667	0.01652892561983471	0.006611570247933884	0.011570247933884297	0.008264462809917356	0.011570247933884297	0.006611570247933884	0.009917355371900825	0.008264462809917356	0.008264462809917356	0.01983471074380165	0.013223140495867768	0.004958677685950413	0.011570247933884297	0.01487603305785124	0.004958677685950413	0.01487603305785124	0.01487603305785124	0.011570247933884297	0.008264462809917356	0.006611570247933884	55
Cowpox_virus	0	0	0	0	0	0	0	0	0	0	0	0	0	0	0	0	0	0	0	0	0	0	0	0	0	0	0	0	0	0	0	0	0	0	0	0	0	0	0	0	0
Coxiella_burnetii	0	0	0	0.5454545454545454	0	0	0	0	0	0	0	0	0	0	0	0	0	0	0	0	0.0	0.0	0.0	0.03636363636363636	0.012121212121212121	0.0	0.0	0.0	0.012121212121212121	0.012121212121212121	0.0303030303030303	0.0606060606060606	0.012121212121212121	0.0	0.0303030303030303	0.0	0.04242424242424243	0.0303030303030303	0.012121212121212121	0.0303030303030303	15
Coxiella_burnetii_Dugway_5J108-111	0	0	0	0	0	0	0	0	0	0	0	0	0	0	0	0	0	0	0	0	0.0	0.0	0.015151515151515152	0.07575757575757576	0.0	0.0	0.0	0.0	0.0	0.0	0.0	0.0	0.0	0.007575757575757576	0.0	0.0	0.0	0.007575757575757576	0.0	0.0	12
Coxiella_burnetii_str._Schperling	1.0	0	0	0	0	0	0	0	0	0	0	0	0.2	0	0	0	0	0	0	0	0.05194805194805195	0.0	0.0	0.0	0.0	0.0	0.03896103896103896	0.0	0.0	0.0	0.0	0.0	0.012987012987012988	0.0	0.0	0.0	0.0	0.0	0.03896103896103896	0.025974025974025976	7
Cryptosporidium	0	0	0	0	0	0	0	0	0	0	0	0	0	0	0	0	0	0	0	0	0	0	0	0	0	0	0	0	0	0	0	0	0	0	0	0	0	0	0	0	0
Cryptosporidium_parvum	0	0	0	0	0	0	0	0	0	0	0	0	0	0	0	0	0	0	0	0	0	0	0	0	0	0	0	0	0	0	0	0	0	0	0	0	0	0	0	0	0
Deltaretrovirus	0	0	0	0	0	0	0	0	0	0	0	0	0	0	0	0	0	0	0	0	0	0	0	0	0	0	0	0	0	0	0	0	0	0	0	0	0	0	0	0	0
Ehrlichia_canis	0	0	0	0	0	0	0	0	0	0	0	0	0	0	0	0	0	0	0	0	0	0	0	0	0	0	0	0	0	0	0	0	0	0	0	0	0	0	0	0	0
Enterococcus_avium	0	0	0	0	0	0	0	0	0	0	0	0	0	0	0	0	0	0	0	0	0.0	0.0	0.0	0.0	0.0	0.0	0.0	0.0	0.09090909090909091	0.0	0.0	0.0	0.0	0.0	0.0	0.0	0.0	0.0	0.0	0.0	1
Enterococcus_casseliflavus	0	0	0	0	0	0	0	0	0	0	0	0	0	0	0	0	0	0	0	0	0.0	0.0	0.0	0.0	0.0	0.0	0.0	0.0	0.0	0.0	0.0	0.0	0.0	0.0	0.0	0.0	0.0	0.0	0.0	0.0	1
Enterococcus_casseliflavus_EC20	0	0	0	0	0	0	0	0	0	0	0	0	0	0	0	0	0	0	0	0	0.0	0.0	0.0	0.0	0.0	0.0	0.0	0.0	0.0	0.0	0.0	0.0	0.0	0.0	0.0	0.0	0.0	0.0	0.0	0.0	4
Enterococcus_cecorum	0	0	0	0	0	0	0	0	0	0	0	0	1.0	0	0	0	0	0	0	0	0.010101010101010102	0.0303030303030303	0.0	0.0303030303030303	0.0	0.0	0.010101010101010102	0.0	0.0	0.020202020202020204	0.0	0.0303030303030303	0.010101010101010102	0.0	0.020202020202020204	0.0	0.0	0.010101010101010102	0.0	0.0	9
Enterococcus_durans	0	0	0	1.0	0	0	0	0	0	0	0	0	0	0	0	0	0	0	1.0	0	0.0	0.0	0.0	0.022727272727272728	0.0	0.0	0.0	0.0	0.0	0.0	0.0	0.0	0.0	0.0	0.0	0.0	0.0	0.0	0.06818181818181818	0.0	4
Enterococcus_faecalis	0	0	0	0	0	0	0	0	0	0	0	0	0	0	0	0	0	0	0	0	0.0	0.0	0.0	0.0	0.0	0.0	0.0	0.0	0.0	0.0	0.0	0.0	0.0	0.0	0.006216006216006216	0.0	0.0	0.0	0.0	0.0	117
Enterococcus_faecalis_62	0	0	0	0	0	0	0	0	0	0	0	0	0	0	0	0	0	0	0	0	0.0	0.0	0.0	0.0	0.0	0.0	0.0	0.0	0.0	0.0	0.0	0.0	0.0	0.0	0.0	0.0	0.0	0.0	0.0	0.0	6
Enterococcus_faecalis_R712	0	0	0	0	0	0	0	0	0	0	0	0	0	0	0	0	1.0	0	0	0	0.09090909090909091	0.0	0.0	0.0	0.0	0.0	0.0	0.09090909090909091	0.0	0.0	0.0	0.0	0.0	0.0	0.0	0.0	0.022727272727272728	0.0	0.06818181818181818	0.0	4
Enterococcus_faecium	0	0	0	0	0	0	0	0	0	0	0	0	0	0	0	0	0	0	0	0	0.09090909090909091	0.09090909090909091	0.0	0.09090909090909091	0.0	0.0	0.0	0.0	0.0	0.09090909090909091	0.0	0.0	0.0	0.0	0.0	0.0	0.0	0.0	0.0	0.0	2
Enterococcus_faecium_ATCC_8459_=_NRRL_B-2354	0	0	0	0	0	0	0	0	0	0	0	1.0	0	0	0	0	0	0	0	0	0.0	0.0	0.0	0.0	0.0	0.0	0.0	0.0	0.0	0.0	0.0	0.09090909090909091	0.0	0.0	0.0	0.0	0.0	0.0	0.0	0.0	1
Enterococcus_hirae	0	0	0	0	0.5	0	0	0	0	0	0	0	0	0	0	0	0	0	0	0	0.056818181818181816	0.056818181818181816	0.0	0.011363636363636364	0.011363636363636364	0.0	0.011363636363636364	0.022727272727272728	0.045454545454545456	0.0	0.0	0.011363636363636364	0.0	0.0	0.0	0.0	0.0	0.022727272727272728	0.011363636363636364	0.0	8
Enterococcus_hirae_ATCC_9790	0	0	0	0	0	0	0	0	0	0	0	0	0	0	0	0	0	0	0	0	0.0	0.0	0.0	0.0	0.0	0.0	0.0	0.0	0.0	0.0	0.0	0.0	0.0	0.0	0.0	0.0	0.0	0.0	0.0	0.0	7
Enterococcus_mundtii	0	0	1.0	0	0	0	0	0	0	0	0	0	0	0	0	0	0	0	0	0	0.0	0.0	0.09090909090909091	0.0	0.0	0.0	0.0	0.0	0.0	0.0	0.0	0.0	0.0	0.0	0.0	0.0	0.0	0.0	0.0	0.0	1
Enterovirus_B	0	0	0	0	0	0	0	0	0	0	0	0	0	0	0	0	0	0	0	0	0	0	0	0	0	0	0	0	0	0	0	0	0	0	0	0	0	0	0	0	0
Epizootic_hemorrhagic_disease_virus_(serotype_1_/_strain_New_Jersey)	0	0	0	0	0	0	0	0	0	0	0	0	0	0	0	0	0	0	0	0	0	0	0	0	0	0	0	0	0	0	0	0	0	0	0	0	0	0	0	0	0
Equine_rhinitis_A_virus	0	0	0	0	0	0	0	0	0	0	0	0	0	0	0	0	0	0	0	0	0	0	0	0	0	0	0	0	0	0	0	0	0	0	0	0	0	0	0	0	0
Erysipelothrix_rhusiopathiae	0	0	0	0	0	0	0	0	0	0	0	0	0	0	0	0	0	0	0	0	0	0	0	0	0	0	0	0	0	0	0	0	0	0	0	0	0	0	0	0	0
Erythroparvovirus	0	0	0	0	0	0	0	0	0	0	0	0	0	0	0	0	0	0	0	0	0	0	0	0	0	0	0	0	0	0	0	0	0	0	0	0	0	0	0	0	0
Escherichia_coli	0	0	0	0	0	0	0	0	0	0	0	0.010416666666666666	0	0	0	0	0.4	0	0	0	0.023197492163009405	0.023824451410658306	0.04514106583072101	6.269592476489029E-4	0.03573667711598746	0.0	0.0	0.023824451410658306	6.269592476489029E-4	6.269592476489029E-4	6.269592476489029E-4	0.0012539184952978057	0.04576802507836991	6.269592476489029E-4	0.015047021943573666	0.031347962382445145	0.047021943573667714	6.269592476489029E-4	0.044514106583072095	0.0018808777429467083	145
Escherichia_coli_ETEC_H10407	0	0	0	0	0	0	0	0	0	0	0	0	0	0	0	0	0	0	0	1.0	0.0	0.0	0.0909090909090909	0.0	0.0	0.0	0.0	0.0	0.0	0.0	0.0	0.0	0.0	0.0	0.0	0.0	0.0	0.030303030303030304	0.0	0.06060606060606061	3
Escherichia_coli_O111	0	0	0	0	0	0	0	0	0	0	0	0	0	0	0	0	0	0	0	0	0	0	0	0	0	0	0	0	0	0	0	0	0	0	0	0	0	0	0	0	0
Escherichia_coli_O145	0	0	0	0	0	0	0	0	0	0	0	0	0	0	0	0	0	0	0	0	0.0	0.0909090909090909	0.0909090909090909	0.0	0.0	0.0	0.0	0.0	0.0	0.0	0.07575757575757576	0.0	0.0	0.0	0.0	0.0	0.07575757575757576	0.0	0.0	0.015151515151515152	6
Escherichia_coli_O157:H7	0	0	0	0	0	0	0	0	0	0	0	0	0	0	0	0	0	0	0	0	0	0	0	0	0	0	0	0	0	0	0	0	0	0	0	0	0	0	0	0	0
Escherichia_coli_O26	0	0	0	0	0	0	0	0	0	0	0	0	0	0	0	0	0	0	0	0	0	0	0	0	0	0	0	0	0	0	0	0	0	0	0	0	0	0	0	0	0
Escherichia_coli_O43_str._RM10042	1.0	0	0	0	0	0	0	0	0	0	0	0	0	0	0	0	0	0	0	0	0.09090909090909091	0.0	0.0	0.0	0.0	0.0	0.0	0.0	0.0	0.0	0.0	0.0	0.0	0.0	0.0	0.0	0.0	0.0	0.0	0.0	18
Francisella_tularensis	0	0	0	0	0	0	0	0	0	0	0	0	0	0	0	0	0	0	0	0	0.09090909090909091	0.0	0.0	0.0	0.0	0.0	0.0	0.0	0.0	0.0	0.0	0.0	0.0	0.0	0.09090909090909091	0.0	0.0	0.0	0.0	0.0	1
Francisella_tularensis_subsp._novicida_PA10-7858	0	0	0	0	0	0	0	0	0	0	0	0	0	0	0	0	0	0	0	0	0.0	0.0	0.0	0.0	0.0	0.0	0.0	0.0	0.0	0.0	0.0	0.0	0.0	0.0	0.0	0.0	0.0	0.0	0.0	0.0	1
Fusobacterium	0	0	0	0	0	0	0	0	0	0	0	0	0	0	0	0	0	0	0	0	0.013986013986013986	0.0	0.020979020979020976	0.024475524475524476	0.0	0.0	0.0	0.010489510489510488	0.024475524475524476	0.0	0.0034965034965034965	0.0	0.0	0.0	0.045454545454545456	0.024475524475524476	0.027972027972027972	0.024475524475524476	0.0	0.010489510489510488	26
Fusobacterium_canifelinum	0	0	0	0	0	0	0	0	0	0	0	0	1.0	0	0	0	0	0	0	0	0.0	0.0	0.0	0.0	0.0	0.0	0.0	0.09090909090909091	0.0	0.09090909090909091	0.0	0.0	0.09090909090909091	0.0	0.0	0.0	0.0	0.0	0.09090909090909091	0.0	1
Fusobacterium_gastrosuis	0	0	0	0	0	0	0	0	0	0	0	0	0	0	0	0	0	0	0	0	0.0	0.09090909090909091	0.0	0.09090909090909091	0.0	0.0	0.0	0.0	0.0	0.0	0.0	0.0	0.0	0.0	0.0	0.0	0.0	0.0	0.0	0.0	1
Fusobacterium_mortiferum_ATCC_9817	0	0	0	0	0	0	0	0	0	0	0	0	0	0	0	0	0	0	0	0	0.0	0.0	0.09090909090909091	0.0	0.0	0.09090909090909091	0.0	0.0	0.09090909090909091	0.0	0.0	0.0	0.0	0.0	0.0	0.0	0.0	0.0	0.0	0.0	1
Fusobacterium_necrophorum	0	0	0	0	0	0	0	0	0	0	0	0	0	0	0	0	0	0	0	0	0.0	0.0	0.0	0.0	0.0	0.0	0.0	0.01818181818181818	0.0	0.0	0.0	0.0	0.0	0.0	0.0	0.0	0.0	0.0	0.0	0.0	15
Fusobacterium_nucleatum	0	0	0	0	0	0	0	0	0	0	0	0	0	0	0	0	0	0	0	0	0.0	0.0	0.0	0.0	0.0	0.0	0.0	0.0	0.0	0.0	0.0	0.0	0.0	0.06363636363636363	0.06363636363636363	0.0	0.0	0.0	0.0	0.0	10
Fusobacterium_nucleatum_subsp._animalis	0	0	0	0	0	0	0	0	0	0	0	0	0	0	0	0	0	0	0	0	0.0	0.0	0.0	0.0	0.0	0.0	0.09090909090909091	0.0	0.0	0.0	0.0	0.0	0.0	0.0	0.0	0.045454545454545456	0.0	0.0	0.045454545454545456	0.0	2
Fusobacterium_nucleatum_subsp._polymorphum	0	0	0	0	0	0	0	0	0	0	0	0	0	0	0	0	0	0	0	0	0.0	0.0	0.0	0.09090909090909091	0.0	0.0	0.0	0.0	0.0	0.0	0.0	0.0	0.0	0.0	0.0	0.0	0.09090909090909091	0.0	0.0	0.0	1
Fusobacterium_nucleatum_subsp._vincentii	0	0	0	0	0	0	0	0	0	0	0	0	0	0	0	0	0	0	0	0	0.0	0.0	0.0	0.0	0.0	0.09090909090909091	0.0	0.09090909090909091	0.0	0.0	0.09090909090909091	0.0	0.0	0.0	0.0	0.0	0.0	0.0	0.0	0.09090909090909091	1
Fusobacterium_periodonticum	0	0	0	0	0	0	0	0	0	0	0	0	0	0	0	0	0	0	0	0	0.0	0.09090909090909091	0.0	0.0	0.0	0.09090909090909091	0.09090909090909091	0.09090909090909091	0.0	0.0	0.0	0.0	0.0	0.0	0.0	0.0	0.0	0.09090909090909091	0.09090909090909091	0.0	1
Fusobacterium_pseudoperiodonticum	0	0	0	0	0	0	0	0	0	0	0	0	0	0	0	0	0	0	0	0	0.0	0.03636363636363636	0.0	0.01818181818181818	0.01818181818181818	0.03636363636363636	0.01818181818181818	0.0	0.0	0.0	0.0	0.01818181818181818	0.0	0.0	0.0	0.03636363636363636	0.0	0.05454545454545454	0.0	0.0	5
Fusobacterium_sp._oral_taxon_203	0	0	0	0	0	0	0	0	0	0	0	0	0	0	0	0	0	0	0	0	0.0	0.0	0.09090909090909091	0.0	0.0	0.0	0.0	0.0	0.09090909090909091	0.0	0.0	0.0	0.0	0.0	0.0	0.0	0.0	0.0	0.0	0.0	1
Fusobacterium_ulcerans_ATCC_49185	0	0	0	1.0	0	0	0	0	0	0	0	0	0	0	0	0	0	0	0	0	0.0	0.05194805194805195	0.012987012987012988	0.05194805194805195	0.0	0.0	0.0	0.06493506493506493	0.0	0.0	0.03896103896103896	0.0	0.05194805194805195	0.012987012987012988	0.0	0.03896103896103896	0.0	0.0	0.03896103896103896	0.03896103896103896	7
Fusobacterium_varium	0	0	0	0	0	0	0	0	0	0	0	0	0	0	0	0	0	0	0	0	0.09090909090909091	0.0	0.0	0.0	0.09090909090909091	0.0	0.0	0.0	0.0	0.0	0.0	0.0	0.0	0.0	0.0	0.0	0.0	0.0	0.0	0.0	1
Fusobacterium_varium_ATCC_27725	0	0	0	0	0	0	0	0	0	0	0	0	0	0	0	0	0	0	1.0	0	0.0	0.055944055944055944	0.013986013986013986	0.0	0.013986013986013986	0.0	0.04195804195804195	0.0	0.0	0.0	0.0	0.0	0.027972027972027972	0.006993006993006993	0.0	0.04895104895104895	0.0	0.0	0.03496503496503496	0.0	13
Goatpox_virus	0	0	0	0	0	0	0	0	0	0	0	0	0	0	0	0	0	0	0	0	0	0	0	0	0	0	0	0	0	0	0	0	0	0	0	0	0	0	0	0	0
Haemophilus_influenzae	0	0	0	0	0	0	0	0	0	0	0	0	0	0	0	0	0	0	0	0	0	0	0	0	0	0	0	0	0	0	0	0	0	0	0	0	0	0	0	0	0
Haemophilus_influenzae_CGSHiCZ412602	0	0	0	0	0	0	0	0	0	0	0	0	0	0	0	0	0	0	0	0	0.0	0.0	0.0	0.0909090909090909	0.0	0.0909090909090909	0.0	0.0	0.0	0.0	0.0	0.0	0.0	0.0	0.0	0.0	0.0	0.030303030303030304	0.06060606060606061	0.0	3
Haemophilus_influenzae_biotype_aegyptius	0	0	0	0	0	0	0	0	0	0	0	0	0	0	0	0	0	0	0	0	0.0	0.0	0.0	0.0	0.0	0.0	0.0	0.0	0.09090909090909091	0.0	0.0	0.0	0.0	0.0	0.06818181818181818	0.0	0.0	0.0	0.0	0.0	4
Helicobacter_cinaedi	0	0	0	0	0	0	0	0	0	0	0	0	0	0	0	0	0	0	0	0	0	0	0	0	0	0	0	0	0	0	0	0	0	0	0	0	0	0	0	0	0
Helicobacter_pylori	0	0	0	0	0	0	0	0	0	1.0	0	0	0	0	0	0	0	0	0	0	0.0	0.0	0.03409090909090909	0.005681818181818182	0.022727272727272728	0.0	0.0	0.005681818181818182	0.011363636363636364	0.028409090909090908	0.0	0.0	0.0	0.03409090909090909	0.011363636363636364	0.005681818181818182	0.022727272727272728	0.011363636363636364	0.0	0.022727272727272728	16
Hepatitis_B_virus	0	0	0	0	0	0	0	0	0	0	0	0	0	0	0	0	0	0	0	0	0	0	0	0	0	0	0	0	0	0	0	0	0	0	0	0	0	0	0	0	0
Hepatitis_E_virus	0	0	0	0	0	0	0	0	0	0	0	0	0	0	0	0	0	0	0	0	0	0	0	0	0	0	0	0	0	0	0	0	0	0	0	0	0	0	0	0	0
Hepatitis_delta_virus	0	0	0	0	0	0	0	0	0	0	0	0	0	0	0	0	0	0	0	0	0	0	0	0	0	0	0	0	0	0	0	0	0	0	0	0	0	0	0	0	0
Human_adenovirus_1	0	0	0	0	0	0	0	0	0	0	0	0	0	0	0	0	0	0	0	0	0	0	0	0	0	0	0	0	0	0	0	0	0	0	0	0	0	0	0	0	0
Human_adenovirus_2	0	0	0	0	0	0	0	0	0	0	0	0	0	0	0	0	0	0	0	0	0	0	0	0	0	0	0	0	0	0	0	0	0	0	0	0	0	0	0	0	0
Human_adenovirus_35	0	0	0	0	0	0	0	0	0	0	0	0	0	0	0	0	0	0	0	0	0	0	0	0	0	0	0	0	0	0	0	0	0	0	0	0	0	0	0	0	0
Human_adenovirus_5	0	0	0	0	0	0	0	0	0	0	0	0	0	0	0	0	0	0	0	0	0	0	0	0	0	0	0	0	0	0	0	0	0	0	0	0	0	0	0	0	0
Human_adenovirus_54	0	0	0	0	0	0	0	0	0	0	0	0	0	0	0	0	0	0	0	0	0	0	0	0	0	0	0	0	0	0	0	0	0	0	0	0	0	0	0	0	0
Human_adenovirus_7	0	0	0	0	0	0	0	0	0	0	0	0	0	0	0	0	0	0	0	0	0	0	0	0	0	0	0	0	0	0	0	0	0	0	0	0	0	0	0	0	0
Human_alphaherpesvirus_1	0	0	0	0	0	0	0	0	0	0	0	0	0	0	0	0	0	0	0	0	0	0	0	0	0	0	0	0	0	0	0	0	0	0	0	0	0	0	0	0	0
Human_alphaherpesvirus_2	0	0	0	0	0	0	0	0	0	0	0	0	0	0	0	0	0	0	0	0	0	0	0	0	0	0	0	0	0	0	0	0	0	0	0	0	0	0	0	0	0
Human_alphaherpesvirus_3	0	0	0	0	0	0	0	0	0	0	0	0	0	0	0	0	0	0	0	0	0	0	0	0	0	0	0	0	0	0	0	0	0	0	0	0	0	0	0	0	0
Human_gammaherpesvirus_4	0	0	0	0	0	0	0	0	0	0	0	0	0	0	0	0	0	0	0	0	0	0	0	0	0	0	0	0	0	0	0	0	0	0	0	0	0	0	0	0	0
Human_herpesvirus_4_type_2	0	0	0	0	0	0	0	0	0	0	0	0	0	0	0	0	0	0	0	0	0	0	0	0	0	0	0	0	0	0	0	0	0	0	0	0	0	0	0	0	0
Human_mastadenovirus_C	0	0	0	0	0	0	0	0	0	0	0	0	0	0	0	0	0	0	0	0	0	0	0	0	0	0	0	0	0	0	0	0	0	0	0	0	0	0	0	0	0
JC_polyomavirus	0	0	0	0	0	0	0	0	0	0	0	0	0	0	0	0	0	0	0	0	0	0	0	0	0	0	0	0	0	0	0	0	0	0	0	0	0	0	0	0	0
Klebsiella_aerogenes	0.23076923076923078	0.75	0	0	0	0.2	0	0	0	0	0	0	0	0	0	0	0	0	0	0	0.008264462809917356	0.01928374655647383	0.0	0.0	0.0	0.013774104683195593	0.008264462809917356	0.0	0.0027548209366391185	0.0	0.011019283746556474	0.0	0.0	0.008264462809917356	0.013774104683195593	0.0	0.0	0.008264462809917356	0.01652892561983471	0.02203856749311295	33
Klebsiella_aerogenes_EA1509E	0	0	0.4117647058823529	0	0	0	0	0.20833333333333334	0	0	0	0	0	0	0	0	0	0	0	0	0.02909090909090909	0.025454545454545455	0.025454545454545455	0.0036363636363636364	0.0	0.0	0.0036363636363636364	0.012727272727272728	0.0	0.0036363636363636364	0.0018181818181818182	0.0	0.00909090909090909	0.016363636363636365	0.025454545454545455	0.00909090909090909	0.0	0.00909090909090909	0.025454545454545455	0.0	50
Klebsiella_michiganensis	0	0	0	0	0	0	0	0	0	0	0	0	0	0	0	0	0	0	0	0	0.0	0.0	0.0	0.0	0.0	0.0	0.03636363636363636	0.05454545454545454	0.0	0.0	0.0	0.0	0.03636363636363636	0.03636363636363636	0.05454545454545454	0.03636363636363636	0.05454545454545454	0.01818181818181818	0.0	0.0	5
Klebsiella_michiganensis_HKOPL1	0	0	0	0	0	0	0	1.0	0	0	0	0	0	0	0	0	0	0	0	1.0	0.0	0.0	0.0	0.0	0.09090909090909091	0.0	0.0	0.09090909090909091	0.0	0.0	0.045454545454545456	0.0	0.0	0.045454545454545456	0.0	0.0	0.0	0.0	0.045454545454545456	0.045454545454545456	2
Klebsiella_oxytoca	0	0	0	0	0	0	0	0	0	0	0	0	0	0	0	0	0	0	0	0	0.07386363636363637	0.011363636363636364	0.011363636363636364	0.022727272727272728	0.005681818181818182	0.022727272727272728	0.022727272727272728	0.0	0.0	0.0	0.017045454545454544	0.005681818181818182	0.028409090909090908	0.03409090909090909	0.005681818181818182	0.0	0.005681818181818182	0.005681818181818182	0.028409090909090908	0.022727272727272728	16
Klebsiella_pneumoniae	0	0	0	0	0.5	0	0	0	0	0	0.0048543689320388345	0	0	0.014563106796116505	0	0	0	0.00980392156862745	0	0	2.82326369282891E-4	2.82326369282891E-4	0.001693958215697346	5.64652738565782E-4	0.028232636928289104	5.64652738565782E-4	0.0	0.0	0.0	5.64652738565782E-4	8.46979107848673E-4	5.64652738565782E-4	0.0	0.001693958215697346	0.0025409373235460195	0.001693958215697346	8.46979107848673E-4	0.001129305477131564	0.028232636928289104	0.058723884810841336	322
Klebsiella_pneumoniae_subsp._pneumoniae	0	0	0	0	0	0	0	0	0	0	0	0	0	0	0	0	0	0	0	0	0.03488372093023256	0.0	0.0	0.03858350951374207	0.0	0.0	0.0	0.0	0.0	0.0	0.0	0.014799154334038054	0.0	0.0	0.004228329809725159	0.0	0.0	0.0	0.0	0.0	172
Klebsiella_pneumoniae_subsp._pneumoniae_KPNIH24	0	0	0	0	0	0	0	0	0	0	0	0	0	0	0	0	0	0	0	0	0.0	0.0	0.0	0.0	0.0	0.0	0.0	0.0	0.0	0.0	0.0	0.0	0.0	0.0	0.0	0.0	0.0010822510822510823	0.0	0.0	0.08982683982683984	84
Klebsiella_pneumoniae_subsp._pneumoniae_KPNIH27	0	0	0	0	0	0	0	0	0	0	0	0	0	0	0	0	0	0	0	0	0.0	0.0	0.0	0.0	0.0	0.0	0.0	0.0	0.0	0.0	0.0	0.0	0.0	0.002840909090909091	0.0	0.0	0.008522727272727272	0.0	0.0	0.005681818181818182	32
Klebsiella_pneumoniae_subsp._pneumoniae_PittNDM01	0	0	0	0	1.0	0	0	0	0	0	0	0	0	0	0	0	0	0	0	0	0.0	0.0	0.0	0.0	0.09090909090909091	0.0	0.0	0.0	0.0	0.0	0.0	0.0	0.0	0.0	0.0	0.0	0.0	0.0	0.0	0.0	21
Klebsiella_pneumoniae_subsp._rhinoscleromatis	0	0	0	0	0	0	0	0	0	0	0	0	0	0	0	0	0	0	0	0	0	0	0	0	0	0	0	0	0	0	0	0	0	0	0	0	0	0	0	0	0
Klebsiella_pneumoniae_subsp._rhinoscleromatis_SB3432	0	1.0	1.0	0	0	0	0	0	0	0	0	0	0	0	0	0	0	0	0	0	0.0	0.09090909090909091	0.09090909090909091	0.0	0.0	0.0	0.0	0.0	0.0	0.0	0.0	0.0	0.0	0.0	0.0	0.0	0.0	0.0	0.0	0.0	2
Legionella_anisa	0	0	0	1.0	0	0	0	0	0	0	0	0	0	0	0	0	0	0	0	0	0.0	0.030303030303030304	0.0	0.06060606060606061	0.0	0.0	0.0	0.0	0.0	0.0	0.06060606060606061	0.0	0.0	0.0	0.0	0.0	0.0	0.0	0.0	0.0	3
Legionella_lansingensis	0	0	0	0	0	0	0	0	0	0	0	0	0	0	0	0	0	0	0	0	0.045454545454545456	0.0	0.045454545454545456	0.0	0.045454545454545456	0.045454545454545456	0.0	0.0	0.045454545454545456	0.045454545454545456	0.045454545454545456	0.0	0.0	0.0	0.0	0.0	0.045454545454545456	0.045454545454545456	0.0	0.0	2
Legionella_pneumophila	0	0	0	0	0	0	0	0	0	0	0.9411764705882353	0	0	0	0	0	0	0	0	0	0.0034965034965034965	0.0	0.0	0.0034965034965034965	0.03146853146853147	0.0	0.0	0.0	0.0	0.0034965034965034965	0.055944055944055944	0.0034965034965034965	0.0	0.0	0.0	0.0	0.0	0.08741258741258742	0.0034965034965034965	0.0	26
Legionella_pneumophila_str._Corby	0	0	0	0	0	0	0	0	0	0	0	0	1.0	1.0	0	0	0	0	0	0	0.030303030303030304	0.0	0.030303030303030304	0.0	0.0	0.0	0.0	0.0	0.0	0.06060606060606061	0.030303030303030304	0.0	0.06060606060606061	0.030303030303030304	0.030303030303030304	0.0	0.030303030303030304	0.0	0.06060606060606061	0.0	3
Legionella_pneumophila_subsp._pascullei	0	0	1.0	0	0	0	0	0	0	0	0	0	0	0	0	0	0	0	0	0	0.0	0.0	0.09090909090909091	0.0	0.0	0.0	0.0	0.0	0.0	0.0	0.0	0.0	0.0	0.0	0.0	0.0	0.0	0.0	0.0	0.09090909090909091	1
Legionella_pneumophila_subsp._pneumophila	0	0	0	0	0	0	0	0	0	0	0	0	0	0	0	0	0	0	0	0	0.0	0.03636363636363636	0.0	0.03636363636363636	0.0	0.01818181818181818	0.03636363636363636	0.0	0.0	0.0	0.01818181818181818	0.01818181818181818	0.01818181818181818	0.05454545454545454	0.05454545454545454	0.0	0.0	0.0	0.03636363636363636	0.03636363636363636	5
Leptospira_alexanderi	0	0	0	0	0	0	0	0	0	0	0	0	0	0	0	0	0	0	0	0	0	0	0	0	0	0	0	0	0	0	0	0	0	0	0	0	0	0	0	0	0
Leptospira_alstonii	0	0	0	0	0	0	0	0	0	0	0	0	0	0	0	0	0	0	0	0	0	0	0	0	0	0	0	0	0	0	0	0	0	0	0	0	0	0	0	0	0
Leptospira_biflexa	0	0	0	0	0	0	0	0	0	0	0	0	0	0	0	0	0	0	0	0	0	0	0	0	0	0	0	0	0	0	0	0	0	0	0	0	0	0	0	0	0
Leptospira_biflexa_serovar_Patoc	0	0	0	0	0	0	0	0	0	0	0	0	0	0	0	0	0	0	0	0	0.0	0.0	0.0	0.0	0.0	0.09090909090909091	0.0	0.0	0.0	0.0	0.0	0.0	0.0	0.0	0.0	0.0	0.0	0.0	0.0	0.0	1
Leptospira_borgpetersenii	0	0	0	0	0	0	0	0	0	0	0	0	0	0	0	0	0	0	0	0	0	0	0	0	0	0	0	0	0	0	0	0	0	0	0	0	0	0	0	0	0
Leptospira_borgpetersenii_serovar_Ceylonica	0	0	0	0	0	0	0	0	1.0	0	0	1.0	0	0	0	0	0	1.0	0	0	0.0	0.0	0.0	0.09090909090909091	0.0	0.0	0.0	0.0	0.09090909090909091	0.0	0.045454545454545456	0.045454545454545456	0.0	0.0	0.09090909090909091	0.0	0.0	0.045454545454545456	0.0	0.0	2
Leptospira_broomii	0	0	0	0	0	0	0	0	0	0	0	0	0	0	0	0	0	0	0	0	0	0	0	0	0	0	0	0	0	0	0	0	0	0	0	0	0	0	0	0	0
Leptospira_fainei	0	0	0	0	0	0	0	0	0	0	0	0	0	0	0	0	0	0	0	0	0	0	0	0	0	0	0	0	0	0	0	0	0	0	0	0	0	0	0	0	0
Leptospira_inadai	0	0	0	0	0	0	0	0	0	0	0	0	0	0	0	0	0	0	0	0	0	0	0	0	0	0	0	0	0	0	0	0	0	0	0	0	0	0	0	0	0
Leptospira_interrogans	0	0	0	0	0	0	0	0	0	0	0	0	0	0	0	0	0	0	0	0.8333333333333334	0.0	0.0	0.07792207792207792	0.012987012987012988	0.0	0.07792207792207792	0.0	0.0	0.07792207792207792	0.0	0.07142857142857142	0.0	0.0	0.012987012987012988	0.0	0.0	0.0	0.0	0.0	0.07142857142857142	14
Leptospira_kirschneri	0	0	0	0	0	0	0	0	0	0	0	0	0	0	0	0	0	0	0	0	0	0	0	0	0	0	0	0	0	0	0	0	0	0	0	0	0	0	0	0	0
Leptospira_kmetyi	0	0	0	0	0	0	0	0	0	0	0	0	0	0	0	0	0	0	0	0	0.0	0.0	0.06060606060606061	0.0	0.0	0.0	0.06060606060606061	0.0	0.06060606060606061	0.0	0.0	0.0	0.0	0.0	0.0	0.030303030303030304	0.0	0.030303030303030304	0.0	0.0	3
Leptospira_licerasiae	0	0	0	0	0	0	0	0	0	0	0	0	0	0	0	0	0	0	0	0	0	0	0	0	0	0	0	0	0	0	0	0	0	0	0	0	0	0	0	0	0
Leptospira_noguchii	0	0	0	0	0	0	0	0	0	0	0	0	0	0	0	0	0	0	0	0	0.0	0.09090909090909091	0.0	0.0	0.0	0.0	0.0	0.0	0.0	0.0	0.045454545454545456	0.0	0.0	0.0	0.0	0.0	0.045454545454545456	0.0	0.0	0.045454545454545456	2
Leptospira_santarosai	0	0	0	0	0	0	0	0	0	0	0	0	0	0	0	0	0	0	0	0	0.0	0.0	0.022727272727272728	0.022727272727272728	0.0	0.0	0.022727272727272728	0.0	0.0	0.0	0.0	0.022727272727272728	0.0	0.0	0.022727272727272728	0.0	0.0	0.0	0.0	0.0	4
Leptospira_santarosai_serovar_Shermani_str._LT_821	0	0	0	0	0	0	0	0	0	0	0	0	0	0	0	0	0	0	0	0	0.0	0.0909090909090909	0.0	0.0	0.0	0.0909090909090909	0.0	0.0	0.0	0.0	0.030303030303030304	0.0	0.0	0.0	0.06060606060606061	0.0	0.06060606060606061	0.030303030303030304	0.0	0.030303030303030304	3
Leptospira_weilii	0	0	0	0	0	0	0	0	0	0	0	0	0	0	0	0	0	0	0	0	0	0	0	0	0	0	0	0	0	0	0	0	0	0	0	0	0	0	0	0	0
Leptospira_wolffii	0	0	0	0	0	0	0	0	0	0	0	0	0	0	0	0	0	0	0	0	0	0	0	0	0	0	0	0	0	0	0	0	0	0	0	0	0	0	0	0	0
Listeria_monocytogenes	0	0	0	0	0	0	0	0	0	0	0	0	0	0	0	0	0.8	0	0	0	0.004784688995215311	0.03827751196172249	0.0	0.0	0.0	0.0	0.0	0.0430622009569378	0.0	0.0	0.0	0.009569377990430622	0.0	0.004784688995215311	0.0	0.0	0.03827751196172249	0.019138755980861243	0.014354066985645932	0.057416267942583726	19
Listeria_monocytogenes_HCC23	1.0	0	0	0.5	0	0	0	0	0	0	0	0	0	0	0	0	0	0	0	0.5	0.025974025974025976	0.0	0.0	0.025974025974025976	0.0	0.0	0.0	0.0	0.0	0.0	0.0	0.0	0.0	0.05194805194805195	0.0	0.025974025974025976	0.03896103896103896	0.025974025974025976	0.012987012987012988	0.03896103896103896	7
Listeria_monocytogenes_J1816	0	0	0	0	0	0	0	0	0	0	0	0	0	0	0	0	0	0	0	0	0.0	0.0	0.0	0.0	0.0	0.0	0.0	0.0	0.0	0.0	0.07272727272727272	0.0	0.01818181818181818	0.0	0.0	0.0	0.0	0.0	0.0	0.0	5
Lumpy_skin_disease_virus	0	0	0	0	0	0	0	0	0	0	0	0	0	0	0	0	0	0	0	0	0	0	0	0	0	0	0	0	0	0	0	0	0	0	0	0	0	0	0	0	0
Lymphocryptovirus	0	0	0	0	0	0	0	0	0	0	0	0	0	0	0	0	0	0	0	0	0	0	0	0	0	0	0	0	0	0	0	0	0	0	0	0	0	0	0	0	0
Mannheimia_haemolytica	0	0	0	0	0	0	0	0	0	0	0	0	0	0.38235294117647056	0.5	0	0	0	0	0	0.019027484143763214	0.0	0.0	0.0	0.0	0.0	0.0	0.0	0.0	0.0	0.003523608174770965	0.018322762508809022	0.021846370683579988	0.018322762508809022	0.021846370683579988	0.003523608174770965	0.018322762508809022	0.02818886539816772	0.0	0.018322762508809022	129
Mannheimia_haemolytica_D153	0	0	0	0	0	0	0	0	0	0	0	0	0	0	0	0	0	0	0	0	0.0	0.0	0.0	0.0	0.0	0.0	0.0	0.0	0.0	0.0	0.0	0.0	0.0	0.08080808080808081	0.0	0.0	0.0	0.0	0.0	0.08080808080808081	9
Mannheimia_haemolytica_M42548	0	0	0	0	0	0	0	0	0	0	0	0	0	0	0	0	0	0	0	0	0.0	0.0	0.0	0.0	0.0	0.09090909090909091	0.0	0.0	0.0	0.0	0.012987012987012988	0.0	0.012987012987012988	0.0	0.0	0.07792207792207792	0.0	0.0	0.06493506493506493	0.0	7
Mannheimia_haemolytica_USDA-ARS-USMARC-183	0	0	0	0	0	0	0	0	0	0	0	0	0	0	0	0	0	0	0	0	0.0	0.0	0.0	0.0	0.0	0.0	0.0	0.0	0.0	0.0	0.0	0.0	0.0	0.0	0.0	0.0	0.0	0.06818181818181818	0.0	0.022727272727272728	4
Mannheimia_haemolytica_USMARC_2286	0	0	0	0	0	0	0	0	0	0	0	0	0	0	0	0	0	0	0	0	0.0	0.0	0.0	0.0	0.0	0.0	0.0	0.0	0.0	0.0	0.0	0.0	0.08264462809917356	0.0	0.08264462809917356	0.0	0.008264462809917356	0.0	0.08264462809917356	0.0	11
Measles_morbillivirus	0	0	0	0	0	0	0	0	0	0	0	0	0	0	0	0	0	0	0	0	0	0	0	0	0	0	0	0	0	0	0	0	0	0	0	0	0	0	0	0	0
Methanobrevibacter_oralis	0	0	0	0	0	0	0	0	0	0	0	0	0	0	0	0	0	0	0	0	0	0	0	0	0	0	0	0	0	0	0	0	0	0	0	0	0	0	0	0	0
Moraxella_catarrhalis	0	0	0	0	0	0	0	0	0	0	0	0	0	0	0	0	0	0	0	0	0	0	0	0	0	0	0	0	0	0	0	0	0	0	0	0	0	0	0	0	0
Moraxella_catarrhalis_BBH18	0	0	0	0	0	0	0	0	0	0	0	0	0	0	0	0	0	0	0	0	0.0	0.0	0.0	0.0	0.0	0.0	0.0	0.0	0.0	0.0	0.0	0.0	0.0	0.0	0.0	0.06060606060606061	0.0	0.0	0.0	0.0	3
Morbillivirus	0	0	0	0	0	0	0	0	0	0	0	0	0	0	0	0	0	0	0	0	0	0	0	0	0	0	0	0	0	0	0	0	0	0	0	0	0	0	0	0	0
Mycobacterium_avium	0.05647382920110193	0.014209591474245116	0.009776536312849162	0.015479876160990712	0.0028129395218002813	0.022263450834879406	0.07259528130671507	0.03189792663476874	0.06204906204906205	0	0	0.06896551724137931	0.035164835164835165	0.06550218340611354	0.008571428571428572	0	0.029940119760479042	0.036163522012578615	0.015384615384615385	0.0037105751391465678	0.007862153382609104	0.009274516265712537	0.009604067605103338	0.012899580999011347	0.006873499364436703	0.011958005743609057	0.010027776470034368	0.00941575255402288	0.00823878348477002	0.006449790499505673	0.009321595028482652	0.008615413586930935	0.011581375641448143	0.014641495221505579	0.007815074619838991	0.00950991007956311	0.01068687914881597	0.01068687914881597	0.006167317922884986	0.011204745539287228	1931
Mycobacterium_avium_subsp._avium	0	0.034482758620689655	0	0	0	0	0	0	0	0	0.1	0.32432432432432434	0.058823529411764705	0	0	0	0	0.08333333333333333	0	0	0.014229249011857709	0.010276679841897235	0.007905138339920948	0.013438735177865613	0.014229249011857709	0.006324110671936759	0.022134387351778657	0.009486166007905137	0.007114624505928854	0.011857707509881422	0.005533596837944664	0.026877470355731226	0.006324110671936759	0.012648221343873518	0.022134387351778657	0.011067193675889328	0.009486166007905137	0.0031620553359683794	0.018972332015810275	7.905138339920949E-4	115
Mycobacterium_avium_subsp._hominissuis	0.008620689655172414	0.02	0.036036036036036036	0.02830188679245283	0	0.010526315789473684	0	0.02702702702702703	0.08571428571428572	0.06422018348623854	0	0.0990990990990991	0	0.045112781954887216	0	0.04	0.02912621359223301	0	0.01834862385321101	0	0.009625668449197862	0.011764705882352941	0.010160427807486631	0.011229946524064172	0.007754010695187165	0.012032085561497326	0.008823529411764706	0.010160427807486631	0.011764705882352941	0.00802139037433155	0.006951871657754011	0.009625668449197862	0.008823529411764706	0.011229946524064172	0.0053475935828877	0.01764705882352941	0.008556149732620321	0.010962566844919785	0.014171122994652407	0.008823529411764706	340
Mycobacterium_avium_subsp._paratuberculosis	0.029411764705882353	0	0.09090909090909091	0	0	0	0	0.25	0	0	0	0	0	0	0	0	0	0	0.034482758620689655	0.13513513513513514	0.020562770562770564	0.007575757575757576	0.015151515151515152	0.012987012987012986	0.008658008658008658	0.0032467532467532465	0.023809523809523808	0.015151515151515152	0.011904761904761904	0.007575757575757576	0.0032467532467532465	0.015151515151515152	0.01406926406926407	0.00974025974025974	0.005411255411255411	0.00974025974025974	0.016233766233766232	0.012987012987012986	0.004329004329004329	0.00974025974025974	84
Mycobacterium_canettii	0	0.3333333333333333	0.3333333333333333	0.2	0	0	0.2	0	0	0	0	0.1111111111111111	0	0	0	0	0	0.2	0	0	0.01818181818181818	0.01818181818181818	0.013636363636363636	0.02727272727272727	0.02727272727272727	0.004545454545454545	0.01818181818181818	0.022727272727272728	0.013636363636363636	0.01818181818181818	0.01818181818181818	0.00909090909090909	0.013636363636363636	0.022727272727272728	0.00909090909090909	0.00909090909090909	0.022727272727272728	0.00909090909090909	0.00909090909090909	0.022727272727272728	20
Mycobacterium_colombiense	0	0	0	0	0	0	0	0	0	0	0	0	0	0	0	0	0	0	0	0	0	0	0	0	0	0	0	0	0	0	0	0	0	0	0	0	0	0	0	0	0
Mycobacterium_colombiense_CECT_3035	0.08	0.09090909090909091	0.14	0	0	0.07692307692307693	0.022222222222222223	0.05263157894736842	0.06896551724137931	0	0.023255813953488372	0.02564102564102564	0	0.05555555555555555	0.06451612903225806	0.025	0	0.04878048780487805	0.046511627906976744	0.047619047619047616	0.01443001443001443	0.013708513708513708	0.015151515151515152	0.007215007215007215	0.00937950937950938	0.007936507936507936	0.005772005772005772	0.007936507936507936	0.010822510822510822	0.007936507936507936	0.004329004329004329	0.0101010101010101	0.002886002886002886	0.00937950937950938	0.007215007215007215	0.006493506493506494	0.007215007215007215	0.0101010101010101	0.011544011544011544	0.007936507936507936	126
Mycobacterium_intracellulare	0.09090909090909091	0	0	0	0.037037037037037035	0	0.03125	0.015625	0	0.07692307692307693	0	0.023255813953488372	0.029411764705882353	0.0625	0.022727272727272728	0	0	0.10526315789473684	0.03333333333333333	0	0.014420062695924765	0.014420062695924765	0.01316614420062696	0.010658307210031347	0.01316614420062696	0.006269592476489028	0.007523510971786833	0.008150470219435737	0.00877742946708464	0.009404388714733541	0.006896551724137931	0.016300940438871474	0.01755485893416928	0.009404388714733541	0.010658307210031347	0.015047021943573666	0.013793103448275862	0.01818181818181818	0.011912225705329153	0.014420062695924765	145
Mycobacterium_intracellulare_subsp._yongonense	0	0.25	0	0.14814814814814814	0	0	0	0	0	0.25	0.1	0	0	0	0	0	0	0	0	0.11764705882352941	0.0018552875695732839	0.038033395176252316	9.276437847866419E-4	0.012059369202226345	0.006493506493506493	0.0027829313543599257	0.01948051948051948	0.013914656771799629	0.0074211502782931356	0.012987012987012986	0.01020408163265306	0.00463821892393321	0.01020408163265306	0.00927643784786642	0.0055658627087198514	0.008348794063079777	0.0018552875695732839	0.0055658627087198514	0.029684601113172542	0.00927643784786642	98
Mycobacterium_kansasii	0.04	0.07462686567164178	0.01282051282051282	0.06451612903225806	0.0410958904109589	0.028169014084507043	0.029411764705882353	0.0547945205479452	0.031746031746031744	0.031746031746031744	0.015384615384615385	0	0	0.018518518518518517	0.014925373134328358	0.014925373134328358	0	0.012345679012345678	0.012195121951219513	0	0.015019762845849802	0.00909090909090909	0.00909090909090909	0.012648221343873518	0.005928853754940711	0.007509881422924901	0.007905138339920948	0.010671936758893281	0.007509881422924901	0.011857707509881422	0.0067193675889328066	0.012648221343873518	0.009486166007905137	0.005533596837944664	0.014229249011857709	0.014624505928853756	0.003557312252964427	0.00909090909090909	0.007509881422924901	0.008300395256916997	230
Mycobacterium_leprae	0	0	0	0	0	0	0	0	0	0	0	0	0	0	0	0	0	0	0	0	0	0	0	0	0	0	0	0	0	0	0	0	0	0	0	0	0	0	0	0	0
Mycobacterium_leprae_Kyoto-2	0	0	0	0	0.5	0	1.0	0	0.5	0	0	0	0	0	0	0	0	0	0	0	0.01818181818181818	0.01818181818181818	0.01818181818181818	0.0	0.01818181818181818	0.0	0.01818181818181818	0.01818181818181818	0.01818181818181818	0.0	0.0	0.01818181818181818	0.01818181818181818	0.03636363636363636	0.01818181818181818	0.01818181818181818	0.01818181818181818	0.01818181818181818	0.0	0.0	5
Mycobacterium_marseillense	0.043478260869565216	0	0.125	0.058823529411764705	0.08333333333333333	0.0625	0.07407407407407407	0	0.1	0.0625	0	0	0.041666666666666664	0	0	0	0.047619047619047616	0.11764705882352941	0.06666666666666667	0.058823529411764705	0.011784511784511785	0.008417508417508417	0.021885521885521887	0.015151515151515152	0.011784511784511785	0.011784511784511785	0.01346801346801347	0.008417508417508417	0.01346801346801347	0.011784511784511785	0.006734006734006735	0.01346801346801347	0.00505050505050505	0.00505050505050505	0.015151515151515152	0.006734006734006735	0.011784511784511785	0.018518518518518517	0.0202020202020202	0.006734006734006735	54
Mycobacterium_sp._JS623	0.05714285714285714	0.02702702702702703	0.027777777777777776	0	0	0	0	0.03225806451612903	0	0.03125	0.027777777777777776	0	0	0	0	0.05714285714285714	0.058823529411764705	0.08571428571428572	0	0	0.009433962264150943	0.009433962264150943	0.008576329331046312	0.010291595197255574	0.01457975986277873	0.008576329331046312	0.005145797598627787	0.009433962264150943	0.011149228130360206	0.008576329331046312	0.006003430531732418	0.009433962264150943	0.003430531732418525	0.004288164665523156	0.009433962264150943	0.00686106346483705	0.0137221269296741	0.012006861063464836	0.012006861063464836	0.007718696397941681	106
Mycobacterium_sp._YC-RL4	0.06521739130434782	0.1282051282051282	0.07142857142857142	0.05454545454545454	0	0.025	0.03571428571428571	0.018867924528301886	0	0.022727272727272728	0.022222222222222223	0.058823529411764705	0.021739130434782608	0	0	0.061224489795918366	0	0.03636363636363636	0	0.09523809523809523	0.011830635118306352	0.01805728518057285	0.0136986301369863	0.015566625155666253	0.011830635118306352	0.008094645080946452	0.0074719800747198	0.008094645080946452	0.008717310087173101	0.008094645080946452	0.00684931506849315	0.009962640099626401	0.011207970112079703	0.00684931506849315	0.0074719800747198	0.01058530510585305	0.014321295143212951	0.011207970112079703	0.012453300124533	0.00933997509339975	146
Mycobacterium_tuberculosis	0.09333333333333334	0	0	0.13636363636363635	0.12790697674418605	0.16666666666666666	0	0.05063291139240506	0.06060606060606061	0.04	0	0.046875	0.021739130434782608	0	0.06451612903225806	0.1016949152542373	0.09836065573770492	0.013157894736842105	0	0.03225806451612903	0.02	0.023181818181818182	0.010909090909090908	0.013636363636363636	0.011818181818181818	0.02	0.011818181818181818	0.011818181818181818	0.010454545454545454	0.005909090909090909	0.005909090909090909	0.008181818181818182	0.008636363636363636	0.008181818181818182	0.00909090909090909	0.019090909090909092	0.011363636363636364	0.008636363636363636	0.00909090909090909	0.017272727272727273	200
Mycobacterium_tuberculosis_KZN_1435	0.01694915254237288	0	0	0	0	0.02	0	0	0	0	0	0.09375	0.0625	0	0.3194444444444444	0	0.16	0	0.015625	0.15384615384615385	0.013986013986013986	0.012910166756320602	0.006455083378160301	0.008068854222700376	0.00860677783754707	0.016675632060247445	0.01506186121570737	0.005917159763313609	0.004303388918773535	0.008068854222700376	0.019365250134480906	0.018827326519634213	0.009682625067240453	0.014523937600860678	0.019365250134480906	0.011296395911780527	0.027434104357181282	0.007530930607853685	0.01506186121570737	0.027434104357181282	169
Mycobacterium_tuberculosis_complex	0.08333333333333333	0.11510791366906475	0.06334841628959276	0	0.03827751196172249	0.01485148514851485	0.06569343065693431	0.18324607329842932	0.06896551724137931	0	0.036036036036036036	0	0.05699481865284974	0.08780487804878048	0	0.125	0	0	0	0.02617801047120419	0.013407985855311626	0.01414468837483424	0.01222926182407544	0.012965964343598054	0.011345218800648298	0.01222926182407544	0.014734050390452337	0.014586709886547812	0.009871813761603064	0.0176808604685428	0.011197878296743775	0.008103727714748784	0.0066303226757035505	0.011345218800648298	0.010019154265507587	0.01797554147635185	0.011345218800648298	0.0088404302342714	0.012965964343598054	0.008693089730366877	617
Mycobacterium_tuberculosis_variant_africanum	0	0	0	0	0	0	0	0	0	0	0	0	0	0	0	0	0	0	0	0	0	0	0	0	0	0	0	0	0	0	0	0	0	0	0	0	0	0	0	0	0
Mycobacterium_tuberculosis_variant_bovis	0	0	0	0	0	0	0	0	0	0	0	0	0	0	0	0	0	0	0	0	0	0	0	0	0	0	0	0	0	0	0	0	0	0	0	0	0	0	0	0	0
Mycobacteroides_abscessus	0.155902004454343	0.07857142857142857	0	0	0.0728476821192053	0	0	0.13636363636363635	0	0.038461538461538464	0	0.022082018927444796	0.0658682634730539	0	0	0	0.09944751381215469	0.013651877133105802	0.06498194945848375	0.0443213296398892	0.01594896331738437	0.014265461633882686	0.015062909799751905	0.010987063618642566	0.010987063618642566	0.015062909799751905	0.014354066985645932	0.017012227538543326	0.003987240829346092	0.011075668970405812	0.008417508417508417	0.010278220804536593	0.01213893319156477	0.006734006734006734	0.009835194045720362	0.012050327839801523	0.021088073719652666	0.008240297713981925	0.008506113769271663	0.015328725855041643	1026
Mycobacteroides_abscessus_subsp._abscessus	0	0	0	0	0	0.06976744186046512	0.025	0	0	0	0.061224489795918366	0	0	0.05	0.03636363636363636	0	0	0	0	0	0.018268812527185735	0.023923444976076555	0.006089604175728578	0.00869943453675511	0.01261418007829491	0.0013049151805132665	0.005654632448890823	0.004349717268377555	0.003044802087864289	0.01652892561983471	0.009134406263592867	0.006089604175728578	0.004349717268377555	0.005654632448890823	0.01652892561983471	0.014789038712483688	0.0078294910830796	0.024793388429752067	0.020008699434536755	0.018268812527185735	209
Mycobacteroides_abscessus_subsp._bolletii	0	0	0	0	0	0	0	0	0	0	0	0	0	0	0	0	0	0.3333333333333333	0	0	0.0	0.0	0.0	0.0	0.0	0.0	0.0	0.0	0.0	0.0	0.0	0.0	0.0	0.0	0.0	0.0	0.0	0.022727272727272728	0.045454545454545456	0.0	4
Mycobacteroides_abscessus_subsp._bolletii_50594	0	0	0	0	0	0	0	0	1.0	0	0	0	0	0	0	0	0	0	0	0	0.0	0.0	0.0	0.0	0.0	0.0	0.0	0.030303030303030304	0.030303030303030304	0.030303030303030304	0.0	0.0	0.0	0.0	0.0	0.030303030303030304	0.0	0.0	0.015151515151515152	0.0	6
Mycobacteroides_abscessus_subsp._massiliense	0	0	0	0.2777777777777778	0	0	0	0	0	0.23076923076923078	0	0.3333333333333333	0	0.5	0	0	0	0	0	0	0.0	0.0	0.02536997885835095	0.035940803382663845	0.0	0.0	0.0	0.02536997885835095	0.0	0.012684989429175475	0.02536997885835095	0.014799154334038054	0.010570824524312896	0.027484143763213533	0.0	0.010570824524312896	0.014799154334038054	0.0	0.027484143763213533	0.014799154334038054	43
Mycobacteroides_abscessus_subsp._massiliense_CCUG_48898_=_JCM_15300	0	0	0.24390243902439024	0.08333333333333333	0	0	0	0	0	0.17543859649122806	0.22448979591836735	0	0	0	0.38333333333333336	0	0	0.8961038961038961	0	0	0.034465534465534464	0.0	0.01948051948051948	0.004995004995004995	0.01098901098901099	0.022477522477522476	0.0	0.011988011988011986	0.0	0.004995004995004995	0.01748251748251748	0.028471528471528472	0.01098901098901099	0.015484515484515486	0.022477522477522476	0.016483516483516484	0.03396603396603397	0.045454545454545456	0.02147852147852148	0.008991008991008992	182
Mycoplasma_haemocanis	0	0	0	0	0	0	0	0	0	0	0	0	0	0	0	0	0	0	0	0	0	0	0	0	0	0	0	0	0	0	0	0	0	0	0	0	0	0	0	0	0
Mycoplasma_haemofelis	0	0	0	0	0	0	0	0	0	0	0	0	0	0	0	0	0	0	0	0	0	0	0	0	0	0	0	0	0	0	0	0	0	0	0	0	0	0	0	0	0
Mycoplasma_haemofelis_str._Langford_1	0	0	1.0	0	0	0	0	0	0	0	0	0	0	0	0	0	0	0	0	0	0.0	0.0	0.09090909090909091	0.0	0.09090909090909091	0.0	0.09090909090909091	0.0	0.0	0.0	0.0	0.0	0.0	0.0	0.0	0.0	0.09090909090909091	0.0	0.0	0.0	1
Mycoplasma_mycoides	0	0	0	0	0	0	0	0	0	0	0	0	0	0	0	0	0	0	0	0	0	0	0	0	0	0	0	0	0	0	0	0	0	0	0	0	0	0	0	0	0
Mycoplasma_ovipneumoniae	0	0	0	0	0	0	0	0	0	0	0	0	0	0	0	0	0	0	0	0	0	0	0	0	0	0	0	0	0	0	0	0	0	0	0	0	0	0	0	0	0
Mycoplasma_pneumoniae	0	0	0	0	0	0	0	0	0	0	0	0	0	0	0	0	0	0	0	0	0	0	0	0	0	0	0	0	0	0	0	0	0	0	0	0	0	0	0	0	0
Neisseria_elongata	0	0	0	0	0	0	0	0	0	0	0	0	0	0	0	0	0	0	0	0	0	0	0	0	0	0	0	0	0	0	0	0	0	0	0	0	0	0	0	0	0
Neisseria_elongata_subsp._glycolytica	0	0	0	0	0	0	0	0	0	0	0	0	0	0	0	0	0	0	0	0	0.0	0.0	0.0	0.030303030303030304	0.0	0.0	0.030303030303030304	0.0	0.0	0.0	0.0	0.0	0.0	0.0	0.0	0.0	0.030303030303030304	0.0	0.0	0.06060606060606061	3
Neisseria_gonorrhoeae	0	0	0	0	0	0	0	0	0	0	0	0	0	0	0	0	0	0	0	0	0.0	0.0	0.0	0.0	0.0	0.0	0.0	0.0	0.0	0.0	0.0	0.08522727272727272	0.0	0.0	0.0	0.0	0.0	0.0	0.0	0.0	16
Neisseria_gonorrhoeae_NG-k51.05	0	0	0	0	0	0	0	0	0	0	0	0	0	0	0	0	0	0	0	0	0.0	0.0	0.0	0.09090909090909091	0.0	0.0	0.0	0.0	0.0	0.0	0.0	0.0	0.005050505050505051	0.09090909090909091	0.0	0.0	0.0	0.0	0.0	0.0	18
Neisseria_meningitidis	0.14285714285714285	0	0	0	0	0	0	0	0	0	0	0	0	0	0.7692307692307693	0	0	0	0	0	0.004329004329004329	0.0	0.0	0.0	0.051948051948051945	0.004329004329004329	0.025974025974025972	0.0	0.004329004329004329	0.0	0.0	0.025974025974025972	0.008658008658008658	0.0	0.04329004329004329	0.012987012987012986	0.004329004329004329	0.0	0.0	0.0	21
Neisseria_mucosa	0	0	0	0	0	0	0	0	0	0	0	0	0	0	0	0	0	0	0	0	0	0	0	0	0	0	0	0	0	0	0	0	0	0	0	0	0	0	0	0	0
Neisseria_sicca	0	0	0	0	0	0	0	0	0	0	0	0	0	0	0	0	0	0	0	0	0	0	0	0	0	0	0	0	0	0	0	0	0	0	0	0	0	0	0	0	0
Neisseria_subflava	0	0	0	0	0	0	0	0	0	0	0	0	0	0	0	0	0	0	0	0	0.0	0.0	0.0	0.0	0.0	0.0	0.0	0.0	0.0	0.0	0.0	0.0	0.0	0.0	0.0	0.0	0.0	0.0	0.0	0.0	1
Neisseria_weaveri	0	0	0	0	0	0	0	0	0	0	0	0	0	0	0	0	0	0	0	0	0	0	0	0	0	0	0	0	0	0	0	0	0	0	0	0	0	0	0	0	0
Orthohepadnavirus	0	0	0	0	0	0	0	0	0	0	0	0	0	0	0	0	0	0	0	0	0	0	0	0	0	0	0	0	0	0	0	0	0	0	0	0	0	0	0	0	0
Orthopoxvirus	0	0	0	0	0	0	0	0	0	0	0	0	0	0	0	0	0	0	0	0	0	0	0	0	0	0	0	0	0	0	0	0	0	0	0	0	0	0	0	0	0
Paraavulavirus	0	0	0	0	0	0	0	0	0	0	0	0	0	0	0	0	0	0	0	0	0	0	0	0	0	0	0	0	0	0	0	0	0	0	0	0	0	0	0	0	0
Parvimonas_micra	1.0	0	0	0	0	0	0	0	0	0	0	0	0	0	0	0	0	0	0	0	0.030303030303030304	0.030303030303030304	0.030303030303030304	0.0	0.0	0.06060606060606061	0.0	0.030303030303030304	0.0909090909090909	0.0	0.030303030303030304	0.030303030303030304	0.030303030303030304	0.0	0.030303030303030304	0.0	0.0	0.0	0.06060606060606061	0.0	3
Pasteurella_multocida	0	0	0	0	0	0	0	0	0	0	0	0	0	0	0	0	0	0	0	0	0.08333333333333333	0.0	0.0	0.0	0.0	0.0	0.0	0.0	0.0	0.007575757575757576	0.0	0.0	0.0	0.0	0.0	0.0	0.0	0.0	0.0	0.0	12
Pasteurella_multocida_subsp._multocida	0	0	0	0	0	0	0	0	0	0	0	0	0	0	0	0	0	0	0	0	0.0	0.0	0.0	0.0	0.0	0.0	0.0	0.0	0.0	0.0	0.0	0.0	0.0	0.0	0.0	0.0	0.0	0.0	0.0	0.0	1
Peptostreptococcus_anaerobius	0	0	0	0	0	0	0	0	0	0	0	0	0	0	0	0	0	0	0	0	0	0	0	0	0	0	0	0	0	0	0	0	0	0	0	0	0	0	0	0	0
Polyomaviridae	0	0	0	0	0	0	0	0	0	0	0	0	0	0	0	0	0	0	0	0	0	0	0	0	0	0	0	0	0	0	0	0	0	0	0	0	0	0	0	0	0
Porphyromonas_gingivalis	1.0	0	0	0	0	0	0	0	0	0	0	0	0	0	0	0	0	0	0	0	0.01818181818181818	0.0	0.0	0.01818181818181818	0.0	0.0	0.0	0.0	0.0	0.03636363636363636	0.0	0.0	0.0	0.0	0.0	0.0	0.0	0.0	0.0	0.0	5
Porphyromonas_gingivalis_A7A1-28	0	0	0	0	0	0	0	0	0	0	0	0	0	0	0	0	0	0	0	0	0.0	0.0	0.0	0.0	0.0	0.0	0.0	0.0	0.0	0.0	0.045454545454545456	0.045454545454545456	0.0	0.0	0.0	0.0	0.045454545454545456	0.045454545454545456	0.0	0.045454545454545456	2
Porphyromonas_gingivalis_ATCC_33277	0	0	0	0	0	0	0	0	0	0	0	0	0	0	0	0	0	0	0	0	0.0	0.0	0.0	0.0	0.0	0.0	0.09090909090909091	0.0	0.0	0.0	0.0	0.0	0.07272727272727272	0.07272727272727272	0.0	0.07272727272727272	0.0	0.0	0.0	0.0	5
Porphyromonas_gingivalis_TDC60	0	0	0	0	0	0	0	0	0	0	1.0	0	0	0	0	0	0	0	0	0	0.09090909090909091	0.09090909090909091	0.0	0.0	0.0	0.09090909090909091	0.0	0.0	0.0	0.0	0.022727272727272728	0.0	0.0	0.0	0.0	0.0	0.022727272727272728	0.0	0.0	0.06818181818181818	4
Porphyromonas_gingivalis_W83	0	0	0	0	0	0	0	0	0	0	0	0	0	0	0	0	0	0	0	0	0	0	0	0	0	0	0	0	0	0	0	0	0	0	0	0	0	0	0	0	0
Rickettsia_africae	0	0	0	0	0	0	0	0	0	0	0	0	0	0	0	0	0	0	0	0	0	0	0	0	0	0	0	0	0	0	0	0	0	0	0	0	0	0	0	0	0
Rickettsia_akari	0	0	0	0	0	0	0	0	0	0	0	0	0	0	0	0	0	0	0	0	0	0	0	0	0	0	0	0	0	0	0	0	0	0	0	0	0	0	0	0	0
Rickettsia_conorii	0	1.0	0	0	0	0	0	0	0	0	0	0	0	0	0	0	0	0	0	1.0	0.0	0.045454545454545456	0.0	0.0	0.045454545454545456	0.0	0.0	0.045454545454545456	0.045454545454545456	0.0	0.0	0.0	0.0	0.045454545454545456	0.0	0.0	0.045454545454545456	0.0	0.0	0.045454545454545456	2
Rickettsia_felis	0	0	0	0	0	0	0	0	0	0	0	0	0	0	0	0	0	0	0	0	0	0	0	0	0	0	0	0	0	0	0	0	0	0	0	0	0	0	0	0	0
Rickettsia_japonica	0	0	0	0	0	0	0	0	0	0	0	0	0	0	0	0	0	0	0	0	0	0	0	0	0	0	0	0	0	0	0	0	0	0	0	0	0	0	0	0	0
Rickettsia_prowazekii	0	0	0	0	0	0	0	0	0	0	0	0	0	0	0	0	0	0	0	0	0	0	0	0	0	0	0	0	0	0	0	0	0	0	0	0	0	0	0	0	0
Rickettsia_rickettsii	0	0	0	0	0	0	0	0	0	0	0	0	0	0	0	0	0	0	0	0	0	0	0	0	0	0	0	0	0	0	0	0	0	0	0	0	0	0	0	0	0
Rickettsia_sibirica	0	0	0	0	0	0	0	0	0	0	0	0	0	0	0	0	0	0	0	0	0	0	0	0	0	0	0	0	0	0	0	0	0	0	0	0	0	0	0	0	0
Rickettsia_typhi	0	0	0	0	0	0	0	0	0	0	0	0	0	0	0	0	0	0	0	0	0	0	0	0	0	0	0	0	0	0	0	0	0	0	0	0	0	0	0	0	0
Salmonella_enterica	0.0039603960396039604	0	0	0	0.9803921568627451	0	0	0	0	0	0	0	0	0	0	0	0	0	0	0	0.01149036836769179	0.0	0.03402050242198941	1.1265067027148812E-4	0.0113777176974203	1.1265067027148812E-4	0.0	0.0	2.2530134054297624E-4	1.1265067027148812E-4	2.2530134054297624E-4	0.022530134054297626	0.0	0.011265067027148813	1.1265067027148812E-4	0.011265067027148813	0.011265067027148813	0.0	0.022530134054297626	0.011603019037963276	807
Salmonella_enterica_subsp._VII	0	1.0	0	0	0	0	0	0	0	0	0	0	0	0	0	0	0	0	0	0	0.0	0.09090909090909091	0.0	0.0	0.0	0.09090909090909091	0.0	0.0	0.0	0.0	0.0	0.0	0.0	0.0	0.0	0.0	0.0	0.0	0.0	0.0	1
Salmonella_enterica_subsp._diarizonae_serovar_48:i:z	0	0	0	0	0	0	0	0	0	0	0	0	0	0	0	0	0	0	0	0	0.0	0.0	0.0	0.0	0.0	0.0	0.09090909090909091	0.09090909090909091	0.0	0.0	0.0	0.0	0.0	0.0	0.0	0.0	0.0	0.0	0.0	0.09090909090909091	1
Salmonella_enterica_subsp._enterica	1.0	0	0.8064516129032258	0.4807692307692308	0	0	0.05555555555555555	0	0	0	0	0.024193548387096774	0	0	0	0	0	0	0	0	0.05509641873278237	0.05537190082644628	0.05509641873278237	0.027548209366391185	0.005234159779614325	0.0049586776859504135	0.006887052341597796	0.02809917355371901	0.027548209366391185	0.0	0.0	8.264462809917355E-4	5.509641873278238E-4	0.0024793388429752068	0.0	2.754820936639119E-4	0.0	0.0011019283746556475	5.509641873278238E-4	0.0049586776859504135	330
Salmonella_enterica_subsp._enterica_serovar_Agona	0	0	0	0	0	0	0	0	0	0	0	0	0	0	1.0	0	0	0	0	0	0.0	0.0	0.0	0.0	0.0	0.0	0.0	0.0	0.0	0.0	0.0	0.0	0.0	0.0	0.045454545454545456	0.0	0.045454545454545456	0.0	0.0	0.0	2
Salmonella_enterica_subsp._enterica_serovar_Choleraesuis	0	0	1.0	0	0	0	0	0	0	0	0	0	0	0	0	0	0	0	0	0	0.06060606060606061	0.0	0.06060606060606061	0.0	0.06060606060606061	0.06060606060606061	0.0	0.0	0.0	0.0	0.0	0.0	0.0	0.030303030303030304	0.0	0.030303030303030304	0.0	0.06060606060606061	0.030303030303030304	0.0	3
Salmonella_enterica_subsp._enterica_serovar_Minnesota	0	0	0	0	0	0	0	0	0	0	0	0	0	0	0	0	0	0	0	0	0.09090909090909091	0.0	0.0	0.0	0.0	0.0	0.0	0.0	0.0	0.0	0.0	0.0	0.0	0.0	0.0	0.0	0.0	0.0	0.0	0.0	1
Salmonella_enterica_subsp._enterica_serovar_Muenchen	0	0	0	0	0	0	0	0	0	0	0	1.0	0	0	0	0	0	0	0	0	0.0	0.0	0.0	0.0	0.0	0.0	0.0	0.0	0.0	0.0	0.0	0.09090909090909091	0.0	0.0	0.0	0.0	0.0	0.0	0.0	0.0	1
Salmonella_enterica_subsp._enterica_serovar_Typhimurium	0	0	0	0	0	0	0	0	0	0	0	0	0	1.0	0	0	0	0	1.0	0	0.0	0.0	0.0	0.0	0.0	0.0	0.0	0.0	0.0	0.09090909090909091	0.045454545454545456	0.0	0.0	0.045454545454545456	0.0	0.0	0.0	0.0	0.045454545454545456	0.0	2
Sheeppox_virus	0	0	0	0	0	0	0	0	0	0	0	0	0	0	0	0	0	0	0	0	0	0	0	0	0	0	0	0	0	0	0	0	0	0	0	0	0	0	0	0	0
Shigella_boydii	0	0	0	0	0	0	0	0	0	0	0	0	0	0	0	0	0	0	0	0	0	0	0	0	0	0	0	0	0	0	0	0	0	0	0	0	0	0	0	0	0
Shigella_dysenteriae	0	0	0	0	0	0	0	0	0	0	0	0	0	0	0	0	0	0	0	0	0	0	0	0	0	0	0	0	0	0	0	0	0	0	0	0	0	0	0	0	0
Shigella_flexneri	0	0	0	0	0	0	0	0	0	0	0	0	0	0	0	0	0	0	0	0	0	0	0	0	0	0	0	0	0	0	0	0	0	0	0	0	0	0	0	0	0
Shigella_sonnei	0	0	0	0	0	0	0	0	0	0	0	0	0	0	0	0	0	0	0	0	0	0	0	0	0	0	0	0	0	0	0	0	0	0	0	0	0	0	0	0	0
Simian_virus_12	0	0	0	0	0	0	0	0	0	0	0	0	0	0	0	0	0	0	0	0	0	0	0	0	0	0	0	0	0	0	0	0	0	0	0	0	0	0	0	0	0
Staphylococcus_aureus	0	0	0	0	0	0	0	0	0.7	0	0.6666666666666666	0	0	0	0	0	0	0	0	0	0.006060606060606061	0.0	0.006060606060606061	0.0	0.0	0.006060606060606061	0.0	0.0	0.04242424242424243	0.0	0.01818181818181818	0.012121212121212121	0.0	0.012121212121212121	0.01818181818181818	0.0	0.01818181818181818	0.0	0.024242424242424242	0.0	15
Staphylococcus_aureus_subsp._aureus_6850	0	0	0	0	0	0	0	0	0	0	0	0	0	0	0	0	0	0	0	0	0.0	0.0	0.0	0.0	0.0	0.0	0.0	0.0	0.09090909090909091	0.0	0.045454545454545456	0.0	0.0	0.0	0.0	0.045454545454545456	0.045454545454545456	0.0	0.0	0.0	2
Staphylococcus_cohnii	0	0	0	0	0	0	0	0	0	0	0	0	0	0	0	0	0	0	0	1.0	0.0	0.0	0.0	0.09090909090909091	0.0	0.0	0.0	0.0	0.0	0.0	0.0	0.0	0.0	0.022727272727272728	0.045454545454545456	0.045454545454545456	0.022727272727272728	0.0	0.0	0.045454545454545456	4
Staphylococcus_epidermidis	0	0	0	0	0	0	0	0	0	0	0	0	0	0	0	0	0	0	0	0	0	0	0	0	0	0	0	0	0	0	0	0	0	0	0	0	0	0	0	0	0
Staphylococcus_equorum	1.0	0	0	0	1.0	0	0	0	0	0	0	0	0	0	0	0	0	0	0	0	0.045454545454545456	0.0	0.0	0.0	0.045454545454545456	0.0	0.0	0.0	0.0	0.0	0.0	0.0	0.0	0.0	0.0	0.0	0.0	0.0	0.0	0.0	2
Staphylococcus_hominis	0	0	0	0.5	0	0	0	0	0	0	0	0	0	0	0	0	0	0	0	0	0.0	0.030303030303030304	0.030303030303030304	0.030303030303030304	0.0	0.0	0.0	0.0	0.0	0.030303030303030304	0.0	0.0	0.0	0.030303030303030304	0.0	0.0	0.0	0.030303030303030304	0.030303030303030304	0.030303030303030304	3
Staphylococcus_nepalensis	0	0	0	0	0	0	0	0	0	0	0	0	0	0	0	0	0	0	0	0	0	0	0	0	0	0	0	0	0	0	0	0	0	0	0	0	0	0	0	0	0
Staphylococcus_saprophyticus	0	0	0	0	0	0	0	0	0	0	0	0	0	0	0	0	0	0	0	0	0.0	0.0	0.0	0.0	0.0	0.0	0.0	0.0	0.0	0.0	0.0	0.0	0.0	0.0	0.0	0.0	0.0	0.0	0.0	0.0	1
Staphylococcus_simulans	0	0	0	0	0	0	0	0	0	0	0	0	0	0	0	0	0	0	0	0	0.0	0.0	0.0	0.0	0.0	0.0	0.0	0.0	0.0	0.0	0.0	0.0	0.0	0.0	0.0	0.0	0.0	0.0	0.0	0.0	2
Staphylococcus_succinus	0	0	0	0	0	0	0	0	0	0	0	0	0	0	0	0	0	0	0	0	0	0	0	0	0	0	0	0	0	0	0	0	0	0	0	0	0	0	0	0	0
Streptococcus_agalactiae	0	0	0	0	0	0	0	0	0	0	0	0	0	0	0	0	0	0	0	0	0	0	0	0	0	0	0	0	0	0	0	0	0	0	0	0	0	0	0	0	0
Streptococcus_anginosus	0	0	0	0	0	0	0	0	0	0	0	0	0	0	0	0	0	0	0	0	0	0	0	0	0	0	0	0	0	0	0	0	0	0	0	0	0	0	0	0	0
Streptococcus_canis	0	0	0	0	0	0	0	0	0	0	0	0	0	0	0	0	0	0	0	0	0	0	0	0	0	0	0	0	0	0	0	0	0	0	0	0	0	0	0	0	0
Streptococcus_cristatus	0	0	0	0	0	0	0	0	0	0	0	0	0	0	0	0	0	0	0	0	0	0	0	0	0	0	0	0	0	0	0	0	0	0	0	0	0	0	0	0	0
Streptococcus_dysgalactiae	0	0	0	0	0	0	0	0	0	0	0	0	0	0	0	0	0	0	0	0	0	0	0	0	0	0	0	0	0	0	0	0	0	0	0	0	0	0	0	0	0
Streptococcus_dysgalactiae_subsp._dysgalactiae	0	0	0	0	0	0	0	0	0	0	0	0	0	0	0	0	0	0	0.5	0	0.0	0.0	0.0	0.07575757575757576	0.0	0.0	0.0	0.015151515151515152	0.0	0.0	0.06060606060606061	0.0	0.0	0.015151515151515152	0.0	0.0	0.015151515151515152	0.06060606060606061	0.015151515151515152	0.06060606060606061	6
Streptococcus_equi	0	0	0	0	0	0	0	0	0	0	0	0	0	0	0	0	0	0	0	0	0	0	0	0	0	0	0	0	0	0	0	0	0	0	0	0	0	0	0	0	0
Streptococcus_equi_subsp._zooepidemicus	0	0	0	1.0	0	0	0	0	0	0	0	0	0	0	0	0	0	0	0	0	0.0	0.0	0.0	0.09090909090909091	0.0	0.0	0.0	0.0	0.0	0.0	0.0	0.0	0.0	0.0	0.0	0.0	0.06818181818181818	0.022727272727272728	0.0	0.0	4
Streptococcus_equi_subsp._zooepidemicus_CY	0	0	0	0	0	0	0	0	0	0	0	0	0	0	0	0	0	0	0	0	0.0	0.0	0.0	0.0	0.0	0.0	0.0	0.0	0.0	0.0	0.0	0.0	0.0	0.0	0.0	0.0	0.0	0.06060606060606061	0.0	0.0	3
Streptococcus_gallolyticus	0	0	0	0	0	0	0	0	0	0	0	0	0	0	1.0	0	0	0	0	0	0.06060606060606061	0.0	0.0	0.0	0.06060606060606061	0.0	0.0	0.0	0.0	0.0	0.0	0.0	0.0	0.0	0.030303030303030304	0.0	0.0	0.0	0.0	0.0	3
Streptococcus_gallolyticus_UCN34	0	0	0	0	0	0	0	0	0	0	0	0	0	0	0	0	0	0	0	0	0.0	0.0	0.0	0.0	0.0	0.0	0.0	0.0	0.0	0.0	0.0	0.0	0.007575757575757576	0.0	0.0	0.007575757575757576	0.015151515151515152	0.0	0.0	0.015151515151515152	12
Streptococcus_gordonii	0	0	0	0	0	0	0	0	0	0	0	0	0	0	0	0	0	0	0	0	0.0	0.0	0.0	0.0	0.0	0.0	0.0	0.0	0.045454545454545456	0.0	0.0	0.0	0.045454545454545456	0.0	0.045454545454545456	0.0	0.0	0.0	0.045454545454545456	0.0	2
Streptococcus_gordonii_str._Challis_substr._CH1	0	0	0	0	0	0	0	0	0	0	0	0	0	0	0	0	0	0	0	0	0	0	0	0	0	0	0	0	0	0	0	0	0	0	0	0	0	0	0	0	0
Streptococcus_intermedius	0	0	0	0	0	0	0	0	0	0	0	0	0	0	0	0	0	0	0	0	0	0	0	0	0	0	0	0	0	0	0	0	0	0	0	0	0	0	0	0	0
Streptococcus_intermedius_B196	0	0	0	0	0	0	0	0	0	0	0	0	0	0	0	0	0	0	0	0	0.0	0.0	0.0	0.0	0.0	0.0	0.0909090909090909	0.0	0.0	0.0909090909090909	0.0	0.0	0.030303030303030304	0.0	0.0	0.0	0.0	0.0	0.0	0.0	3
Streptococcus_lutetiensis	0	0	0	0	0	0	0	0	0	0	0	0	0	0	0	0	0	0	0	0	0	0	0	0	0	0	0	0	0	0	0	0	0	0	0	0	0	0	0	0	0
Streptococcus_milleri	0	0	0	0	0	0	0	0	0	0	0	0	0	0	0	0	0	0	0	0	0	0	0	0	0	0	0	0	0	0	0	0	0	0	0	0	0	0	0	0	0
Streptococcus_mitis	0	0	0	0	0	0	0	0	0	0	0	0	0	0	0	0	0	0	0	0	0.0	0.0	0.0	0.0	0.030303030303030304	0.030303030303030304	0.0	0.0	0.0	0.0	0.0	0.030303030303030304	0.0	0.0	0.0	0.0	0.0	0.0	0.0	0.0	3
Streptococcus_mutans	0	0	0	0	0	0	0	0	0	0	0	0	0	0	0	0	0	0	0	0	0	0	0	0	0	0	0	0	0	0	0	0	0	0	0	0	0	0	0	0	0
Streptococcus_mutans_UA159	0	0	0	0	0	0	0	0	0	0	0	0	0	0	0	0	0	0	0	0	0.0	0.09090909090909091	0.0	0.0	0.0	0.0	0.09090909090909091	0.09090909090909091	0.0	0.0	0.0	0.0	0.0	0.09090909090909091	0.0	0.09090909090909091	0.0	0.0	0.0	0.0	1
Streptococcus_oralis	0	0	0	0	0	0	0	0	0	1.0	0	0	0	0	0	0	0	0	0	0	0.045454545454545456	0.0	0.045454545454545456	0.0	0.0	0.0	0.0	0.0	0.0	0.045454545454545456	0.045454545454545456	0.045454545454545456	0.0	0.0	0.09090909090909091	0.0	0.0	0.0	0.0	0.0	2
Streptococcus_oralis_subsp._oralis	0	0	0	0	0	0	0	0	0	0	0	0	0	0	0	0	0	0	0	0	0.09090909090909091	0.0	0.09090909090909091	0.0	0.0	0.0	0.0	0.0	0.0	0.09090909090909091	0.0	0.0	0.0	0.0	0.0	0.0	0.0	0.09090909090909091	0.0	0.0	1
Streptococcus_parauberis	0	0	0	0	0	0	0	0	0	0	0	0	0	0	0	0	0	0	0	0	0	0	0	0	0	0	0	0	0	0	0	0	0	0	0	0	0	0	0	0	0
Streptococcus_pneumoniae	0	0	0	0	0	0	0	0	0	0	0	0	0	0	0	0	0	0	0	0	0.0	0.09090909090909091	0.0	0.0	0.0	0.0	0.0	0.0	0.0	0.0	0.0	0.0	0.0	0.0	0.0	0.0	0.09090909090909091	0.0	0.0	0.0	1
Streptococcus_pyogenes	0	0	0	0	0	0	0	0	0	0	0	0	0	0	0	0	0	0	0	0	0	0	0	0	0	0	0	0	0	0	0	0	0	0	0	0	0	0	0	0	0
Streptococcus_salivarius	0	0	0	0	0	0	0	0	0	0	0	0	0	0	0	0	0	0	0	0	0	0	0	0	0	0	0	0	0	0	0	0	0	0	0	0	0	0	0	0	0
Streptococcus_sanguinis	0	0	0	0	0	0	0	0	0	0	0	0	0	0	0	0	0	0	0	0	0.09090909090909091	0.0	0.0	0.0	0.09090909090909091	0.09090909090909091	0.0	0.0	0.09090909090909091	0.0	0.0	0.09090909090909091	0.0	0.0	0.0	0.0	0.0	0.0	0.0	0.0	1
Streptococcus_sp._HSISM1	0	0	0	0	0	0	0	0	0	0	0	0	0	0	0	0	0	0	0	0	0	0	0	0	0	0	0	0	0	0	0	0	0	0	0	0	0	0	0	0	0
Streptococcus_suis	0.043478260869565216	0	0	0	0	0	0	0	0	0	0	0	0	0	0	0	0	0	0	0	0.0025974025974025974	0.0	0.0	0.0	0.0	0.0	0.0	0.0	0.0	0.031168831168831165	0.0	0.03376623376623377	0.0	0.0	0.0	0.05454545454545455	0.0	0.0	0.0025974025974025974	0.0	35
Streptococcus_suis_6407	0	0	0	0	0	0	0	0	0	0	0	0	0	0	0	0	0	0	0	0	0.0	0.0	0.0	0.0	0.0	0.09090909090909091	0.0	0.0	0.0	0.0	0.0	0.0	0.0	0.0	0.0	0.0	0.0	0.0	0.0	0.0	1
Streptococcus_suis_JS14	0	0	0	0	0	0	0	0	0	0	0	0	0	0	0	0	0	0	0	0	0.0	0.09090909090909091	0.0	0.0	0.0	0.0	0.0	0.0	0.09090909090909091	0.0	0.0	0.022727272727272728	0.0	0.06818181818181818	0.022727272727272728	0.06818181818181818	0.0	0.022727272727272728	0.0	0.06818181818181818	4
Streptococcus_thermophilus	0	0	0	0	0	0	0	0	0	0	0	0	0	0	0	0	0	0	0	0	0.0	0.0	0.0	0.0	0.0	0.0	0.0	0.0	0.0	0.0	0.0	0.0	0.0	0.0	0.0	0.0	0.0	0.0	0.0	0.0	11
Tannerella_forsythia	0	0	0	0	0	0	0	0	0	0	0	0	0	0	0	0	0	0	0	0	0.0	0.0	0.030303030303030304	0.0	0.030303030303030304	0.030303030303030304	0.0	0.0	0.0	0.0	0.0	0.0	0.015151515151515152	0.030303030303030304	0.0	0.0	0.030303030303030304	0.0	0.030303030303030304	0.0	6
Tannerella_forsythia_92A2	0	0	0	0	0	0	0	0	0	0	0	0	0	0	0	0	0	0	0	0	0	0	0	0	0	0	0	0	0	0	0	0	0	0	0	0	0	0	0	0	0
Tannerella_forsythia_KS16	0	0	0	0	0	0	0	0	0	0	0	0	0	0	0	0	0	0	0	0	0.0	0.0	0.0	0.0	0.0	0.0	0.0	0.0	0.0	0.0	0.0	0.0	0.0	0.0	0.0	0.0	0.0	0.0	0.0	0.0	1
Treponema	0	0	0	0	0.3333333333333333	0	0	0	0	0	0.06666666666666667	0	0	0	0	0	0	0	0	0	0.042283298097251586	0.0	0.012684989429175475	0.027484143763213533	0.052854122621564484	0.021141649048625793	0.0	0.0	0.0	0.0021141649048625794	0.016913319238900635	0.0	0.006342494714587738	0.0021141649048625794	0.006342494714587738	0.035940803382663845	0.006342494714587738	0.004228329809725159	0.008456659619450317	0.0	43
Treponema_azotonutricium_ZAS-9	1.0	0	0	0	0	0	0	0	0	0	0	0	0	0	0	0	0	0	0	0	0.010101010101010102	0.020202020202020204	0.0	0.0	0.050505050505050504	0.010101010101010102	0.010101010101010102	0.0	0.010101010101010102	0.0	0.010101010101010102	0.0	0.0	0.010101010101010102	0.0	0.0	0.0303030303030303	0.010101010101010102	0.0303030303030303	0.04040404040404041	9
Treponema_brennaborense_DSM_12168	0	0	0	0	0	0	0	0	0	0	0	0	0	0	1.0	0	0	0	0	0	0.0	0.0	0.0	0.0	0.0	0.0	0.0	0.09090909090909091	0.0	0.0	0.09090909090909091	0.0	0.09090909090909091	0.0	0.09090909090909091	0.09090909090909091	0.0	0.0	0.0	0.0	1
Treponema_caldarium_DSM_7334	0	0	0	0	0	0	0	0	0	0	0	0	0	0	0	0.25	1.0	0	0	0	0.01818181818181818	0.02727272727272727	0.0	0.0	0.00909090909090909	0.01818181818181818	0.0	0.00909090909090909	0.0	0.0	0.0	0.00909090909090909	0.0	0.0	0.02727272727272727	0.01818181818181818	0.02727272727272727	0.0	0.03636363636363636	0.02727272727272727	10
Treponema_denticola	0	0	0	0	0	0	0	0	0	0	0	0	0	0	0	0	0	0	0	0	0	0	0	0	0	0	0	0	0	0	0	0	0	0	0	0	0	0	0	0	0
Treponema_denticola_AL-2	0	0	0	0	0	0	0	0	0	0	0	0	0	0	0	0	0	0	0	0	0.0	0.0	0.0	0.0	0.0	0.0	0.0	0.0	0.0	0.0	0.0	0.0	0.0	0.0	0.0	0.0	0.0	0.0	0.0	0.0	1
Treponema_denticola_ATCC_35404	0	0	0	0	0	0	0	0	0	0	0	0	0	0	0	0	0	0	0	0	0.0	0.0	0.09090909090909091	0.0	0.0	0.0	0.0	0.0	0.0	0.0	0.0	0.0	0.0	0.0	0.0	0.0	0.0	0.0	0.0	0.0	1
Treponema_denticola_ATCC_35405	0	0	0	0	0	0	0	0	0	0	0	0	0	0	0	0	0	0	0	0	0	0	0	0	0	0	0	0	0	0	0	0	0	0	0	0	0	0	0	0	0
Treponema_medium	0	0	0	0	0	0	0	0	0	0	0	0	0	0	0	0	0	0	0	0	0.0	0.045454545454545456	0.0	0.0	0.045454545454545456	0.0	0.0	0.045454545454545456	0.0	0.045454545454545456	0.045454545454545456	0.0	0.0	0.0	0.0	0.0	0.0	0.0	0.0	0.0	2
Treponema_pallidum	0	0	0	0	0	0	0	0	0	0	0	0	0	0	0	0	0	0	0	0	0	0	0	0	0	0	0	0	0	0	0	0	0	0	0	0	0	0	0	0	0
Treponema_pallidum_subsp._pallidum	0	0	0	0	0	0	0	0	0	0	0	0	0	0	0	0	0	0	0	0	0	0	0	0	0	0	0	0	0	0	0	0	0	0	0	0	0	0	0	0	0
Treponema_pallidum_subsp._pertenue	0	0	0	0	0	0	0	0	0	0	0	0	0	0	0	0	0	0	0	0	0	0	0	0	0	0	0	0	0	0	0	0	0	0	0	0	0	0	0	0	0
Treponema_paraluiscuniculi_Cuniculi_A	0	0	0	0	0	0	0	0	0	0	0	0	0	0	0	0	0	0	0	0	0.0	0.0	0.0	0.0	0.0	0.0	0.0	0.0	0.0	0.0	0.0	0.0	0.0	0.0	0.0	0.0	0.0	0.0	0.0	0.0	1
Treponema_parvum	0	0	0	0	0	0	0	0	0	0	0	0	0	0	0	0	0	0	0	0	0.0	0.0	0.0	0.0	0.0	0.0	0.0	0.0	0.0	0.0	0.0	0.0	0.0	0.0	0.0	0.025974025974025976	0.012987012987012988	0.025974025974025976	0.025974025974025976	0.03896103896103896	7
Treponema_pedis	0	0	0	0	0	0	0	0	0	0	0	0	0	0	0	0	0	0	0	0	0.0	0.0	0.09090909090909091	0.0	0.0	0.09090909090909091	0.0	0.0	0.09090909090909091	0.0	0.0	0.09090909090909091	0.0	0.0	0.0	0.0	0.0	0.09090909090909091	0.0	0.0	1
Treponema_phagedenis	0	0	0	0	0	0	0	0	0	0	0	0	1.0	0	0	0	0	1.0	0	0	0.0	0.020202020202020204	0.0	0.020202020202020204	0.0	0.0	0.0	0.0	0.0	0.0	0.0	0.0	0.010101010101010102	0.0	0.0	0.0	0.0	0.08080808080808081	0.0	0.0	9
Treponema_primitia_ZAS-2	0	0	0.25	0	0	0	0	0	0	0	0	0	0	0	0.2	0.1111111111111111	0	0.6	0	0	0.008658008658008658	0.004329004329004329	0.025974025974025972	0.004329004329004329	0.012987012987012986	0.030303030303030304	0.008658008658008658	0.008658008658008658	0.021645021645021644	0.004329004329004329	0.017316017316017316	0.004329004329004329	0.008658008658008658	0.004329004329004329	0.012987012987012986	0.021645021645021644	0.025974025974025972	0.021645021645021644	0.025974025974025972	0.008658008658008658	21
Treponema_putidum	0	0	0	0	0	0	0	0	0	0	0	0	0	0	0	0	0	0	0	0	0.0	0.0	0.0	0.0	0.0	0.09090909090909091	0.0	0.0	0.0	0.0	0.0	0.0	0.0	0.0	0.09090909090909091	0.09090909090909091	0.0	0.0	0.0	0.0	1
Treponema_ruminis	0	0	0	0	0	0	0	0	0	0	0	0	0	0	0	0	0	0	0.5	0	0.0	0.0	0.0	0.015151515151515152	0.0	0.0	0.0	0.0	0.015151515151515152	0.015151515151515152	0.0	0.0	0.0	0.0	0.0	0.0	0.0	0.015151515151515152	0.015151515151515152	0.0	6
Treponema_socranskii_subsp._buccale	0	0	0	0	0	0	0	0	0	0	0	1.0	0	0	0	0	0	0	0	0	0.0	0.045454545454545456	0.045454545454545456	0.0	0.045454545454545456	0.0	0.045454545454545456	0.045454545454545456	0.045454545454545456	0.0	0.0	0.045454545454545456	0.0	0.045454545454545456	0.0	0.0	0.045454545454545456	0.0	0.0	0.0	2
Treponema_sp._OMZ_838	0	0	0	0	0	0	0	0	0	0	0	0	0	0	0	0	0	0	0	0	0.0	0.0	0.0	0.0	0.0	0.0	0.0	0.09090909090909091	0.09090909090909091	0.09090909090909091	0.0	0.0	0.0	0.0	0.0	0.09090909090909091	0.0	0.0	0.0	0.0	1
Treponema_succinifaciens_DSM_2489	0	0	0	0	0	0	0	0	0	0	0	0	0	0	0	0	0	0	0	0	0.0	0.0	0.045454545454545456	0.0	0.0	0.045454545454545456	0.0	0.0	0.0	0.0	0.0	0.0	0.0	0.0	0.0	0.0	0.045454545454545456	0.0	0.0	0.045454545454545456	2
Treponema_vincentii	0	0	0	0	0	0	0	0	0	0	0	0	0	0	0	0	0	0	0	0	0.06060606060606061	0.0	0.0	0.0	0.06060606060606061	0.0	0.06060606060606061	0.0	0.06060606060606061	0.0	0.0	0.0	0.0	0.0	0.0	0.0	0.030303030303030304	0.030303030303030304	0.030303030303030304	0.030303030303030304	3
Veillonella_parvula	0	0	0	0	0	1.0	0	0	0	0	0	0	0	0	0	0	0	0	0	0	0.022727272727272728	0.0	0.045454545454545456	0.022727272727272728	0.0	0.022727272727272728	0.045454545454545456	0.045454545454545456	0.022727272727272728	0.045454545454545456	0.0	0.045454545454545456	0.0	0.0	0.022727272727272728	0.0	0.0	0.022727272727272728	0.022727272727272728	0.0	4
Veillonella_parvula_HSIVP1	0	0	0	0	0	0	0	0	0	0	0	0	0	0	0	0	0	0	0	0	0.0	0.0	0.0	0.0	0.0	0.0	0.09090909090909091	0.0	0.0	0.0	0.0	0.0	0.0	0.0	0.045454545454545456	0.0	0.0	0.0	0.0	0.0	2
Vesicular_stomatitis_Indiana_virus	0	0	0	0	0	0	0	0	0	0	0	0	0	0	0	0	0	0	0	0	0	0	0	0	0	0	0	0	0	0	0	0	0	0	0	0	0	0	0	0	0
Vibrio_anguillarum	0	0	0	0	0	0	0	0	0	0	0	0	0	0	0	0	0	0	0	0	0	0	0	0	0	0	0	0	0	0	0	0	0	0	0	0	0	0	0	0	0
Vibrio_cholerae	0	0	0	0	0	0	0	0	0	0	0	0	0	0	0	0	0	0	0	0	0.0	0.0	0.0	0.0	0.09090909090909091	0.0	0.0	0.0	0.0	0.0	0.0	0.0	0.06818181818181818	0.0	0.0	0.0	0.0	0.0	0.0	0.06818181818181818	4
Vibrio_furnissii	0	0	0	0	0	0	0	0	0	0	0	0	0	0	0	0	0	0	0	0	0	0	0	0	0	0	0	0	0	0	0	0	0	0	0	0	0	0	0	0	0
Vibrio_furnissii_NCTC_11218	0	0	0	0	0	0	0	0	0	0	0	0	0	0	0	0	0	0	0	0	0.0	0.0	0.0	0.0	0.07575757575757576	0.0	0.0	0.07575757575757576	0.0	0.0	0.07575757575757576	0.0	0.0	0.06060606060606061	0.0	0.0	0.06060606060606061	0.06060606060606061	0.0	0.0	6
Vibrio_parahaemolyticus	0	0	0	0	0	0	0	0	0	0	0	0.1	0	0	1.0	0	0	0	0	0	0.03305785123966942	0.0	0.008264462809917356	0.008264462809917356	0.008264462809917356	0.008264462809917356	0.0	0.0	0.008264462809917356	0.0	0.0	0.008264462809917356	0.0	0.024793388429752063	0.024793388429752063	0.008264462809917356	0.008264462809917356	0.0	0.0	0.0	11
Vibrio_parahaemolyticus_UCM-V493	0	0	0	0	0	0	0	0	0	0	0	0	0	0	0	0	0	0	0	0	0.0458498023715415	0.0	0.0	0.045059288537549404	0.0	0.0	0.0	0.0	0.0	0.0	0.045059288537549404	0.045059288537549404	0.045059288537549404	0.0	0.045059288537549404	0.09011857707509881	0.045059288537549404	0.0	0.0	0.0	115
Vibrio_splendidus	0	0	0	0	0	0	0	0	0	0	0	0	0	0	0	0	0	0	0	0	0	0	0	0	0	0	0	0	0	0	0	0	0	0	0	0	0	0	0	0	0
Vibrio_vulnificus	0.15384615384615385	0	0	0.16666666666666666	0	0.15384615384615385	0	0	0	0	0.5	0	0	0	0	0	0	1.0	0	0	0.022727272727272728	0.004545454545454545	0.004545454545454545	0.0590909090909091	0.013636363636363636	0.00909090909090909	0.0	0.0	0.004545454545454545	0.0	0.00909090909090909	0.05	0.0	0.00909090909090909	0.0	0.0	0.00909090909090909	0.05454545454545454	0.004545454545454545	0.004545454545454545	20
Vibrio_vulnificus_NBRC_15645_=_ATCC_27562	0	0	0	0	0	0	0	0	0	0	0	0	0	0	0	0	0	0	0	0	0.0	0.0	0.0909090909090909	0.0909090909090909	0.0	0.0	0.0909090909090909	0.0	0.0	0.0	0.0	0.0	0.0	0.0	0.0	0.0	0.06060606060606061	0.0	0.0	0.06060606060606061	3
Yersinia_aldovae	0	0	0	0	0	0	0	0	0	0	0	0	0	0	0	0	0	0	0	0	0	0	0	0	0	0	0	0	0	0	0	0	0	0	0	0	0	0	0	0	0
Yersinia_aldovae_670-83	0	0	0	0	0	0	0	0	0	0	0	0	0	0	0	0	0	0	0	0	0.0	0.09090909090909091	0.0	0.09090909090909091	0.0	0.0	0.0	0.0	0.0	0.0	0.0	0.0	0.0	0.09090909090909091	0.0	0.0	0.0	0.0	0.0	0.0	1
Yersinia_aleksiciae	0	0	0	0	0	0	0	0	0	0	0	0	0	0	0	0	0	0	0	0	0	0	0	0	0	0	0	0	0	0	0	0	0	0	0	0	0	0	0	0	0
Yersinia_enterocolitica	0.2	0	0	0	0	0	0	0	0	0	0	0	0	0	0	0	0	0	0	0	0.01818181818181818	0.07272727272727272	0.0	0.0	0.0	0.0	0.0	0.0	0.07272727272727272	0.0	0.0	0.0	0.0	0.0	0.0	0.0	0.0	0.0	0.0	0.0	5
Yersinia_enterocolitica_subsp._enterocolitica	0	0	0	0	0	0	0	0	0	0	0	0	0	0	0	0	0	0	0	0	0.0303030303030303	0.0	0.0	0.0	0.0	0.0	0.0	0.0	0.020202020202020204	0.0	0.020202020202020204	0.0	0.0	0.0	0.020202020202020204	0.0	0.0	0.020202020202020204	0.0303030303030303	0.0	9
Yersinia_intermedia	0	0	0	0	0	0	0	0	0	0	0	0	0	0	0	0	0	0	0	0	0	0	0	0	0	0	0	0	0	0	0	0	0	0	0	0	0	0	0	0	0
Yersinia_pestis	0	0	0	1.0	0	0	1.0	0	0	0	0	0	0	0	0	0	0	0	0	0	0.0	0.0	0.0909090909090909	0.0909090909090909	0.0	0.0909090909090909	0.030303030303030304	0.06060606060606061	0.0	0.0	0.030303030303030304	0.0	0.0	0.030303030303030304	0.030303030303030304	0.030303030303030304	0.030303030303030304	0.030303030303030304	0.0	0.0	3
Yersinia_pestis_CO92	0	0	0	0	0	0	0	0	0	0	0	0	0	0	0	0	0	0	0	0	0	0	0	0	0	0	0	0	0	0	0	0	0	0	0	0	0	0	0	0	0
Yersinia_pseudotuberculosis	0	0	0	0	0	0	0	0	0	0	0	0	0	0	0	0	0	0	0	0	0	0	0	0	0	0	0	0	0	0	0	0	0	0	0	0	0	0	0	0	0
Yersinia_pseudotuberculosis_complex	0	0	0	0	0	0	0	0	0	0	1.0	0	0	0	0	0.6666666666666666	0	0	0	0	0.09090909090909091	0.06168831168831169	0.0	0.0	0.06168831168831169	0.0	0.029220779220779224	0.0	0.0	0.0	0.029220779220779224	0.0	0.029220779220779224	0.0	0.029220779220779224	0.05844155844155845	0.0	0.0	0.05844155844155845	0.0	28
Yersinia_rohdei	0	0	0	0	0	0	0	0	0	0	0	0	0	0	0	0	0	0	0	0	0.0	0.0	0.045454545454545456	0.045454545454545456	0.0	0.0	0.0	0.0	0.0	0.0	0.0	0.0	0.0	0.0	0.0	0.0	0.0	0.0	0.0	0.0	2
Yersinia_ruckeri	0	0	0	0	0	0	0	0	0	0	0	0	0	0	0	0	0	0	0	0	0.0	0.0	0.0	0.0	0.030303030303030304	0.0909090909090909	0.0	0.0	0.0	0.0	0.0	0.030303030303030304	0.0	0.0	0.0	0.06060606060606061	0.0	0.0	0.0	0.0	3
Yersinia_similis	0	0	0	0	0	0	0	0	0	0	0	0	0	0	0	0	0	0	0	0	0.09090909090909091	0.0	0.0	0.0	0.0	0.0	0.0	0.0	0.0	0.0	0.0	0.045454545454545456	0.0	0.0	0.0	0.0	0.0	0.045454545454545456	0.0	0.0	2
