Node	C>T_1	C>T_2	C>T_3	C>T_4	C>T_5	C>T_6	C>T_7	C>T_8	C>T_9	C>T_10	G>A_11	G>A_12	G>A_13	G>A_14	G>A_15	G>A_16	G>A_17	G>A_18	G>A_19	G>A_20	D>V(11Substitution)_1	D>V(11Substitution)_2	D>V(11Substitution)_3	D>V(11Substitution)_4	D>V(11Substitution)_5	D>V(11Substitution)_6	D>V(11Substitution)_7	D>V(11Substitution)_8	D>V(11Substitution)_9	D>V(11Substitution)_10	H>B(11Substitution)_11	H>B(11Substitution)_12	H>B(11Substitution)_13	H>B(11Substitution)_14	H>B(11Substitution)_15	H>B(11Substitution)_16	H>B(11Substitution)_17	H>B(11Substitution)_18	H>B(11Substitution)_19	H>B(11Substitution)_20	considered_Matches
Actinobacillus_equuli	0	0	0	0	0	1.0	0	0	0	0	0	0	0.5	0	0	0	0	0	0	0	0.0	0.0	0.01818181818181818	0.01818181818181818	0.0	0.05454545454545454	0.0	0.0	0.0	0.0	0.0	0.0	0.01818181818181818	0.0	0.0	0.0	0.01818181818181818	0.0	0.03636363636363636	0.01818181818181818	5
Actinobacillus_pleuropneumoniae	0.5333333333333333	0.5	0	0.08695652173913043	0	0	0	0	0	0.2727272727272727	0	0.10526315789473684	0.08333333333333333	0	0	0	0	0	0	0	0.01830384380719951	0.028676021964612566	0.003660768761439902	0.022574740695546065	0.0012202562538133007	0.0024405125076266015	0.03843807199511898	0.009151921903599754	0.0012202562538133007	0.02135448444173276	0.0030506406345332518	0.011592434411226357	0.004270896888346552	0.024405125076266014	0.010372178157413056	0.010372178157413056	0.013422818791946308	0.031116534472239173	0.004270896888346552	0.018913971934106162	149
Actinobacillus_pleuropneumoniae_serovar_4_str._M62	0	0	0	0	0	0	0	0	0	0	1.0	0	0	0	0	0	0	0	0	0	0.01893939393939394	0.0	0.011363636363636362	0.007575757575757576	0.0	0.026515151515151516	0.011363636363636362	0.0	0.011363636363636362	0.0	0.03787878787878788	0.0	0.01893939393939394	0.022727272727272724	0.030303030303030304	0.0	0.04924242424242425	0.01893939393939394	0.0	0.015151515151515152	24
Actinobacillus_pleuropneumoniae_serovar_6_str._Femo	0	1.0	0.6666666666666666	0	0	0	0	1.0	0	0	0	0	0	0.7142857142857143	0	0	0	0	0	0	0.025974025974025976	0.006493506493506494	0.012987012987012988	0.0	0.07142857142857142	0.0	0.012987012987012988	0.032467532467532464	0.025974025974025976	0.0	0.006493506493506494	0.0	0.0	0.032467532467532464	0.0	0.032467532467532464	0.0	0.0	0.012987012987012988	0.0	14
Actinobacillus_pleuropneumoniae_serovar_9_str._CVJ13261	0	0	0	1.0	0	0	0	0	0	0	0	0	0	0	0	0	0	0	0	0	0.06363636363636363	0.0	0.0	0.02727272727272727	0.0	0.05454545454545454	0.0	0.03636363636363636	0.0	0.00909090909090909	0.0	0.0	0.02727272727272727	0.0	0.0	0.02727272727272727	0.02727272727272727	0.0	0.02727272727272727	0.02727272727272727	10
African_swine_fever_virus	0	0	0	0	0	0	0	0	0	0	0	0	0	0	0	0	0	0	0	0	0	0	0	0	0	0	0	0	0	0	0	0	0	0	0	0	0	0	0	0	0
Aphthovirus	0	0	0	0	0	0	0	0	0	0	0	0	0	0	0	0	0	0	0	0	0	0	0	0	0	0	0	0	0	0	0	0	0	0	0	0	0	0	0	0	0
Arcanobacterium_haemolyticum	0	0.125	0.5714285714285714	0	0	0	0.6666666666666666	0	0	0	0.2	0	0	0	0	0	0	0	0	0	0.012987012987012988	0.006493506493506494	0.025974025974025976	0.0	0.0	0.03896103896103896	0.01948051948051948	0.006493506493506494	0.006493506493506494	0.0	0.025974025974025976	0.006493506493506494	0.006493506493506494	0.012987012987012988	0.01948051948051948	0.032467532467532464	0.006493506493506494	0.012987012987012988	0.01948051948051948	0.006493506493506494	14
Aspergillus_fumigatus	0	0	0	0	0	0	0	0	0	0	0	0	0	0	0	0	0	0	0	0	0	0	0	0	0	0	0	0	0	0	0	0	0	0	0	0	0	0	0	0	0
Bartonella_bacilliformis	0	0	0	0	0	0	0	0	0	0	0	0	0	0	0	0	0	0	0	0	0	0	0	0	0	0	0	0	0	0	0	0	0	0	0	0	0	0	0	0	0
Bartonella_henselae	0	0	0	0	0	0	0	0	0	0	0	0	0	0	0	0	0	0	0	0	0.09090909090909091	0.0	0.0	0.0	0.0	0.0	0.0	0.0	0.0	0.0	0.0	0.0	0.0	0.0	0.0	0.0	0.0	0.0	0.0	0.0	1
Bartonella_quintana	0	0	0	0	0	0	0	0	0	0	0	0	0	0	0	0	0	0	0	0	0	0	0	0	0	0	0	0	0	0	0	0	0	0	0	0	0	0	0	0	0
Blastomyces_dermatitidis	0	0	0	0	0	0	0	0	0	0	0	0	0	0	0	0	0	0	0	0	0	0	0	0	0	0	0	0	0	0	0	0	0	0	0	0	0	0	0	0	0
Bordetella_bronchialis	0	0.06896551724137931	0	0.15384615384615385	0.14285714285714285	0.17391304347826086	0	0.05263157894736842	0.125	0	0.05263157894736842	0.05	0	0	0.15	0	0.15789473684210525	0	0	0	0.011730205278592375	0.011730205278592375	0.016129032258064516	0.014662756598240468	0.01906158357771261	0.0219941348973607	0.007331378299120234	0.01759530791788856	0.016129032258064516	0.011730205278592375	0.013196480938416423	0.00879765395894428	0.014662756598240468	0.01906158357771261	0.011730205278592375	0.00879765395894428	0.01759530791788856	0.016129032258064516	0.010263929618768328	0.014662756598240468	62
Bordetella_bronchiseptica	0	0.125	0	0	0.02857142857142857	0.2	0.08333333333333333	0.21428571428571427	0.09375	0.045454545454545456	0.17391304347826086	0.045454545454545456	0	0.041666666666666664	0.125	0	0.047619047619047616	0.10526315789473684	0.2857142857142857	0	0.012453300124533	0.019925280199252802	0.0149439601494396	0.0149439601494396	0.011207970112079703	0.0273972602739726	0.0149439601494396	0.0186799501867995	0.009962640099626401	0.0149439601494396	0.0074719800747198	0.012453300124533	0.008717310087173101	0.0062266500622665	0.0136986301369863	0.012453300124533	0.0136986301369863	0.019925280199252802	0.019925280199252802	0.011207970112079703	73
Bordetella_genomosp._13	0.05263157894736842	0.058823529411764705	0.13043478260869565	0	0	0.05263157894736842	0	0	0.15	0.037037037037037035	0	0	0	0	0	0	0.05263157894736842	0.08695652173913043	0.09090909090909091	0.06666666666666667	0.015384615384615385	0.00979020979020979	0.012587412587412588	0.018181818181818184	0.008391608391608392	0.015384615384615385	0.016783216783216783	0.005594405594405594	0.00979020979020979	0.008391608391608392	0.012587412587412588	0.008391608391608392	0.008391608391608392	0.013986013986013986	0.01958041958041958	0.006993006993006993	0.012587412587412588	0.008391608391608392	0.020979020979020976	0.018181818181818184	65
Bordetella_pertussis	0	0	0	0	0	0	0	0	0	0	0	0.19047619047619047	0	0	0	0	0	0	0	0	0.0071501532175689475	0.006128702757916241	0.011235955056179775	0.006128702757916241	0.012257405515832482	0.011235955056179775	0.014300306435137895	0.02655771195097038	0.012257405515832482	0.0	0.0	0.017364657814096015	0.0010214504596527069	0.024514811031664963	0.011235955056179775	0.009193054136874362	0.033707865168539325	0.0	0.021450459652706845	0.0	89
Bordetella_pertussis_137	0	0	0.8333333333333334	0	0	0	0	0.8333333333333334	0	0	0	0	0	0	0	0	0	0	0	0	0.04607721046077211	0.037359900373599	0.037359900373599	0.0074719800747198	0.04607721046077211	0.037359900373599	0.0074719800747198	0.037359900373599	0.0	0.0	0.0062266500622665	0.0	0.04607721046077211	0.04607721046077211	0.0	0.0	0.0	0.0	0.0	0.0	73
Bordetella_pertussis_18323	0	0	0	0	0	0	0	0	0	0	0	0	0	0	0	0	0	0	0	0	0.0	0.0	0.0	0.0	0.0	0.0	0.0	0.0303030303030303	0.0	0.0303030303030303	0.0	0.0303030303030303	0.0	0.005050505050505051	0.0	0.0303030303030303	0.0	0.0303030303030303	0.0	0.0	18
Bordetella_petrii	0	0	0.06666666666666667	0.1	0	0.13636363636363635	0	0	0.15	0	0.09090909090909091	0	0.2222222222222222	0	0	0	0	0	0	0.058823529411764705	0.0137221269296741	0.00686106346483705	0.003430531732418525	0.015437392795883362	0.0017152658662092624	0.008576329331046312	0.010291595197255574	0.010291595197255574	0.0137221269296741	0.012006861063464836	0.018867924528301886	0.015437392795883362	0.012006861063464836	0.008576329331046312	0.005145797598627787	0.0137221269296741	0.012006861063464836	0.0017152658662092624	0.008576329331046312	0.012006861063464836	53
Bordetella_trematum	0.024390243902439025	0	0	0	0	0.0625	0	0.04	0.07142857142857142	0	0.1111111111111111	0.0625	0.041666666666666664	0	0	0.09523809523809523	0	0.11764705882352941	0	0.1	0.006142506142506142	0.004914004914004914	0.0085995085995086	0.011056511056511058	0.013513513513513514	0.004914004914004914	0.012285012285012284	0.022113022113022116	0.0085995085995086	0.00737100737100737	0.019656019656019656	0.018427518427518427	0.012285012285012284	0.009828009828009828	0.011056511056511058	0.0171990171990172	0.006142506142506142	0.012285012285012284	0.004914004914004914	0.0085995085995086	74
Borrelia_crocidurae	0	0	0	0	0	0	0	0	0	0	0	0	0	0	0	0	0	0	0	0	0	0	0	0	0	0	0	0	0	0	0	0	0	0	0	0	0	0	0	0	0
Borrelia_recurrentis	0	0	0	0	0	0	0	0	0	0	0	0	0	0	0	0	0	0	0	0	0	0	0	0	0	0	0	0	0	0	0	0	0	0	0	0	0	0	0	0	0
Borreliella_afzelii	0	0	0	0	0	0	0	0	0	0	0	0	0	0	0	0	0	0	0	0	0	0	0	0	0	0	0	0	0	0	0	0	0	0	0	0	0	0	0	0	0
Borreliella_burgdorferi	0	0	0	0	0	0	0	0	0	0	0	0	0	0	0	0	0	0	0	0	0	0	0	0	0	0	0	0	0	0	0	0	0	0	0	0	0	0	0	0	0
Borreliella_garinii	0	0	0	0	0	0	0	0	0	0	0	0	0	0	0	0	0	0	0	0	0	0	0	0	0	0	0	0	0	0	0	0	0	0	0	0	0	0	0	0	0
Bovine_rhinitis_A_virus	0	0	0	0	0	0	0	0	0	0	0	0	0	0	0	0	0	0	0	0	0	0	0	0	0	0	0	0	0	0	0	0	0	0	0	0	0	0	0	0	0
Brucella_abortus	0	0	0	0	0	0	0	0	0	0	0	0	0	0	0	0	0	0	0	0	0.0	0.0	0.0	0.0	0.0	0.0	0.0	0.0	0.0	0.0	0.0	0.0	0.045454545454545456	0.045454545454545456	0.0	0.0	0.045454545454545456	0.0	0.0	0.0	2
Brucella_canis	0	0	0	0	0	0	0	0	0	0	0	0	0	0	0	0	0	0	0	0	0	0	0	0	0	0	0	0	0	0	0	0	0	0	0	0	0	0	0	0	0
Brucella_melitensis	0	0	0	0	0	0	0	0	0	0	0	0	0	0	0	0	0	0	0	0	0	0	0	0	0	0	0	0	0	0	0	0	0	0	0	0	0	0	0	0	0
Brucella_microti	0	0	0	0	0	0	0	0	0	0	0	0	0	0	0	0	0	0	0	0	0	0	0	0	0	0	0	0	0	0	0	0	0	0	0	0	0	0	0	0	0
Brucella_ovis	0	0	0	0	0	0	0	0	0	0	0	0	0	0	0	0	0	0	0	0	0	0	0	0	0	0	0	0	0	0	0	0	0	0	0	0	0	0	0	0	0
Brucella_ovis_ATCC_25840	0	0	0	0	0	0	0	0	0	0	0	0	0	0	0	0	0	0	0	0	0.0	0.0	0.0	0.0	0.0	0.0	0.0	0.0	0.0	0.0	0.0	0.0	0.045454545454545456	0.0	0.0	0.0	0.0	0.0	0.045454545454545456	0.0	2
Brucella_suis	0	0	0	0	0	0	0	0	0	0	0	0	0	0	0	0	0	0	0	0	0	0	0	0	0	0	0	0	0	0	0	0	0	0	0	0	0	0	0	0	0
Brucella_suis_019	0	0	0	0	0	0	0	0	0	0	0	0	0	0	0	0	0	0	0	0	0.0	0.0	0.0	0.0	0.09090909090909091	0.0	0.0	0.09090909090909091	0.0	0.0	0.09090909090909091	0.0	0.0	0.0	0.0	0.0	0.09090909090909091	0.0	0.0	0.09090909090909091	1
Brucella_suis_bv._2	0	0	0	0	0	0	0	0	0	0	0	0	0	0	0	0	0	0	0	0	0.0	0.0	0.0	0.0	0.09090909090909091	0.0	0.0	0.0	0.0	0.0	0.09090909090909091	0.0	0.0	0.0	0.0	0.0	0.09090909090909091	0.0	0.0	0.0	1
Burkholderia_cepacia	0.09090909090909091	0.0625	0	0.05263157894736842	0	0.11538461538461539	0.0273972602739726	0.09259259259259259	0.1282051282051282	0.0196078431372549	0.01818181818181818	0.19148936170212766	0.0847457627118644	0.07317073170731707	0.06521739130434782	0	0.044444444444444446	0	0.018867924528301886	0.2553191489361702	0.011099365750528542	0.010570824524312896	0.010570824524312896	0.009513742071881607	0.008456659619450317	0.011099365750528542	0.006871035940803383	0.01215644820295983	0.01427061310782241	0.009513742071881607	0.008985200845665961	0.015856236786469344	0.010042283298097253	0.008456659619450317	0.007399577167019027	0.013213530655391121	0.014799154334038054	0.012684989429175475	0.009513742071881607	0.01215644820295983	172
Burkholderia_cepacia_ATCC_25416	0	0	0	0	0	0.11764705882352941	0	0	0	0.043478260869565216	0	0	0	0	0.13953488372093023	0	0.06666666666666667	0	0	0	0.007102272727272727	0.009943181818181818	0.01065340909090909	0.011363636363636364	0.0035511363636363635	0.009232954545454546	0.004971590909090909	0.002130681818181818	0.009943181818181818	0.002840909090909091	0.009943181818181818	0.01065340909090909	0.009943181818181818	0.018465909090909092	0.014204545454545454	0.009232954545454546	0.01278409090909091	0.015625	0.017045454545454544	0.002840909090909091	128
Burkholderia_cepacia_JBK9	0.07692307692307693	0	0	0	0	0	0	0	0	0.125	0.125	0	0	0	0.07142857142857142	0.1	0	0.047619047619047616	0	0.047619047619047616	0.017152658662092625	0.0137221269296741	0.020583190394511147	0.005145797598627787	0.017152658662092625	0.008576329331046312	0.005145797598627787	0.00686106346483705	0.008576329331046312	0.015437392795883362	0.015437392795883362	0.012006861063464836	0.008576329331046312	0.018867924528301886	0.017152658662092625	0.010291595197255574	0.018867924528301886	0.010291595197255574	0.0137221269296741	0.00686106346483705	53
Burkholderia_gladioli	0	0.0072992700729927005	0.02888086642599278	0.024096385542168676	0	0.10034602076124567	0.013986013986013986	0.007936507936507936	0.06521739130434782	0.010752688172043012	0.0683453237410072	0.0787037037037037	0.04	0.08896797153024912	0.06870229007633588	0.006779661016949152	0.07432432432432433	0.02127659574468085	0.014925373134328358	0.029304029304029304	0.008349859096127753	0.012211668928086838	0.011794175973280452	0.008767352050934141	0.008349859096127753	0.00981108443795011	0.006993006993006993	0.01388164074731239	0.011481056257175661	0.00981108443795011	0.009289218244442126	0.008454232334829349	0.008454232334829349	0.009393591483143721	0.009602337960546915	0.007932366141321366	0.013151028076401212	0.01210729568938524	0.011794175973280452	0.006471140799499009	871
Burkholderia_gladioli_BSR3	0.25	0.03333333333333333	0.125	0.1	0	0	0	0.14814814814814814	0.10526315789473684	0.125	0.2727272727272727	0	0	0.25	0	0.3076923076923077	0	0.17857142857142858	0	0	0.017241379310344827	0.007836990595611285	0.006269592476489028	0.014106583072100314	0.020376175548589344	0.009404388714733541	0.0109717868338558	0.01567398119122257	0.006269592476489028	0.003134796238244514	0.012539184952978056	0.0047021943573667705	0.007836990595611285	0.025078369905956112	0.003134796238244514	0.012539184952978056	0.007836990595611285	0.023510971786833854	0.0	0.0047021943573667705	58
Burkholderia_gladioli_pv._gladioli	0.015625	0.03076923076923077	0.13612565445026178	0.07368421052631578	0.0782122905027933	0	0.20103092783505155	0	0.016853932584269662	0.1242603550295858	0.06077348066298342	0	0.00546448087431694	0.02857142857142857	0.0058823529411764705	0.04964539007092199	0.04945054945054945	0.043478260869565216	0	0.046511627906976744	0.013886646213466818	0.009042467301792347	0.012433392539964476	0.008558049410624899	0.01663168093008235	0.007912158889068302	0.016954626190860647	0.007104795737122558	0.010495720975294687	0.014048118843855966	0.016470208299693204	0.012433392539964476	0.005651542063620216	0.008073631519457452	0.00839657678023575	0.01324075569191022	0.010334248344905539	0.008558049410624899	0.006135959954787664	0.012433392539964476	563
Burkholderia_mallei	0	0	1.0	0	0	0	0	0.6363636363636364	0	0	0	0.25	0	1.0	0	0	0	0	0	0	0.0	0.0	0.06060606060606061	0.0	0.05303030303030303	0.0	0.0	0.05303030303030303	0.030303030303030304	0.0	0.007575757575757576	0.022727272727272724	0.022727272727272724	0.007575757575757576	0.007575757575757576	0.0	0.007575757575757576	0.0	0.0	0.0	12
Burkholderia_multivorans	0.005263157894736842	0.018867924528301886	0.006622516556291391	0.01282051282051282	0.018867924528301886	0.15246636771300448	0.014634146341463415	0.16216216216216217	0.020202020202020204	0.018867924528301886	0.010309278350515464	0	0.023809523809523808	0.14012738853503184	0.046511627906976744	0.018604651162790697	0.16806722689075632	0.09876543209876543	0	0.10236220472440945	0.006728211547488656	0.00907526208731028	0.0057893913315600065	0.01001408230323893	0.008762322015334063	0.01455171334689407	0.008605851979345954	0.011735252699108122	0.006728211547488656	0.0059458613675481145	0.012048192771084338	0.008918792051322172	0.010639962447191363	0.016742293850727584	0.0071976216554529805	0.004850571115631357	0.010483492411203254	0.011109372555155686	0.014864653418870288	0.01001408230323893	581
Burkholderia_multivorans_ATCC_17616	0.0625	0.06329113924050633	0.11320754716981132	0.11594202898550725	0.038461538461538464	0	0	0	0	0.09195402298850575	0	0.1095890410958904	0.04285714285714286	0	0.07317073170731707	0.0547945205479452	0.10204081632653061	0.15384615384615385	0.061224489795918366	0.13333333333333333	0.019271051529116043	0.015919564306661083	0.007540846250523671	0.014662756598240468	0.009635525764558022	0.009635525764558022	0.007540846250523671	0.009635525764558022	0.0025136154168412233	0.008797653958944282	0.005865102639296188	0.014243820695433599	0.0037704231252618354	0.0025136154168412233	0.007121910347716799	0.01717637201508169	0.011311269375785506	0.020108923334729786	0.013405948889819858	0.010473397570171765	217
Burkholderia_multivorans_ATCC_BAA-247	0.2909090909090909	0	0	0	0.03278688524590164	0	0	0	0	0	0	0.05714285714285714	0	0	0	0	0	0.03125	0.05128205128205128	0	0.01967435549525102	0.00542740841248304	0.016282225237449117	0.023066485753052916	0.012890094979647219	0.020352781546811395	0.007462686567164179	0.012890094979647219	0.0	0.009497964721845319	0.006784260515603799	0.016282225237449117	0.011533242876526458	0.015603799185888738	0.017639077340569877	0.01424694708276798	0.01424694708276798	0.01085481682496608	0.013568521031207597	0.008141112618724558	134
Burkholderia_pseudomallei	0.046610169491525424	0.01702127659574468	0.12871287128712872	0	0.04918032786885246	0	0.006756756756756757	0.18562874251497005	0.19310344827586207	0.06502242152466367	0	0	0	0.026785714285714284	0	0	0.01764705882352941	0	0	0	0.004577240940877305	0.00101716465352829	0.008900190718372536	0.008518753973299428	0.008645899554990464	0.022759059122695487	0.019326128417037507	0.008391608391608392	0.008645899554990464	0.009535918626827717	0.00406865861411316	0.006865861411315957	0.011188811188811189	0.005975842339478702	0.002797202797202797	0.006357279084551812	0.01080737444373808	0.008900190718372536	0.003178639542275906	0.01080737444373808	715
Burkholderia_pseudomallei_1106b	0	0	0	0	0	0	0	0	0	0	0	0	0	0	0	0	0	0	0	0	0.0	0.0	0.0	0.0	0.0	0.0	0.0	0.0909090909090909	0.0	0.0909090909090909	0.0	0.0	0.030303030303030304	0.030303030303030304	0.0	0.0	0.0	0.0	0.0	0.030303030303030304	3
Burkholderia_pseudomallei_1710a	0	0	0	0	0.36363636363636365	0	0	0	0	0	0	0	0	0	0	0	0	0	0	0.3333333333333333	0.0	0.012121212121212121	0.0	0.0	0.024242424242424242	0.0	0.0	0.006060606060606061	0.012121212121212121	0.0	0.01818181818181818	0.006060606060606061	0.0	0.03636363636363636	0.03636363636363636	0.0303030303030303	0.024242424242424242	0.0	0.0	0.024242424242424242	15
Burkholderia_pseudomallei_7894	0	0	0	0	0	0	0	0	0	0	0	0	0	0	0	0	0	0	0	0	0.030303030303030304	0.0	0.0	0.0	0.0	0.0	0.0	0.0	0.0	0.0	0.0	0.0	0.030303030303030304	0.0	0.015151515151515152	0.030303030303030304	0.030303030303030304	0.0	0.030303030303030304	0.015151515151515152	12
Burkholderia_pseudomallei_MSHR1153	0	0	0	0	0	0	0	0	0	0	0	0	0	1.0	0	0	0	0	0	0	0.0	0.0	0.0	0.0	0.0	0.0	0.0	0.06060606060606061	0.06060606060606061	0.0	0.0	0.0	0.0	0.06060606060606061	0.06060606060606061	0.030303030303030304	0.0	0.030303030303030304	0.0	0.0	3
Burkholderia_pseudomallei_MSHR2543	0	0	1.0	0	0	0	0	1.0	0	0	0	0	0	0	0	0	0	0	0	0	0.0	0.0	0.01948051948051948	0.0	0.012987012987012988	0.01948051948051948	0.0	0.006493506493506494	0.045454545454545456	0.0	0.0	0.0	0.01948051948051948	0.006493506493506494	0.006493506493506494	0.0	0.0	0.012987012987012988	0.0	0.05194805194805195	14
Burkholderia_pseudomallei_MSHR346	0	0	1.0	0	0	0	0	0	0	0	0	0	0	0	0	0	0	0	0	0	0.0	0.0	0.030303030303030304	0.0	0.0	0.0	0.0	0.0	0.0	0.0	0.06060606060606061	0.0	0.0	0.0	0.030303030303030304	0.0	0.0	0.0	0.030303030303030304	0.0	3
Burkholderia_pseudomallei_MSHR435	0	0	0	0	0	0	0	0	1.0	0	0.75	0	0	0	0	0	0	0	0	0	0.0	0.0	0.0	0.0	0.0	0.0	0.0	0.09090909090909091	0.09090909090909091	0.0	0.06818181818181818	0.0	0.06818181818181818	0.06818181818181818	0.0	0.0	0.022727272727272728	0.0	0.0	0.06818181818181818	4
Burkholderia_pseudomallei_NCTC_13179	0	0	0.3333333333333333	0	0	0	0	0	0	0	0	0	0	0.5	0	0.5	0	0	0	0	0.0	0.0	0.030303030303030304	0.030303030303030304	0.0	0.0	0.0	0.0	0.0	0.06060606060606061	0.0	0.0	0.0	0.06060606060606061	0.06060606060606061	0.030303030303030304	0.0	0.0	0.030303030303030304	0.0	3
Burkholderia_pseudomallei_Pasteur_52237	0	0	0	0	0	0	0	0	0	0	0	0	0	0	0	0	0	0	0	0	0.0	0.0	0.0	0.0	0.0	0.0	0.0	0.0	0.0	0.0	0.0	0.0	0.0	0.0	0.0	0.06060606060606061	0.0	0.0	0.0	0.06060606060606061	3
Campylobacter_coli	0	0	0	0	0	0	0	0	0	0	0	0	0	0	0	0	0	0	0	0	0	0	0	0	0	0	0	0	0	0	0	0	0	0	0	0	0	0	0	0	0
Campylobacter_fetus	0	0	0	0	0	0	0	0	0	0	0	0	0	0	0	0	0	0	0	0	0	0	0	0	0	0	0	0	0	0	0	0	0	0	0	0	0	0	0	0	0
Campylobacter_gracilis	0	0	0	0	0	0	0	0	0	0	0	0	0	0	0	0	0	0	0	0	0.0	0.0	0.0	0.01818181818181818	0.01818181818181818	0.0	0.0	0.0	0.0	0.0	0.0	0.05454545454545454	0.0	0.0	0.0	0.0	0.01818181818181818	0.0	0.0	0.0	5
Campylobacter_showae	0	0	0	0	0	0	0	0	0	0	0	0	0	0	0	0	0	0	0	0	0.0	0.0	0.0	0.0	0.0	0.0	0.0	0.0	0.0	0.0	0.0	0.0	0.0	0.0	0.0	0.0	0.0	0.0	0.0	0.0	2
Canine_morbillivirus	0	0	0	0	0	0	0	0	0	0	0	0	0	0	0	0	0	0	0	0	0	0	0	0	0	0	0	0	0	0	0	0	0	0	0	0	0	0	0	0	0
Chlamydia_abortus	0	0	0	0	0	0	0	0	0	0	0	0	0	0	0	0	0	0	0	0	0	0	0	0	0	0	0	0	0	0	0	0	0	0	0	0	0	0	0	0	0
Chlamydia_caviae	0	0	0	0	0	0	0	0	0	0	0	0	0	0	0	0	0	0	0	0	0	0	0	0	0	0	0	0	0	0	0	0	0	0	0	0	0	0	0	0	0
Chlamydia_felis	0	0	0	0	0	0	0	0	0	0	0	0	0	0	0	0	0	0	0	0	0	0	0	0	0	0	0	0	0	0	0	0	0	0	0	0	0	0	0	0	0
Chlamydia_muridarum	0	0	0	0	0	0	0	0	0	0	0	0	0	0	0	0	0	0	0	0	0	0	0	0	0	0	0	0	0	0	0	0	0	0	0	0	0	0	0	0	0
Chlamydia_pecorum	0	0	0	0	0	0	0	0	0	0	0	0	0	0	0	0	0	0	0	0	0	0	0	0	0	0	0	0	0	0	0	0	0	0	0	0	0	0	0	0	0
Chlamydia_pneumoniae	0	0	0	0	0	0	0	0	0	0	0	0	0	0	0	0	0	0	0	0	0	0	0	0	0	0	0	0	0	0	0	0	0	0	0	0	0	0	0	0	0
Chlamydia_psittaci	0	0	0	0	0	0	0	0	0	0	0	0	0	0	0	0	0	0	0	0	0	0	0	0	0	0	0	0	0	0	0	0	0	0	0	0	0	0	0	0	0
Chlamydia_suis	0	0	0	0	0	0	0	0	0	0	0	0	0	0	0	0	0	0	0	0	0	0	0	0	0	0	0	0	0	0	0	0	0	0	0	0	0	0	0	0	0
Chlamydia_trachomatis	0	0	0	0	0	0	0	0	0	0	0	0	0	0	0	0	0	0	0	0	0	0	0	0	0	0	0	0	0	0	0	0	0	0	0	0	0	0	0	0	0
Corynebacterium_ammoniagenes	0	0	0	0	0	0	0	0	0	0	0	0	0	0	0	0	0	0	0	0	0.0	0.0	0.0	0.0	0.0	0.0	0.0	0.09090909090909091	0.09090909090909091	0.0	0.0	0.0	0.0	0.0	0.0	0.0	0.0	0.0	0.0	0.0	1
Corynebacterium_amycolatum	0	0	0	0	0	0	0	0	0	0	0	0	0	0	0	0	0	0	0	0	0.0	0.030303030303030304	0.06060606060606061	0.0	0.0	0.0	0.0	0.030303030303030304	0.0	0.030303030303030304	0.0	0.0	0.030303030303030304	0.0	0.0	0.0	0.0	0.0	0.0	0.0	3
Corynebacterium_bovis	0.03571428571428571	0	0.04	0	0.04	0	0.08	0.043478260869565216	0	0.029411764705882353	0.038461538461538464	0	0	0	0.21428571428571427	0	0.12	0	0	0.05	0.01533406352683461	0.007667031763417305	0.007667031763417305	0.014238773274917854	0.012048192771084338	0.009857612267250822	0.017524644030668127	0.013143483023001095	0.008762322015334063	0.012048192771084338	0.01533406352683461	0.008762322015334063	0.009857612267250822	0.017524644030668127	0.017524644030668127	0.014238773274917854	0.009857612267250822	0.017524644030668127	0.008762322015334063	0.017524644030668127	83
Corynebacterium_crudilactis	0	0	0	0	0	0	0	0	0	0	1.0	0	0	0	0	0	0	0	0	0	0.0	0.0	0.0	0.09090909090909091	0.0	0.0	0.0	0.0	0.09090909090909091	0.0	0.09090909090909091	0.0	0.0	0.09090909090909091	0.0	0.0	0.0	0.0	0.09090909090909091	0.0	1
Corynebacterium_diphtheriae	0	0	0	0	0	0	0	0	1.0	0	0	0	0	0	0	0	0	0	0	0	0.0	0.0	0.0	0.0	0.0	0.0	0.0	0.0	0.09090909090909091	0.0	0.045454545454545456	0.0	0.0	0.09090909090909091	0.0	0.0	0.045454545454545456	0.0	0.0	0.0	2
Corynebacterium_diphtheriae_HC04	0	0	0	0	0	0	0	0	0	0	0	0	0	0	0	0	0	0	0	0	0.0	0.0	0.0	0.0	0.0	0.0	0.0	0.0	0.0	0.0	0.06060606060606061	0.06060606060606061	0.0	0.0	0.0	0.0	0.0	0.0	0.0	0.030303030303030304	3
Corynebacterium_jeikeium	0	0	0	0	0	0	0	0	0	0	0	0	0	0	0	0	0.16666666666666666	0	0	0.5	0.013636363636363636	0.022727272727272728	0.004545454545454545	0.0	0.01818181818181818	0.01818181818181818	0.00909090909090909	0.0	0.0	0.013636363636363636	0.02727272727272727	0.004545454545454545	0.013636363636363636	0.00909090909090909	0.013636363636363636	0.004545454545454545	0.013636363636363636	0.004545454545454545	0.00909090909090909	0.022727272727272728	20
Corynebacterium_jeikeium_K411	0.16666666666666666	0	0	0	0	0	0.42857142857142855	0	0	0	0	0	0	0	0	0	0	0	0	0	0.006993006993006993	0.0	0.0	0.0	0.0	0.006993006993006993	0.020979020979020976	0.0	0.0	0.03496503496503496	0.0	0.006993006993006993	0.027972027972027972	0.020979020979020976	0.020979020979020976	0.0	0.0	0.0	0.0	0.020979020979020976	13
Corynebacterium_kroppenstedtii	0	0	0	0.1875	0	0.1111111111111111	0	0	0	0	0	0	0	0	0	0	0	0	0	0	0.009828009828009828	0.004914004914004914	0.004914004914004914	0.009828009828009828	0.0	0.009828009828009828	0.0	0.004914004914004914	0.002457002457002457	0.00737100737100737	0.002457002457002457	0.0	0.009828009828009828	0.0	0.004914004914004914	0.0	0.00737100737100737	0.002457002457002457	0.002457002457002457	0.004914004914004914	37
Corynebacterium_kroppenstedtii_DSM_44385	0.06451612903225806	0	0	0	0.13333333333333333	0.03389830508474576	0	0	0	0.14285714285714285	0	0.08	0	0	0	0	0.029411764705882353	0.22641509433962265	0.08108108108108109	0	0.003952569169960474	0.0015810276679841897	0.009486166007905137	0.005533596837944664	0.007905138339920948	0.0023715415019762843	0.0031620553359683794	0.006324110671936759	0.004743083003952569	0.004743083003952569	0.0	0.0015810276679841897	0.008695652173913044	0.0015810276679841897	0.0031620553359683794	0.0	0.0023715415019762843	0.011857707509881422	0.0023715415019762843	0.019762845849802372	115
Corynebacterium_maris	0	0	0	0	0	0	0	0	0	0	0	0	0	0	0	0	0	0	0	0	0	0	0	0	0	0	0	0	0	0	0	0	0	0	0	0	0	0	0	0	0
Corynebacterium_maris_DSM_45190	0.16666666666666666	0.1111111111111111	0.42857142857142855	0	0	0	0	0	0	0	0.375	0	0	0	0.3333333333333333	0	0	0	0	0	0.011857707509881422	0.003952569169960474	0.023715415019762844	0.0	0.015810276679841896	0.003952569169960474	0.023715415019762844	0.011857707509881422	0.0	0.0	0.015810276679841896	0.011857707509881422	0.011857707509881422	0.007905138339920948	0.007905138339920948	0.003952569169960474	0.007905138339920948	0.011857707509881422	0.007905138339920948	0.003952569169960474	23
Corynebacterium_matruchotii	0	0	0	0	0	0	0	0	0	0	0	0	0	0	0	0	0	0	0	0	0.00909090909090909	0.00909090909090909	0.00909090909090909	0.0	0.01818181818181818	0.00909090909090909	0.00909090909090909	0.00909090909090909	0.0	0.0	0.0	0.0	0.00909090909090909	0.00909090909090909	0.00909090909090909	0.00909090909090909	0.0	0.0	0.0	0.01818181818181818	10
Corynebacterium_minutissimum	0	0	0	0	0	0	0	0	0	0	0	0	0	0	0	0	0	0	0	0	0.0	0.0	0.0	0.021390374331550804	0.0160427807486631	0.0	0.005347593582887701	0.005347593582887701	0.0	0.0320855614973262	0.0	0.005347593582887701	0.0	0.0	0.0	0.010695187165775402	0.005347593582887701	0.005347593582887701	0.0	0.005347593582887701	17
Corynebacterium_pseudotuberculosis	0	0	0	0	0	0	0	0	0	0	0	0	0	0	0	0	0	0	0	0	0.0	0.0	0.025974025974025976	0.0	0.0	0.0	0.025974025974025976	0.0	0.0	0.0	0.0	0.0	0.012987012987012988	0.0	0.0	0.0	0.0	0.0	0.012987012987012988	0.025974025974025976	7
Corynebacterium_pseudotuberculosis_Cp162	0	0	0	0	0	0	0	0	0	0	0	0	0	0	0	0	0	0	0	0	0.0	0.0909090909090909	0.0	0.0	0.0909090909090909	0.0909090909090909	0.0	0.0909090909090909	0.0	0.0	0.0	0.0	0.0	0.0	0.0	0.07575757575757576	0.0	0.0	0.0	0.0	6
Corynebacterium_renale	1.0	0	0.5	0	0	0	0	0	0	0	0	0	0	0	0	0	0	0	0	0	0.030303030303030304	0.030303030303030304	0.030303030303030304	0.0	0.0	0.0	0.0	0.030303030303030304	0.0	0.030303030303030304	0.0	0.0	0.0	0.0	0.0	0.0	0.0	0.0	0.0	0.0	3
Corynebacterium_segmentosum	0	0	0	0	0	0	0	0	0	0	0	0	0	0	0	0	0	0	0	0	0.011363636363636364	0.0	0.0	0.0	0.0	0.0	0.0	0.0	0.0	0.0	0.0	0.0	0.011363636363636364	0.0	0.011363636363636364	0.0	0.0	0.0	0.0	0.0	8
Corynebacterium_sphenisci	0	0	0	0	0	0	0	0	0	0	0	0	0	0	0	0	0	0	0	0	0	0	0	0	0	0	0	0	0	0	0	0	0	0	0	0	0	0	0	0	0
Corynebacterium_sphenisci_DSM_44792	0.05714285714285714	0.030303030303030304	0	0.13157894736842105	0.03333333333333333	0	0.029411764705882353	0.029411764705882353	0.05714285714285714	0.13043478260869565	0.03333333333333333	0	0.03125	0.038461538461538464	0.05	0.02564102564102564	0	0	0	0	0.01251042535446205	0.01334445371142619	0.017514595496246874	0.021684737281067557	0.011676396997497914	0.007506255212677232	0.011676396997497914	0.006672226855713095	0.006672226855713095	0.010842368640533779	0.008340283569641367	0.0050041701417848205	0.01251042535446205	0.008340283569641367	0.015012510425354463	0.0158465387823186	0.009174311926605505	0.014178482068390326	0.011676396997497914	0.007506255212677232	109
Corynebacterium_stationis	0	0.8333333333333334	0	0.3333333333333333	0	0	0.6666666666666666	0	0	0.4	0	0	0	0	0	0	0	0	0	0	0.0	0.04132231404958678	0.01652892561983471	0.008264462809917356	0.0	0.0	0.01652892561983471	0.0	0.008264462809917356	0.01652892561983471	0.008264462809917356	0.0	0.0	0.008264462809917356	0.0	0.0	0.01652892561983471	0.0	0.008264462809917356	0.01652892561983471	11
Corynebacterium_striatum	0	0	0	0	0	0	0	0.125	0	0	0	0	0	0	0	0	0	0	0	0	0.019138755980861243	0.0	0.023923444976076555	0.009569377990430622	0.009569377990430622	0.0	0.004784688995215311	0.009569377990430622	0.004784688995215311	0.014354066985645932	0.004784688995215311	0.0	0.004784688995215311	0.019138755980861243	0.019138755980861243	0.0	0.009569377990430622	0.004784688995215311	0.004784688995215311	0.004784688995215311	19
Corynebacterium_urealyticum	0	0	0	0	0	0	0	0	0	0	0	0	0	0	0	0	0	0	0	0	0.010101010101010102	0.0	0.010101010101010102	0.0	0.0	0.0	0.0	0.0	0.010101010101010102	0.010101010101010102	0.0303030303030303	0.010101010101010102	0.020202020202020204	0.010101010101010102	0.020202020202020204	0.020202020202020204	0.010101010101010102	0.010101010101010102	0.0303030303030303	0.010101010101010102	9
Corynebacterium_ureicelerivorans	0	0	0	0	0	0	0	0	0	0	0	0	0.1	0	0.5	0	0	0	0.07142857142857142	0	0.012121212121212121	0.01818181818181818	0.00909090909090909	0.00909090909090909	0.01818181818181818	0.00909090909090909	0.0	0.01515151515151515	0.01818181818181818	0.0030303030303030303	0.00909090909090909	0.021212121212121213	0.006060606060606061	0.006060606060606061	0.01818181818181818	0.03333333333333333	0.021212121212121213	0.006060606060606061	0.00909090909090909	0.0030303030303030303	30
Corynebacterium_xerosis	0.041666666666666664	0	0.08333333333333333	0.15384615384615385	0	0	0.23076923076923078	0	0	0	0.09090909090909091	0	0.058823529411764705	0.05	0	0.058823529411764705	0	0	0	0	0.010291595197255574	0.015437392795883362	0.012006861063464836	0.008576329331046312	0.015437392795883362	0.017152658662092625	0.018867924528301886	0.005145797598627787	0.00686106346483705	0.003430531732418525	0.008576329331046312	0.008576329331046312	0.005145797598627787	0.017152658662092625	0.018867924528301886	0.025728987993138934	0.010291595197255574	0.0017152658662092624	0.022298456260720412	0.024013722126929673	53
Cowpox_virus	0	0	0	0	0	0	0	0	0	0	0	0	0	0	0	0	0	0	0	0	0	0	0	0	0	0	0	0	0	0	0	0	0	0	0	0	0	0	0	0	0
Coxiella_burnetii	0	0	0	0	1.0	0	0	0	1.0	0	0	0	0	0	0	0	0	0	0	0	0.0	0.04743083003952569	0.0	0.0	0.023715415019762844	0.0	0.0	0.0	0.07114624505928854	0.0	0.0	0.0	0.0	0.0	0.0	0.0	0.0	0.023715415019762844	0.07114624505928854	0.0	23
Coxiella_burnetii_Dugway_5J108-111	0	0	0	0	0	0	0	0	0	0	0	0	0	0	0	0	0	0	0	0	0.024793388429752063	0.024793388429752063	0.024793388429752063	0.0	0.0	0.0	0.0	0.0	0.024793388429752063	0.024793388429752063	0.01652892561983471	0.0	0.0	0.0	0.0	0.01652892561983471	0.024793388429752063	0.024793388429752063	0.01652892561983471	0.0	11
Coxiella_burnetii_str._Schperling	0	0	0	0	0	0	0	0	0	0	0	0	0	0	0	0	0	0	0	0.5	0.012987012987012988	0.0	0.0	0.0	0.0	0.0	0.0	0.0	0.012987012987012988	0.0	0.0	0.0	0.012987012987012988	0.0	0.0	0.0	0.0	0.0	0.0	0.012987012987012988	7
Cryptosporidium	0	0	0	0	0	0	0	0	0	0	0	0	0	0	0	0	0	0	0	0	0	0	0	0	0	0	0	0	0	0	0	0	0	0	0	0	0	0	0	0	0
Cryptosporidium_parvum	0	0	0	0	0	0	0	0	0	0	0	0	0	0	0	0	0	0	0	0	0	0	0	0	0	0	0	0	0	0	0	0	0	0	0	0	0	0	0	0	0
Deltaretrovirus	0	0	0	0	0	0	0	0	0	0	0	0	0	0	0	0	0	0	0	0	0	0	0	0	0	0	0	0	0	0	0	0	0	0	0	0	0	0	0	0	0
Ehrlichia_canis	0	0	0	0	0	0	0	0	0	0	0	0	0	0	0	0	0	0	0	0	0	0	0	0	0	0	0	0	0	0	0	0	0	0	0	0	0	0	0	0	0
Ehrlichia_canis_str._Jake	0	0	0	0	0	0	0	0	0	0	0	0	0	0	0	0	0	0	0	0	0.0	0.0	0.0	0.09090909090909091	0.045454545454545456	0.0	0.045454545454545456	0.0	0.0	0.0	0.0	0.0	0.045454545454545456	0.045454545454545456	0.0	0.045454545454545456	0.045454545454545456	0.0	0.0	0.0	2
Enterococcus_avium	0	0	0	0	1.0	0	0	0	0	0	0	0	0	0	0	0	0	0	0	0	0.0	0.0	0.0	0.0	0.045454545454545456	0.0	0.0	0.0	0.0	0.0	0.045454545454545456	0.0	0.045454545454545456	0.0	0.0	0.0	0.0	0.045454545454545456	0.045454545454545456	0.0	2
Enterococcus_casseliflavus	0	0	0	0	0	0	0	0	0	0	0	0	0	0	0	0	0	0	0	0	0.0	0.0	0.0	0.0	0.06818181818181818	0.0	0.0	0.0	0.0	0.0	0.0	0.0	0.0	0.022727272727272728	0.045454545454545456	0.0	0.045454545454545456	0.045454545454545456	0.045454545454545456	0.0	4
Enterococcus_cecorum	0	0	0	0	0	0	0	0	0	0	0	0	0	0	0	0	0	0	0	0	0.0	0.0	0.0	0.0	0.0	0.0	0.0	0.0	0.0	0.0	0.006993006993006993	0.0	0.0	0.0	0.0	0.0	0.0	0.0	0.0	0.0	13
Enterococcus_durans	1.0	1.0	0	0.5	0	0	0	1.0	0	0	0	0	0	0	0	0	0	0	0	0	0.07954545454545454	0.011363636363636364	0.0	0.011363636363636364	0.0	0.0	0.0	0.011363636363636364	0.011363636363636364	0.022727272727272728	0.0	0.0	0.011363636363636364	0.0	0.0	0.0	0.0	0.0	0.0	0.0	8
Enterococcus_faecalis	0	1.0	0	0	0	1.0	0	0	0	0	0	0	0	0	0	0	0	0	0	0	0.0	0.045454545454545456	0.0	0.0	0.0	0.09090909090909091	0.0	0.0	0.0	0.0	0.06818181818181818	0.0	0.0	0.0	0.0	0.0	0.022727272727272728	0.045454545454545456	0.0	0.0	4
Enterococcus_faecalis_ATCC_29212	0	0	0	0	0	0	0	0	0	0	0	0	0	0	0	0	0	0	0	0	0.0	0.0909090909090909	0.0	0.0	0.0	0.0	0.0	0.0	0.0909090909090909	0.0	0.08712121212121211	0.0	0.0	0.0	0.0	0.0	0.0	0.0	0.0	0.0	24
Enterococcus_faecalis_D32	0	0	0	0	0	0	0	0	0	0	0	0	0	0	0	0	0	0	0	0	0.0	0.0	0.0	0.0	0.0	0.0	0.0	0.0	0.0	0.0	0.0	0.0	0.07792207792207792	0.0	0.0	0.0	0.0	0.0	0.0	0.07792207792207792	7
Enterococcus_faecium	0	0	0	0	0	0	0	0	0	0	0	0	0	0	0	0	0	0	1.0	0	0.0015151515151515152	0.0	0.0	0.08787878787878788	0.0015151515151515152	0.0	0.0	0.0	0.0	0.0015151515151515152	0.0	0.0	0.0	0.0015151515151515152	0.0	0.0	0.0	0.08939393939393939	0.08787878787878788	0.0	60
Enterococcus_faecium_ATCC_8459_=_NRRL_B-2354	0	1.0	1.0	0	0	0	0	0	0	1.0	0	0	0	0	0	0	0	0	0	0	0.0	0.0909090909090909	0.04837364470391993	0.0	0.0	0.0	0.0	0.0	0.0	0.04837364470391993	0.0475396163469558	0.0	0.0	0.0475396163469558	8.340283569641369E-4	0.0	0.0	0.0	0.0475396163469558	0.0	109
Enterococcus_hirae	1.0	0	0	0	0	0	0	0	0	0	0	0	0	0	0	0	0	0	0	0	0.030303030303030304	0.0	0.0	0.0	0.0	0.0	0.0	0.0	0.0	0.030303030303030304	0.0	0.0	0.0	0.0	0.0	0.0	0.0	0.0	0.030303030303030304	0.030303030303030304	6
Enterococcus_hirae_ATCC_9790	0.2631578947368421	0	0.14285714285714285	0	0	0	0	0	0	0	0	0	0	0	0	0	0	0	0	0	0.005753739930955121	0.0	0.00805523590333717	0.0	0.005753739930955121	0.005753739930955121	0.005753739930955121	0.0	0.0	0.0	0.0	0.0	0.0	0.0	0.0	0.0	0.005753739930955121	0.005753739930955121	0.0	0.00805523590333717	79
Enterococcus_mundtii	0	0	0	1.0	0	0	0	0	0	0	0	0	1.0	0	0	0	0	0	0	0	0.0	0.06060606060606061	0.0	0.06060606060606061	0.0	0.0	0.030303030303030304	0.0	0.0	0.030303030303030304	0.0	0.0	0.06060606060606061	0.0	0.0	0.0	0.0	0.0	0.0	0.0	3
Enterovirus_B	0	0	0	0	0	0	0	0	0	0	0	0	0	0	0	0	0	0	0	0	0	0	0	0	0	0	0	0	0	0	0	0	0	0	0	0	0	0	0	0	0
Epizootic_hemorrhagic_disease_virus_(serotype_1_/_strain_New_Jersey)	0	0	0	0	0	0	0	0	0	0	0	0	0	0	0	0	0	0	0	0	0	0	0	0	0	0	0	0	0	0	0	0	0	0	0	0	0	0	0	0	0
Equine_rhinitis_A_virus	0	0	0	0	0	0	0	0	0	0	0	0	0	0	0	0	0	0	0	0	0	0	0	0	0	0	0	0	0	0	0	0	0	0	0	0	0	0	0	0	0
Erysipelothrix_rhusiopathiae	0	0	0	0	0	0	0	0	0	0	0	0	0	0	0	0	0	0	0	0	0	0	0	0	0	0	0	0	0	0	0	0	0	0	0	0	0	0	0	0	0
Erythroparvovirus	0	0	0	0	0	0	0	0	0	0	0	0	0	0	0	0	0	0	0	0	0	0	0	0	0	0	0	0	0	0	0	0	0	0	0	0	0	0	0	0	0
Escherichia_coli	0	0	0.047619047619047616	0.01098901098901099	0.11428571428571428	0	0.2436548223350254	0.4666666666666667	0	0	0	0	0.2702702702702703	0.0072992700729927005	0.038461538461538464	0	0	0.006493506493506494	0	0.0641025641025641	0.0037565740045078884	0.005760080140245429	0.007513148009015777	0.004758327072376659	0.002504382669671926	0.001252191334835963	0.014024542950162784	0.010017530678687703	0.009015777610818934	0.0022539444027047336	0.0022539444027047336	0.002504382669671926	0.009015777610818934	7.513148009015777E-4	0.001252191334835963	0.013022789882294016	0.005008765339343852	0.018782870022539446	0.0037565740045078884	0.005509641873278237	363
Escherichia_coli_M8	0	0	0	0	0	0	0	0	0	0	0	0	0	0	0	0	0	0	0	0	0.0	0.0	0.0	0.0	0.0	0.0	0.0	0.0	0.0	0.0	0.0	0.0	0.0	0.0	0.0	0.0	0.0	0.0	0.0	0.0	1
Escherichia_coli_NCCP15648	0	0	0	0	0	0	0	0	0	0	0	0	0	0	0	0	0	0	0.2	0	0.09090909090909091	0.0	0.0	0.045454545454545456	0.0	0.0	0.0	0.0	0.0	0.0	0.0	0.045454545454545456	0.0	0.045454545454545456	0.03409090909090909	0.0	0.0	0.045454545454545456	0.045454545454545456	0.03409090909090909	8
Escherichia_coli_O111	0	0	0	0	0	0	0	0	0	0	0	0	0	0	0	0	0	0	0	0	0	0	0	0	0	0	0	0	0	0	0	0	0	0	0	0	0	0	0	0	0
Escherichia_coli_O157:H7	0	0	0	0	0	0	0	0	0	0	0	0	0	0	0	0	0	0	0	0	0.0	0.0	0.0	0.0	0.0	0.0	0.0	0.0	0.0	0.0	0.0	0.0	0.0	0.0	0.0	0.0	0.0	0.0	0.0	0.0	2
Escherichia_coli_O26	0	0	0	0	0	0	0	0	0	0	0	0	0	0	0	0	0	0	0	0	0	0	0	0	0	0	0	0	0	0	0	0	0	0	0	0	0	0	0	0	0
Francisella_tularensis	0	0	0	0	0	0	0	0	0	0	0	0	0	0	0	0	0	0	0	0	0.0	0.0	0.0	0.0	0.0	0.0	0.0	0.0	0.0	0.0	0.0	0.0	0.0	0.0	0.0	0.09090909090909091	0.0	0.0	0.0	0.0	1
Francisella_tularensis_subsp._novicida	0	0	0	0	0	0	0	0	0	0	0	0	0	0	0	0	0	0	0	0	0.0	0.0	0.045454545454545456	0.0	0.09090909090909091	0.0	0.0	0.0	0.0	0.0	0.0	0.045454545454545456	0.045454545454545456	0.0	0.0	0.045454545454545456	0.0	0.045454545454545456	0.0	0.045454545454545456	2
Fusobacterium	0	0	0.16666666666666666	0	0	0	0	0	0	0	0	0	0	0	0	0.25	0	0	0	0	0.007575757575757576	0.015151515151515152	0.011363636363636362	0.0	0.007575757575757576	0.0	0.007575757575757576	0.0	0.0	0.0	0.0	0.022727272727272724	0.011363636363636362	0.007575757575757576	0.003787878787878788	0.01893939393939394	0.0	0.003787878787878788	0.011363636363636362	0.01893939393939394	24
Fusobacterium_canifelinum	0	0	0	0	0	0	0	0	0	0	0	0	0	0	0	0	0	0	0	0	0.0	0.0	0.09090909090909091	0.09090909090909091	0.0	0.09090909090909091	0.0	0.0	0.0	0.0	0.0	0.0	0.0	0.09090909090909091	0.09090909090909091	0.0	0.0	0.0	0.0	0.0	1
Fusobacterium_gastrosuis	0	0	0	0	0	0	0	0	0	0	0	0	0	0	0	0	0	0	0	0	0.0	0.0	0.0	0.0	0.0	0.0	0.0	0.09090909090909091	0.0	0.0	0.09090909090909091	0.09090909090909091	0.0	0.0	0.0	0.0	0.0	0.0	0.0	0.0	1
Fusobacterium_hwasookii	0	0	0	0	0	0	0	0	0	0	0	0	0	0	0	0	0	0	0	0	0.0	0.0	0.0	0.0	0.0	0.0	0.0	0.0	0.0	0.0	0.045454545454545456	0.0	0.0	0.0	0.0	0.0	0.045454545454545456	0.0	0.0	0.0	2
Fusobacterium_hwasookii_ChDC_F174	0	0	0	0	0	0	0	0	0	0	0	0	0	0	0	1.0	0	0	0	0	0.09090909090909091	0.0	0.0	0.09090909090909091	0.0	0.0	0.0	0.0	0.0	0.0	0.0	0.0	0.0	0.0	0.0	0.045454545454545456	0.0	0.0	0.045454545454545456	0.0	2
Fusobacterium_mortiferum_ATCC_9817	0	0	0	0	0	0	0	0	0	0	0	0	0	0	0	0	0	0	0	0	0.0	0.0	0.0	0.09090909090909091	0.09090909090909091	0.0	0.0	0.0	0.0	0.0	0.0	0.0	0.0	0.09090909090909091	0.09090909090909091	0.0	0.0	0.0	0.0	0.0	1
Fusobacterium_necrophorum	1.0	1.0	0	0	0.8	0	1.0	0	0	0	0	0	0	0	0	0	0	0	0	0	0.011363636363636364	0.008522727272727272	0.0	0.0	0.03409090909090909	0.0	0.011363636363636364	0.0	0.0	0.0	0.0	0.002840909090909091	0.0	0.005681818181818182	0.0	0.0	0.005681818181818182	0.005681818181818182	0.0	0.04261363636363636	32
Fusobacterium_necrophorum_subsp._funduliforme	0	0	0.3333333333333333	0	1.0	0	0	0	0	0	0	0	0	0	0	0	0	0	0	0	0.0	0.0	0.006993006993006993	0.0	0.013986013986013986	0.0	0.0	0.0	0.0	0.0	0.0	0.006993006993006993	0.0	0.0	0.0	0.013986013986013986	0.0	0.006993006993006993	0.0	0.006993006993006993	13
Fusobacterium_nucleatum	0	0	0	0	0	0	0	0	0	0	0	0	0	0	0	0	0	0	0	0	0	0	0	0	0	0	0	0	0	0	0	0	0	0	0	0	0	0	0	0	0
Fusobacterium_nucleatum_subsp._animalis_21_1A	0	0	0	0	0	0	0	0	0	0	0	0	0	0	0	0	0	0	0	0	0.0	0.0	0.0	0.0	0.0	0.0	0.0	0.0	0.09090909090909091	0.0	0.0	0.0	0.0	0.0	0.0	0.0	0.0	0.0	0.0	0.0	1
Fusobacterium_nucleatum_subsp._polymorphum	0	0	0	0	0	0	0	0	0	0	0	0	0	0	0	0	0	0	0	0	0.0	0.0	0.0	0.0	0.0	0.0	0.0	0.0	0.0	0.0	0.0	0.0	0.0	0.0	0.0	0.0	0.0	0.0	0.0	0.0	1
Fusobacterium_varium_ATCC_27725	0	0	0	0	0	0	0	0	0	0	0	0	1.0	0	0	0	0	0	0	1.0	0.0	0.0	0.0	0.0	0.0	0.0	0.0	0.0	0.0	0.0	0.0	0.0	0.09090909090909091	0.0	0.045454545454545456	0.0	0.0	0.0	0.0	0.045454545454545456	2
Goatpox_virus	0	0	0	0	0	0	0	0	0	0	0	0	0	0	0	0	0	0	0	0	0	0	0	0	0	0	0	0	0	0	0	0	0	0	0	0	0	0	0	0	0
Haemophilus_influenzae	1.0	1.0	0	0	0	1.0	0	0	0	0.7142857142857143	0	0.8333333333333334	0.5833333333333334	0	0	0	0	0	0	0	0.04428904428904429	0.04195804195804196	0.0	0.04895104895104895	0.0	0.04428904428904429	0.03263403263403263	0.0	0.0	0.011655011655011654	0.002331002331002331	0.03263403263403263	0.03496503496503496	0.0	0.02097902097902098	0.0	0.0	0.0	0.002331002331002331	0.002331002331002331	39
Haemophilus_influenzae_10810	0	0	0	0	0	0	0	0	0	0	0	0	0	0	0	0	0	0	0	0	0.0	0.0	0.0	0.0	0.0	0.0	0.0909090909090909	0.0	0.0	0.0909090909090909	0.0	0.0	0.007575757575757576	0.0	0.0	0.007575757575757576	0.0	0.0	0.0	0.0	12
Haemophilus_influenzae_CGSHiCZ412602	0	0	0	0	0	0	0	0	0	0	0	0	0	0	0	0	0	0	0	0	0.0	0.0	0.0	0.0	0.0	0.0	0.0	0.09090909090909091	0.0	0.0	0.09090909090909091	0.09090909090909091	0.0	0.0	0.0	0.0	0.09090909090909091	0.0	0.0	0.09090909090909091	1
Haemophilus_influenzae_KR494	0	0	0	0	0	0	0	0	0	0	0	0	0	0	0	0	0	0	0	0	0.0	0.09090909090909091	0.0	0.0	0.0	0.0	0.0	0.0	0.0	0.0	0.011363636363636364	0.0	0.0	0.011363636363636364	0.0	0.07954545454545454	0.0	0.07954545454545454	0.0	0.0	8
Helicobacter_cinaedi	0	0	0	0	0	0	0	0	0	0	0	0	0	0	0	0	0	0	0	0	0.09090909090909091	0.0	0.0	0.0	0.0	0.0	0.0	0.09090909090909091	0.0	0.0	0.09090909090909091	0.0	0.0	0.09090909090909091	0.0	0.0	0.0	0.0	0.0	0.0	1
Helicobacter_pylori	0	0	0	0	0	0	0	0	0	0	0	0	0	0	0	0	0	0	0	0	0.0	0.06635700066357	0.0	0.022119000221190004	2.2119000221190003E-4	0.0	0.06657819066578191	0.0	0.0223401902234019	0.0	0.0	0.0	2.2119000221190003E-4	2.2119000221190003E-4	2.2119000221190003E-4	0.0	0.06790533067905331	0.0019907100199071004	0.0	2.2119000221190003E-4	411
Helicobacter_pylori_SS1	0	0	0	0	0	0	0	0	0	0	0	0	0	0	0	0	0	0	0	0	0.09090909090909091	0.0	0.0	0.0	0.0	0.0	0.0	0.0	0.0	0.0	0.0	0.0	0.0	0.045454545454545456	0.0	0.0	0.0	0.0	0.045454545454545456	0.045454545454545456	2
Helicobacter_pylori_Shi112	0	0	0	0	0	0	0	0	0	0.3333333333333333	0	0	1.0	0	0	0	0	0	0	0	0.0	0.0	0.0	0.0	0.0	0.0	0.0	0.0	0.0	0.045454545454545456	0.0	0.0	0.022727272727272728	0.022954545454545453	0.0	0.022727272727272728	0.0225	0.0	0.0	0.0	400
Hepatitis_B_virus	0	0	0	0	0	0	0	0	0	0	0	0	0	0	0	0	0	0	0	0	0	0	0	0	0	0	0	0	0	0	0	0	0	0	0	0	0	0	0	0	0
Hepatitis_E_virus	0	0	0	0	0	0	0	0	0	0	0	0	0	0	0	0	0	0	0	0	0	0	0	0	0	0	0	0	0	0	0	0	0	0	0	0	0	0	0	0	0
Hepatitis_delta_virus	0	0	0	0	0	0	0	0	0	0	0	0	0	0	0	0	0	0	0	0	0	0	0	0	0	0	0	0	0	0	0	0	0	0	0	0	0	0	0	0	0
Human_adenovirus_1	0	0	0	0	0	0	0	0	0	0	0	0	0	0	0	0	0	0	0	0	0	0	0	0	0	0	0	0	0	0	0	0	0	0	0	0	0	0	0	0	0
Human_adenovirus_2	0	0	0	0	0	0	0	0	0	0	0	0	0	0	0	0	0	0	0	0	0	0	0	0	0	0	0	0	0	0	0	0	0	0	0	0	0	0	0	0	0
Human_adenovirus_35	0	0	0	0	0	0	0	0	0	0	0	0	0	0	0	0	0	0	0	0	0	0	0	0	0	0	0	0	0	0	0	0	0	0	0	0	0	0	0	0	0
Human_adenovirus_5	0	0	0	0	0	0	0	0	0	0	0	0	0	0	0	0	0	0	0	0	0	0	0	0	0	0	0	0	0	0	0	0	0	0	0	0	0	0	0	0	0
Human_adenovirus_54	0	0	0	0	0	0	0	0	0	0	0	0	0	0	0	0	0	0	0	0	0	0	0	0	0	0	0	0	0	0	0	0	0	0	0	0	0	0	0	0	0
Human_adenovirus_7	0	0	0	0	0	0	0	0	0	0	0	0	0	0	0	0	0	0	0	0	0	0	0	0	0	0	0	0	0	0	0	0	0	0	0	0	0	0	0	0	0
Human_alphaherpesvirus_1	0	0	0	0	0	0	0	0	0	0	0	0	0	0	0	0	0	0	0	0	0	0	0	0	0	0	0	0	0	0	0	0	0	0	0	0	0	0	0	0	0
Human_alphaherpesvirus_2	0	0	0	0	0	0	0	0	0	0	0	0	0	0	0	0	0	0	0	0	0	0	0	0	0	0	0	0	0	0	0	0	0	0	0	0	0	0	0	0	0
Human_alphaherpesvirus_3	0	0	0	0	0	0	0	0	0	0	0	0	0	0	0	0	0	0	0	0	0	0	0	0	0	0	0	0	0	0	0	0	0	0	0	0	0	0	0	0	0
Human_gammaherpesvirus_4	0	0	0	0	0	0	0	0	0	0	0	0	0	0	0	0	0	0	0	0	0	0	0	0	0	0	0	0	0	0	0	0	0	0	0	0	0	0	0	0	0
Human_herpesvirus_4_type_2	0	0	0	0	0	0	0	0	0	0	0	0	0	0	0	0	0	0	0	0	0	0	0	0	0	0	0	0	0	0	0	0	0	0	0	0	0	0	0	0	0
Human_mastadenovirus_C	0	0	0	0	0	0	0	0	0	0	0	0	0	0	0	0	0	0	0	0	0	0	0	0	0	0	0	0	0	0	0	0	0	0	0	0	0	0	0	0	0
JC_polyomavirus	0	0	0	0	0	0	0	0	0	0	0	0	0	0	0	0	0	0	0	0	0	0	0	0	0	0	0	0	0	0	0	0	0	0	0	0	0	0	0	0	0
Klebsiella_aerogenes	0	0	0	0	0	0	0	0.25	0	0	0	0	0	0	0	0	0	0	0	0	0.04195804195804195	0.0034965034965034965	0.013986013986013986	0.03146853146853147	0.0	0.027972027972027972	0.013986013986013986	0.045454545454545456	0.04195804195804195	0.010489510489510488	0.0034965034965034965	0.010489510489510488	0.0	0.0	0.0034965034965034965	0.027972027972027972	0.0	0.0	0.0	0.024475524475524476	26
Klebsiella_michiganensis	0	0	0	0	0	0	0.5	0.2	0	0	0	0	0.75	0	0	0	0	0	0	0	0.0	0.015810276679841896	0.023715415019762844	0.015810276679841896	0.0	0.011857707509881422	0.003952569169960474	0.003952569169960474	0.0	0.0	0.04743083003952569	0.05533596837944664	0.04743083003952569	0.04743083003952569	0.05928853754940711	0.015810276679841896	0.019762845849802372	0.011857707509881422	0.007905138339920948	0.0	23
Klebsiella_oxytoca	0	0	0	0	0	0.1	0	0	0	0	0	0	0	0	0	0	0	0	0	0	0.015473887814313346	0.01934235976789168	0.013539651837524178	0.015473887814313346	0.030947775628626693	0.0038684719535783366	0.0	0.0038684719535783366	0.0019342359767891683	0.0	0.0	0.0	0.0	0.0019342359767891683	0.011605415860735008	0.0	0.005802707930367504	0.0	0.030947775628626693	0.0038684719535783366	47
Klebsiella_pneumoniae	0.9615384615384616	0	0	0.009345794392523364	0	0	0	0	0	0	0	0	0	0	0	0	0	0	0	0	0.0747800586510264	0.0	0.001466275659824047	0.002932551319648094	0.0	0.0	0.00439882697947214	0.00439882697947214	7.331378299120235E-4	7.331378299120235E-4	7.331378299120235E-4	0.002932551319648094	7.331378299120235E-4	0.0	0.005865102639296188	0.006598240469208211	0.00219941348973607	0.07551319648093842	0.001466275659824047	0.001466275659824047	124
Klebsiella_pneumoniae_subsp._pneumoniae	0	0	0	0	0	0	0	0	0	0	0	0	0	0	0	0	0	0	0	0	0.0010449320794148381	0.0	0.013584117032392895	0.012539184952978056	0.03552769070010449	0.013584117032392895	0.0	0.03343782654127482	0.026123301985370953	0.0	0.011494252873563218	0.01567398119122257	0.0	0.02716823406478579	0.01567398119122257	0.0	0.011494252873563218	0.013584117032392895	0.02716823406478579	0.014629049111807733	87
Klebsiella_pneumoniae_subsp._pneumoniae_KPNIH24	0	0	0	0	0	0	0	0	0	0	0	0	0	0	0	0	0	0	0	0	0.0	0.0909090909090909	0.0	0.0	0.0	0.0	0.0	0.0	0.0909090909090909	0.0	0.0	0.0	0.0	0.08962868117797695	0.0	0.0012804097311139564	0.0	0.0	0.0	0.08962868117797695	71
Klebsiella_pneumoniae_subsp._pneumoniae_KPNIH27	0	0	0	0	0	0	0	0	0	0	0	0	0	0	0	0	0	0	0	0	0.0	0.09090909090909091	0.0	0.0	0.0	0.0	0.0	0.0	0.0	0.0	0.0	0.045454545454545456	0.0	0.0	0.045454545454545456	0.0	0.0	0.0	0.0	0.0	2
Klebsiella_pneumoniae_subsp._rhinoscleromatis	0	0	0	0	0	0	0	0	0	0	0	0	0	0	0	0.995	0	0	0	0	0.0	0.0	0.09090909090909091	0.0	0.0	0.0	0.0	0.0	0.09090909090909091	0.0	0.09045454545454545	0.0	0.0	0.0	0.0	0.09045454545454545	0.0	0.09045454545454545	0.0	0.0	200
Legionella_anisa	0	0	0	0	0	0	0	0	0	0	0	0	0	0	0	0	0	0	0	0	0	0	0	0	0	0	0	0	0	0	0	0	0	0	0	0	0	0	0	0	0
Legionella_lansingensis	0	0	0	0	0	0	0	0	0	0	0	0	0	0	0	0	0	0	0	0	0	0	0	0	0	0	0	0	0	0	0	0	0	0	0	0	0	0	0	0	0
Legionella_pneumophila	0	0	0	0	0	0	0	0	0	0	0	0	0	0	0	0	0	0	0	0	0.007432818753573471	5.717552887364208E-4	0.0	0.007432818753573471	0.0011435105774728416	0.0011435105774728416	0.0	0.0	0.0	0.0	0.0	0.012006861063464838	5.717552887364208E-4	5.717552887364208E-4	0.0	0.012578616352201259	0.0	0.0	0.0	0.0017152658662092624	159
Legionella_pneumophila_subsp._pascullei	1.0	0	0	0	0	0	0	0	0	0	0	0	0	0	0	0	0	0	0	0	0.0909090909090909	0.0	0.0	0.0	0.0	0.0	0.0	0.0	0.0	0.0909090909090909	0.030303030303030304	0.06060606060606061	0.0	0.030303030303030304	0.0	0.0	0.0	0.0	0.0	0.0	3
Legionella_pneumophila_subsp._pneumophila	0	0	0	0	0	0	0	0	0	0	0	0	0	0	0	0	0	0	0	0	0.045454545454545456	0.0	0.0	0.0	0.0	0.0	0.0	0.0	0.0	0.045454545454545456	0.045454545454545456	0.045454545454545456	0.0	0.0	0.0	0.0	0.0	0.0	0.0	0.045454545454545456	2
Leptospira_alexanderi	0	0	0	0	0	0	0	0	0	0	0	0	0	0	0	0	0	0	0	0	0	0	0	0	0	0	0	0	0	0	0	0	0	0	0	0	0	0	0	0	0
Leptospira_alstonii	0	0	0	0	0	0	0	0	0	0	0	0	0	0	0	0	0	0	0	0	0	0	0	0	0	0	0	0	0	0	0	0	0	0	0	0	0	0	0	0	0
Leptospira_biflexa	0	0	0	0	0	0	0	0	0	0	0	0	0	0	0	0	0	0	0	0	0	0	0	0	0	0	0	0	0	0	0	0	0	0	0	0	0	0	0	0	0
Leptospira_biflexa_serovar_Patoc	0	0	0	0	0	0	0	0	0	0	0	0	0	0	0	0	0	0	0	0	0.0	0.0	0.0	0.09090909090909091	0.0	0.09090909090909091	0.09090909090909091	0.0	0.0	0.0	0.0	0.045454545454545456	0.0	0.045454545454545456	0.0	0.0	0.0	0.045454545454545456	0.0	0.0	2
Leptospira_borgpetersenii	0	0	0	0	0	0	0	1.0	0	0	0	0	0	0	0	0	0	0	0	0	0.0	0.0	0.0	0.030303030303030304	0.0	0.0	0.04545454545454545	0.030303030303030304	0.030303030303030304	0.0	0.0	0.0	0.0	0.0	0.015151515151515152	0.0	0.0	0.0	0.015151515151515152	0.0	6
Leptospira_borgpetersenii_serovar_Ceylonica	0	0	0	0	0	0	0	0	0	0	0	0	0	0	0	0	0	0	0	0	0.0	0.017316017316017316	0.03463203463203463	0.021645021645021644	0.0	0.021645021645021644	0.0	0.0	0.0	0.004329004329004329	0.004329004329004329	0.012987012987012986	0.021645021645021644	0.017316017316017316	0.017316017316017316	0.004329004329004329	0.004329004329004329	0.0	0.0	0.004329004329004329	21
Leptospira_broomii	0	0	0	0	0	0	0	0	0	0	0	0	0	0	0	0	0	0	0	0	0	0	0	0	0	0	0	0	0	0	0	0	0	0	0	0	0	0	0	0	0
Leptospira_fainei	0	0	0	0	0	0	0	0	0	0	0	0	0	0	0	0	0	0	0	0	0	0	0	0	0	0	0	0	0	0	0	0	0	0	0	0	0	0	0	0	0
Leptospira_inadai	0	0	0	0	0	0	0	0	0	0	0	0	0	0	0	0	0	0	0	0	0	0	0	0	0	0	0	0	0	0	0	0	0	0	0	0	0	0	0	0	0
Leptospira_interrogans	0	0	0	0	0	0	0	0	0	0	0	0	0	0	0.9333333333333333	0	0	0	0	1.0	0.0	0.01958041958041958	0.0	0.06153846153846154	0.008391608391608392	0.0013986013986013986	0.06153846153846154	0.0	0.0013986013986013986	0.0	0.06293706293706293	0.0	0.005594405594405594	0.0013986013986013986	0.01958041958041958	0.0	0.0013986013986013986	0.0	0.0	0.020979020979020976	65
Leptospira_kirschneri	0	0	0	0	0	0	0	0	0	0	0	0	0	0	0	0	0	0	0	0	0	0	0	0	0	0	0	0	0	0	0	0	0	0	0	0	0	0	0	0	0
Leptospira_kmetyi	0	0	0	0	0	0	0	0	0	0	0	0	0	0	0	0	0	0	0	0	0	0	0	0	0	0	0	0	0	0	0	0	0	0	0	0	0	0	0	0	0
Leptospira_licerasiae	0	0	0	0	0	0	0	0	0	0	0	0	0	0	0	0	0	0	0	0	0	0	0	0	0	0	0	0	0	0	0	0	0	0	0	0	0	0	0	0	0
Leptospira_noguchii	0	0	0	0	0	0	0	0	0	0	0	0	0	0	0	0	0	0	0	0	0.0	0.0	0.0	0.0	0.0	0.0	0.045454545454545456	0.0	0.045454545454545456	0.0	0.0	0.0	0.0	0.0	0.0	0.0	0.0	0.0	0.045454545454545456	0.0	2
Leptospira_santarosai	0	0	0	0	0	0	0	0	0	0	0	0	0	0	0	0	0	0	0	0	0	0	0	0	0	0	0	0	0	0	0	0	0	0	0	0	0	0	0	0	0
Leptospira_weilii	0	0	0	0	0	0	0	0	1.0	0	0	0.16666666666666666	0	0	0	0	0	0	0	1.0	0.0	0.0030303030303030303	0.0	0.01515151515151515	0.0	0.0	0.012121212121212121	0.01818181818181818	0.01818181818181818	0.0	0.0	0.012121212121212121	0.00909090909090909	0.00909090909090909	0.006060606060606061	0.024242424242424242	0.0	0.0	0.0	0.006060606060606061	30
Leptospira_wolffii	0	0	0	0	0	0	0	0	0	0	0	0	0	0	0	0	0	0	0	0	0	0	0	0	0	0	0	0	0	0	0	0	0	0	0	0	0	0	0	0	0
Listeria_monocytogenes	0	0	0	0	0	0	0	0	0	0	0.2	0	0	0	0	0	0	0	0	0	0.0	0.03496503496503496	0.0	0.0	0.0	0.0	0.006993006993006993	0.0	0.0	0.0	0.006993006993006993	0.0	0.0	0.0	0.027972027972027972	0.0	0.0	0.0	0.0	0.006993006993006993	13
Listeria_monocytogenes_J1816	0	0	0	0	0	0	0	0	0	0	0	0	0	0	0	0	0	0	0	0	0.0	0.0	0.0	0.0909090909090909	0.0	0.0	0.0	0.0	0.0	0.0909090909090909	0.0	0.07575757575757576	0.015151515151515152	0.0	0.0	0.0	0.0	0.0	0.0	0.0	6
Lumpy_skin_disease_virus	0	0	0	0	0	0	0	0	0	0	0	0	0	0	0	0	0	0	0	0	0	0	0	0	0	0	0	0	0	0	0	0	0	0	0	0	0	0	0	0	0
Lymphocryptovirus	0	0	0	0	0	0	0	0	0	0	0	0	0	0	0	0	0	0	0	0	0	0	0	0	0	0	0	0	0	0	0	0	0	0	0	0	0	0	0	0	0
Mannheimia_haemolytica	0.017857142857142856	0.32075471698113206	0.17777777777777778	0	0	0.3333333333333333	0	0.38461538461538464	0	0.20512820512820512	0	0	0	0	0	0	0	0	0	0	3.621876131836291E-4	0.017022817819630567	0.013763129300977906	3.621876131836291E-4	0.0	0.014125316914161535	0.011227816008692503	0.011590003621876132	0.022455632017385006	0.013763129300977906	0.005795001810938066	0.027526258601955813	0.010865628395508873	3.621876131836291E-4	0.0021731256791017745	0.0	0.017022817819630567	0.0010865628395508873	0.05939876856211517	0.01629844259326331	251
Mannheimia_haemolytica_USDA-ARS-USMARC-183	0	0	0	0	0	0	0	0	0	0	0	0	0	0	0	0	0	0	0	0	0.0	0.0	0.0	0.0	0.0	0.0	0.0	0.0	0.0	0.0	0.0	0.0	0.0	0.0	0.0	0.09090909090909091	0.0	0.0	0.0	0.09090909090909091	1
Measles_morbillivirus	0	0	0	0	0	0	0	0	0	0	0	0	0	0	0	0	0	0	0	0	0	0	0	0	0	0	0	0	0	0	0	0	0	0	0	0	0	0	0	0	0
Methanobrevibacter_oralis	0	0	0	0	0	0	0	0	0	0	0	0	0	0	0	0	0	0	0	0	0	0	0	0	0	0	0	0	0	0	0	0	0	0	0	0	0	0	0	0	0
Moraxella_catarrhalis	0	0	0	0	0	0	0	0	0	0	0	0	0	0	0	0	0	0	0	0	0	0	0	0	0	0	0	0	0	0	0	0	0	0	0	0	0	0	0	0	0
Morbillivirus	0	0	0	0	0	0	0	0	0	0	0	0	0	0	0	0	0	0	0	0	0	0	0	0	0	0	0	0	0	0	0	0	0	0	0	0	0	0	0	0	0
Mycobacterium_avium	0	0	0.02865329512893983	0.013745704467353952	0.017094017094017096	0.12544802867383512	0.03430079155672823	0.03496503496503497	0.02654867256637168	0.11578947368421053	0	0.004424778761061947	0	0	0.0594059405940594	0.09363295880149813	0.008310249307479225	0.040123456790123455	0.006734006734006734	0.04966887417218543	0.006508264462809918	0.011673553719008266	0.005785123966942148	0.007334710743801653	0.010743801652892562	0.011880165289256199	0.009297520661157025	0.008987603305785125	0.007128099173553719	0.0128099173553719	0.00981404958677686	0.006714876033057851	0.005991735537190082	0.013739669421487605	0.011053719008264462	0.01456611570247934	0.00909090909090909	0.009710743801652892	0.005888429752066116	0.011363636363636364	880
Mycobacterium_avium_subsp._avium	0.15384615384615385	0	0.2631578947368421	0	0	0.08	0	0.09090909090909091	0	0	0	0	0	0.04	0	0	0.04	0	0	0	0.010263929618768328	0.011730205278592375	0.014662756598240468	0.00439882697947214	0.005865102639296188	0.010263929618768328	0.016129032258064516	0.016129032258064516	0.011730205278592375	0.001466275659824047	0.00879765395894428	0.0	0.005865102639296188	0.010263929618768328	0.010263929618768328	0.016129032258064516	0.013196480938416423	0.01906158357771261	0.005865102639296188	0.020527859237536656	62
Mycobacterium_avium_subsp._hominissuis	0	0.05454545454545454	0.045454545454545456	0.16666666666666666	0.10256410256410256	0	0.02702702702702703	0.07272727272727272	0	0.02127659574468085	0	0	0.03773584905660377	0.057692307692307696	0	0.0975609756097561	0.02702702702702703	0	0.041666666666666664	0.02631578947368421	0.01818181818181818	0.005844155844155844	0.007142857142857143	0.016883116883116885	0.012987012987012986	0.01818181818181818	0.013636363636363637	0.014285714285714285	0.007142857142857143	0.01038961038961039	0.005844155844155844	0.01103896103896104	0.00909090909090909	0.012337662337662338	0.013636363636363637	0.011688311688311689	0.004545454545454545	0.007792207792207791	0.013636363636363637	0.012987012987012986	140
Mycobacterium_avium_subsp._paratuberculosis	0.08333333333333333	0.1	0	0	0	0	0	0	0	0	0	0	0	0	0.07142857142857142	0	0.3	0	0.1	0.14285714285714285	0.005681818181818181	0.015151515151515152	0.013257575757575758	0.011363636363636362	0.005681818181818181	0.003787878787878788	0.00946969696969697	0.013257575757575758	0.011363636363636362	0.011363636363636362	0.015151515151515152	0.028409090909090908	0.01893939393939394	0.013257575757575758	0.015151515151515152	0.020833333333333332	0.017045454545454548	0.003787878787878788	0.00946969696969697	0.011363636363636362	48
Mycobacterium_canettii	0	0	0	0	0.5	0	0	0	0	0	0	0	0	0	0	0	0	0	0	0	0.032467532467532464	0.0	0.01948051948051948	0.0	0.01948051948051948	0.03896103896103896	0.0	0.006493506493506494	0.012987012987012988	0.025974025974025976	0.006493506493506494	0.006493506493506494	0.0	0.006493506493506494	0.01948051948051948	0.012987012987012988	0.0	0.006493506493506494	0.0	0.012987012987012988	14
Mycobacterium_colombiense	0	0	0	0	0	0	0	0	0	0	0	0	0	0	0	0	0	0	0	0	0	0	0	0	0	0	0	0	0	0	0	0	0	0	0	0	0	0	0	0	0
Mycobacterium_colombiense_CECT_3035	0	0.043478260869565216	0	0.047619047619047616	0	0.17647058823529413	0	0	0.05	0	0	0	0	0	0	0	0.1	0	0.2	0	0.005865102639296188	0.010263929618768328	0.007331378299120234	0.007331378299120234	0.024926686217008796	0.010263929618768328	0.011730205278592375	0.00879765395894428	0.005865102639296188	0.00879765395894428	0.016129032258064516	0.007331378299120234	0.014662756598240468	0.010263929618768328	0.00879765395894428	0.010263929618768328	0.00879765395894428	0.013196480938416423	0.016129032258064516	0.013196480938416423	62
Mycobacterium_intracellulare	0	0.03225806451612903	0.10810810810810811	0.0625	0.16666666666666666	0.05	0	0.06818181818181818	0.04	0	0.02631578947368421	0.05	0.13333333333333333	0.11320754716981132	0	0	0.058823529411764705	0.06818181818181818	0	0	0.013223140495867768	0.015426997245179062	0.015426997245179062	0.011019283746556474	0.013223140495867768	0.019834710743801654	0.0038567493112947656	0.017079889807162536	0.009917355371900827	0.01046831955922865	0.008264462809917356	0.015426997245179062	0.013223140495867768	0.011019283746556474	0.015977961432506887	0.0071625344352617085	0.01763085399449036	0.006611570247933884	0.014325068870523417	0.011570247933884299	165
Mycobacterium_intracellulare_subsp._yongonense	0	0	0	0	0.05128205128205128	0.18518518518518517	0.14814814814814814	0.1388888888888889	0.03571428571428571	0	0	0.06666666666666667	0.043478260869565216	0.09090909090909091	0	0	0.06896551724137931	0	0.0625	0	0.008181818181818182	0.022727272727272728	0.017272727272727273	0.010909090909090908	0.004545454545454545	0.010909090909090908	0.015454545454545453	0.014545454545454545	0.007272727272727273	0.010909090909090908	0.010909090909090908	0.011818181818181818	0.006363636363636364	0.012727272727272728	0.016363636363636365	0.01	0.014545454545454545	0.022727272727272728	0.015454545454545453	0.007272727272727273	100
Mycobacterium_kansasii	0.06756756756756757	0.05454545454545454	0	0.08928571428571429	0.057692307692307696	0	0.029411764705882353	0.041666666666666664	0	0.1111111111111111	0.013888888888888888	0.12727272727272726	0.04838709677419355	0	0.03773584905660377	0.06	0.14285714285714285	0	0	0.12244897959183673	0.008893280632411068	0.011363636363636364	0.012845849802371542	0.014822134387351778	0.00691699604743083	0.015316205533596838	0.011363636363636364	0.011857707509881422	0.009881422924901186	0.010869565217391304	0.007905138339920948	0.017292490118577076	0.008893280632411068	0.010375494071146246	0.010375494071146246	0.013339920948616602	0.02025691699604743	0.018280632411067196	0.015810276679841896	0.016304347826086956	184
Mycobacterium_leprae	0	0	0	0	0	0	0	0	0	0	0	0	0	0	0	0	0	0	0	0	0	0	0	0	0	0	0	0	0	0	0	0	0	0	0	0	0	0	0	0	0
Mycobacterium_leprae_Kyoto-2	0	0	0	0	0	0	0	0	0	0	0	0	0	0	0	0	0	0	0	0	0.022727272727272728	0.0	0.0	0.0	0.0	0.022727272727272728	0.0	0.045454545454545456	0.0	0.022727272727272728	0.0	0.022727272727272728	0.0	0.022727272727272728	0.0	0.022727272727272728	0.022727272727272728	0.0	0.022727272727272728	0.022727272727272728	4
Mycobacterium_marseillense	0	0.1111111111111111	0.06666666666666667	0	0	0	0	0	0	0.1111111111111111	0.125	0	0.16666666666666666	0.2	0	0	0	0	0	0.058823529411764705	0.01474201474201474	0.022113022113022116	0.0171990171990172	0.00737100737100737	0.012285012285012284	0.004914004914004914	0.012285012285012284	0.002457002457002457	0.009828009828009828	0.00737100737100737	0.012285012285012284	0.00737100737100737	0.01474201474201474	0.022113022113022116	0.01474201474201474	0.0171990171990172	0.012285012285012284	0.00737100737100737	0.009828009828009828	0.009828009828009828	37
Mycobacterium_sp._JS623	0.06818181818181818	0.034482758620689655	0.06666666666666667	0.043478260869565216	0.13636363636363635	0	0.08695652173913043	0	0	0	0.06896551724137931	0	0.047619047619047616	0.029411764705882353	0	0.04	0.15625	0.10526315789473684	0	0	0.017045454545454548	0.013257575757575758	0.016098484848484848	0.010416666666666666	0.017992424242424244	0.015151515151515152	0.017045454545454548	0.007575757575757576	0.010416666666666666	0.010416666666666666	0.008522727272727274	0.004734848484848485	0.013257575757575758	0.006628787878787879	0.008522727272727274	0.006628787878787879	0.019886363636363636	0.010416666666666666	0.00946969696969697	0.017992424242424244	96
Mycobacterium_sp._YC-RL4	0.043478260869565216	0	0	0.06666666666666667	0.13793103448275862	0	0.03571428571428571	0	0	0	0.07407407407407407	0.07407407407407407	0.034482758620689655	0	0.05555555555555555	0.047619047619047616	0	0.06451612903225806	0	0.03125	0.008456659619450317	0.008456659619450317	0.007399577167019027	0.016913319238900635	0.016913319238900635	0.016913319238900635	0.008456659619450317	0.007399577167019027	0.009513742071881607	0.0021141649048625794	0.009513742071881607	0.014799154334038054	0.008456659619450317	0.010570824524312896	0.013742071881606767	0.009513742071881607	0.008456659619450317	0.015856236786469344	0.009513742071881607	0.008456659619450317	86
Mycobacterium_tuberculosis	0	0	0	0	0.07142857142857142	0	0.09090909090909091	0.05555555555555555	0	0	0	0	0	0	0	0.35714285714285715	0	0	0.13333333333333333	0.2857142857142857	0.028409090909090908	0.005681818181818181	0.0	0.003787878787878788	0.015151515151515152	0.011363636363636362	0.00946969696969697	0.020833333333333332	0.017045454545454548	0.007575757575757576	0.00946969696969697	0.003787878787878788	0.022727272727272724	0.001893939393939394	0.001893939393939394	0.020833333333333332	0.0	0.026515151515151516	0.013257575757575758	0.028409090909090908	48
Mycobacterium_tuberculosis_KZN_1435	0	0	0.16666666666666666	0.16666666666666666	0	0	0.07407407407407407	0	0	0	0	0.045454545454545456	0	0	0	0	0	0.12121212121212122	0	0.13513513513513514	0.007272727272727272	0.01575757575757576	0.02666666666666667	0.019393939393939394	0.003636363636363636	0.019393939393939394	0.009696969696969697	0.0012121212121212121	0.006060606060606061	0.0	0.0024242424242424242	0.025454545454545455	0.013333333333333334	0.0024242424242424242	0.02181818181818182	0.020606060606060607	0.01575757575757576	0.009696969696969697	0.007272727272727272	0.014545454545454544	75
Mycobacterium_tuberculosis_complex	0	0	0	0	0.05042016806722689	0.2	0	0.13793103448275862	0.028985507246376812	0	0	0.1038961038961039	0	0.07692307692307693	0.08791208791208792	0.09302325581395349	0	0.04081632653061224	0	0	0.008592017738359202	0.004711751662971175	0.004711751662971175	0.01385809312638581	0.014966740576496674	0.021618625277161862	0.009146341463414634	0.01524390243902439	0.011086474501108647	0.004711751662971175	0.014966740576496674	0.01579822616407982	0.013303769401330375	0.005266075388026608	0.013303769401330375	0.014412416851441243	0.016352549889135252	0.010532150776053215	0.01302660753880266	0.019401330376940133	328
Mycobacterium_tuberculosis_variant_africanum	0	0	0	0	0	0	0	0	0	0	0	0	0	0	0	0	0	0	0	0	0	0	0	0	0	0	0	0	0	0	0	0	0	0	0	0	0	0	0	0	0
Mycobacterium_tuberculosis_variant_bovis	0	0	0	0	0	0	0	0	0	0	0	0	0	0	0	0	0	0	0	0	0	0	0	0	0	0	0	0	0	0	0	0	0	0	0	0	0	0	0	0	0
Mycobacteroides_abscessus	0.03666666666666667	0.04225352112676056	0.05825242718446602	0	0.11314984709480122	0.027932960893854747	0	0.043478260869565216	0	0.053003533568904596	0.0375	0.02178217821782178	0	0.04310344827586207	0	0.004975124378109453	0	0.03676470588235294	0.2842465753424658	0.022641509433962263	0.0054585152838427945	0.0166732830488289	0.019650655021834062	0.016276300119094877	0.005160778086542279	0.007741167129813418	0.012504962286621676	0.007939658594680429	0.002183406113537118	0.01687177451369591	0.010321556173084558	0.0064509726081778485	0.009527590313616514	0.005061532354108774	0.018558951965065504	0.013100436681222707	0.010917030567685589	0.005260023818975784	0.018658197697499008	0.012008733624454149	916
Mycobacteroides_abscessus_subsp._abscessus	0	0.04	0.21739130434782608	0.05555555555555555	0	0	0	0	0	0	0	0	0	0	0	0	0.058823529411764705	0	0.05714285714285714	0.10714285714285714	0.0074719800747198	0.0062266500622665	0.026151930261519303	0.011207970112079703	0.0	0.008717310087173101	0.017434620174346202	0.0273972602739726	0.0049813200498132005	0.0	0.0149439601494396	0.0024906600249066002	0.011207970112079703	0.0012453300124533001	0.012453300124533	0.022415940224159405	0.008717310087173101	0.009962640099626401	0.0149439601494396	0.022415940224159405	73
Mycobacteroides_abscessus_subsp._bolletii	0.6666666666666666	0	0	0.6666666666666666	0	0	0	0	0	0	0	0	0	0.3333333333333333	0	0	0	0.25	0	0	0.030303030303030304	0.015151515151515152	0.015151515151515152	0.022727272727272724	0.007575757575757576	0.022727272727272724	0.015151515151515152	0.015151515151515152	0.0	0.015151515151515152	0.007575757575757576	0.015151515151515152	0.015151515151515152	0.030303030303030304	0.007575757575757576	0.015151515151515152	0.015151515151515152	0.022727272727272724	0.015151515151515152	0.015151515151515152	12
Mycobacteroides_abscessus_subsp._bolletii_50594	0	0	0	0	0	0	0	0	0	0	0	0	0	0	0	0	0	0	0	0	0.0	0.0	0.0	0.0	0.0	0.0	0.0	0.0	0.0	0.0	0.0	0.0	0.0	0.0	0.0	0.0	0.0	0.0	0.0	0.0	1
Mycobacteroides_abscessus_subsp._massiliense	0	0	0	0.13043478260869565	0	0	0	0	0	0	0	0	0.08823529411764706	0	0	0	0	0	0	0	0.013636363636363637	0.0012987012987012987	0.015584415584415583	0.005194805194805195	0.007792207792207791	0.013636363636363637	0.011688311688311689	0.00974025974025974	0.01818181818181818	0.01038961038961039	0.02207792207792208	0.03441558441558442	0.01038961038961039	0.01103896103896104	0.023376623376623377	0.014285714285714285	0.01753246753246753	0.025974025974025972	0.01103896103896104	0.007792207792207791	140
Mycobacteroides_abscessus_subsp._massiliense_CCUG_48898_=_JCM_15300	0	0	0	0	0.30434782608695654	0	0	0	0	0	0	0	0	0	0	0	0	0	0	0.03225806451612903	0.00691699604743083	0.008893280632411068	0.020750988142292492	0.026679841897233204	0.020750988142292492	9.881422924901185E-4	0.007905138339920948	0.00691699604743083	0.021739130434782608	0.00691699604743083	0.00691699604743083	0.016798418972332016	0.010869565217391304	9.881422924901185E-4	0.00691699604743083	0.007905138339920948	0.00691699604743083	0.003952569169960474	0.001976284584980237	0.007905138339920948	92
Mycoplasma_haemocanis	0	0	0	0	0	0	0	0	0	0	0	0	0	0	0	0	0	0	0	0	0	0	0	0	0	0	0	0	0	0	0	0	0	0	0	0	0	0	0	0	0
Mycoplasma_haemofelis	0	0	0	0	0	0	0	0	0	0	0	0	0	0	0	0	0	0	0	0	0	0	0	0	0	0	0	0	0	0	0	0	0	0	0	0	0	0	0	0	0
Mycoplasma_mycoides	0	0	0	0	0	0	0	0	0	0	0	0	0	0	0	0	0	0	0	0	0	0	0	0	0	0	0	0	0	0	0	0	0	0	0	0	0	0	0	0	0
Mycoplasma_ovipneumoniae	0	0	0	0	0	0	0	0	0	0	0	0	0	0	0	0	0	0	0	0	0	0	0	0	0	0	0	0	0	0	0	0	0	0	0	0	0	0	0	0	0
Mycoplasma_pneumoniae	0	0	0	0	0	0	0	0	0	0	0	0	0	0	0	0	0	0	0	0	0	0	0	0	0	0	0	0	0	0	0	0	0	0	0	0	0	0	0	0	0
Neisseria_elongata	0	0	0	0	0	0	0	0	0	0	0	0	0	0	0	0	0	0	0	0	0	0	0	0	0	0	0	0	0	0	0	0	0	0	0	0	0	0	0	0	0
Neisseria_elongata_subsp._glycolytica	0	0	0	0	0	0	0	0	0	0	0	0	0	0	0	0	0	0	0	0	0.0	0.0	0.0	0.0	0.0	0.0	0.0	0.0	0.0	0.0	0.0	0.0	0.0	0.0	0.09090909090909091	0.0	0.0	0.0	0.0	0.09090909090909091	1
Neisseria_gonorrhoeae	1.0	0	0	0	0	0	0	0	0	0	0	0	0	0	0	0	0	0	0	0	0.09090909090909091	0.0	0.0	0.0	0.03305785123966942	0.0	0.0	0.0	0.0	0.09090909090909091	0.0	0.0	0.0	0.06611570247933884	0.06611570247933884	0.0	0.024793388429752063	0.0	0.0	0.0	11
Neisseria_gonorrhoeae_NG-k51.05	0	1.0	1.0	0	0	0	0	0	0	0	0	0	0	0	0	0	0	0	0	0	0.0	0.09090909090909091	0.09090909090909091	0.0	0.09090909090909091	0.0	0.0	0.0	0.0	0.0	0.0	0.0	0.0	0.0	0.0	0.0	0.0	0.0	0.08727272727272727	0.08727272727272727	25
Neisseria_meningitidis	0	0	0	0	0	0	0	0	0	0	0	0	0	0.5	0.1	0	0	0	0.5	0	0.0	0.06293706293706294	0.0	0.024475524475524476	0.0034965034965034965	0.045454545454545456	0.0034965034965034965	0.0	0.0	0.0	0.0	0.0034965034965034965	0.0	0.0034965034965034965	0.006993006993006993	0.05244755244755244	0.0034965034965034965	0.0034965034965034965	0.020979020979020976	0.013986013986013986	26
Neisseria_meningitidis_8013	0	0	0	0	0	0	0	0	0	0	0	0	0	0	0	0	0	0	0	0	0.0	0.09090909090909091	0.09090909090909091	0.0	0.0	0.0	0.0	0.09090909090909091	0.0	0.09090909090909091	0.0	0.0	0.0	0.0	0.0	0.0	0.0	0.0	0.0	0.0	1
Neisseria_mucosa	0	0	0	0	0	0	0	0	0	0	0	0	0	0	0	0	0	0	0	0	0	0	0	0	0	0	0	0	0	0	0	0	0	0	0	0	0	0	0	0	0
Neisseria_sicca	0	0	0	0	0	0	0	0	0	0	0	0	0	0	0	0	0	0	0	0	0.0	0.0	0.0	0.0	0.0	0.0	0.0	0.0	0.0	0.0	0.0	0.0	0.045454545454545456	0.0	0.0	0.0	0.0	0.045454545454545456	0.0	0.0	2
Neisseria_subflava	1.0	0	0	0.5	0	0	0	0	0	0	0	0	0	0	0	0	0	0	0	0	0.045454545454545456	0.0	0.045454545454545456	0.045454545454545456	0.0	0.0	0.0	0.0	0.0	0.0	0.0	0.0	0.0	0.0	0.0	0.0	0.0	0.0	0.045454545454545456	0.0	2
Neisseria_weaveri	0	0	0	0	0	0	0	0	0	0	0	0	0	0	0	0	0	0	0	0	0.0	0.045454545454545456	0.045454545454545456	0.0	0.0	0.0	0.0	0.0	0.0	0.0	0.0	0.0	0.0	0.0	0.0	0.0	0.0	0.0	0.045454545454545456	0.0	2
Orthohepadnavirus	0	0	0	0	0	0	0	0	0	0	0	0	0	0	0	0	0	0	0	0	0	0	0	0	0	0	0	0	0	0	0	0	0	0	0	0	0	0	0	0	0
Orthopoxvirus	0	0	0	0	0	0	0	0	0	0	0	0	0	0	0	0	0	0	0	0	0	0	0	0	0	0	0	0	0	0	0	0	0	0	0	0	0	0	0	0	0
Paraavulavirus	0	0	0	0	0	0	0	0	0	0	0	0	0	0	0	0	0	0	0	0	0	0	0	0	0	0	0	0	0	0	0	0	0	0	0	0	0	0	0	0	0
Parvimonas_micra	0	0	1.0	0	0	0	0	0	0	0	0	0	0	0	0	0	0	0	0	0	0.0	0.0	0.006493506493506494	0.0	0.0	0.0	0.0	0.0	0.0	0.0	0.0	0.006493506493506494	0.0	0.0	0.0	0.006493506493506494	0.0	0.0	0.0	0.0	14
Pasteurella_multocida	0	0	0	0	0	0	0	0	0	0	0	0	0	0	0	0	0	0	0	0	0.09090909090909091	0.0	0.0	0.0	0.0	0.0	0.09090909090909091	0.0	0.0	0.09090909090909091	0.0	0.005681818181818182	0.0	0.0	0.0	0.005681818181818182	0.0	0.0	0.0	0.0	16
Pasteurella_multocida_subsp._multocida	0.2222222222222222	0.125	0	0	0	0	0.25	0.14285714285714285	0.14285714285714285	0	0	0.2	0	0.1	0	0.2	0	0	0.14285714285714285	0	0.012626262626262626	0.010101010101010102	0.010101010101010102	0.01515151515151515	0.010101010101010102	0.005050505050505051	0.010101010101010102	0.010101010101010102	0.007575757575757575	0.0	0.0025252525252525255	0.005050505050505051	0.005050505050505051	0.01515151515151515	0.007575757575757575	0.005050505050505051	0.0025252525252525255	0.0025252525252525255	0.007575757575757575	0.007575757575757575	36
Pasteurella_multocida_subsp._multocida_str._Pm70	0	0	0	0	0	0	0	0	0	0	0	0	0	0	0	0	0	0	0	0	0.0	0.0	0.0	0.0	0.0	0.0	0.0	0.0	0.0	0.0	0.0	0.0	0.0	0.0	0.0	0.0	0.0	0.0	0.0	0.0	1
Peptostreptococcus_anaerobius	0	0	0	0	0	0	0	0	0	0	0	0	0	0	0	0	0	0	0	0	0	0	0	0	0	0	0	0	0	0	0	0	0	0	0	0	0	0	0	0	0
Polyomaviridae	0	0	0	0	0	0	0	0	0	0	0	0	0	0	0	0	0	0	0	0	0	0	0	0	0	0	0	0	0	0	0	0	0	0	0	0	0	0	0	0	0
Porphyromonas_gingivalis	0	0	0	0	0	0	0	0	0	0	0	0	0	0	0	0	0.6666666666666666	0	0	1.0	0.01515151515151515	0.0	0.0	0.0	0.0	0.0	0.0303030303030303	0.0	0.04040404040404041	0.0	0.005050505050505051	0.03535353535353535	0.01515151515151515	0.005050505050505051	0.0	0.0	0.010101010101010102	0.005050505050505051	0.0	0.010101010101010102	18
Porphyromonas_gingivalis_A7A1-28	0	0	0	0	0	0	0	0	0	0	0	0.14285714285714285	0	0	0	0	0	0	0	0	0.0	0.09090909090909091	0.0	0.0	0.0	0.0	0.0	0.0	0.0	0.0	0.0	0.012987012987012988	0.0	0.07792207792207792	0.0	0.0	0.07792207792207792	0.012987012987012988	0.0	0.0	7
Porphyromonas_gingivalis_AJW4	0	0	0	0	0	0	0	0	0	0	0	0	0	0	0	0	0	0.8571428571428571	0	0	0.0	0.09090909090909091	0.0	0.0	0.0	0.0	0.0	0.0	0.0	0.0	0.09090909090909091	0.0	0.0	0.012987012987012988	0.0	0.0	0.0	0.07792207792207792	0.0	0.07792207792207792	7
Porphyromonas_gingivalis_W83	0	0	0	0	0	0	0	0	0	0	0	0	0	0	0	0	0	0	0	0	0.0	0.0	0.0	0.0	0.09090909090909091	0.0	0.0	0.0	0.0	0.0	0.0	0.0	0.0	0.0	0.0	0.0	0.0	0.0	0.0	0.0	4
Rickettsia_africae	0	0	0	0	0	0	0	0	0	0	0	0	0	0	0	0	0	0	0	0	0	0	0	0	0	0	0	0	0	0	0	0	0	0	0	0	0	0	0	0	0
Rickettsia_akari	0	0	0	0	0	0	0	0	0	0	0	0	0	0	0	0	0	0	0	0	0	0	0	0	0	0	0	0	0	0	0	0	0	0	0	0	0	0	0	0	0
Rickettsia_conorii	0	0	0	0	0	0	0	0	0	0	0	0	0	0	0	0	0	0	0	0	0	0	0	0	0	0	0	0	0	0	0	0	0	0	0	0	0	0	0	0	0
Rickettsia_felis	0	0	0	0	0	0	0	0	0	0	0	0	0	0	0	0	0	0	0	0	0	0	0	0	0	0	0	0	0	0	0	0	0	0	0	0	0	0	0	0	0
Rickettsia_japonica	0	0	0	0	0	0	0	0	0	0	0	0	0	0	0	0	0	0	0	0	0	0	0	0	0	0	0	0	0	0	0	0	0	0	0	0	0	0	0	0	0
Rickettsia_prowazekii	0	0	0	0	0	0	0	0	0	0	0	0	0	0	0	0	0	0	0	0	0	0	0	0	0	0	0	0	0	0	0	0	0	0	0	0	0	0	0	0	0
Rickettsia_rickettsii	0	0	0	0	0	0	0	0	0	0	0	0	0	0	0	0	0	0	0	0	0	0	0	0	0	0	0	0	0	0	0	0	0	0	0	0	0	0	0	0	0
Rickettsia_sibirica	0	0	0	0	0	0	0	0	0	0	0	0	0	0	0	0	0	0	0	0	0	0	0	0	0	0	0	0	0	0	0	0	0	0	0	0	0	0	0	0	0
Rickettsia_typhi	0	0	0	0	0	0	0	0	0	0	0	0	0	0	0	0	0	0	0	0	0	0	0	0	0	0	0	0	0	0	0	0	0	0	0	0	0	0	0	0	0
Salmonella_enterica	0	0	0	0	0	0	0.9714285714285714	0	0	0	0	0	0	0	0	0	0	0	0	0	0.0013080444735120995	0.0016350555918901242	0.023871811641595814	0.065729234793983	0.0	0.0	0.02321778940483976	0.0	3.270111183780249E-4	0.02223675604970569	3.270111183780249E-4	0.023871811641595814	0.0	6.540222367560497E-4	0.0	0.06540222367560497	0.08731196860693263	3.270111183780249E-4	0.06507521255722694	6.540222367560497E-4	278
Salmonella_enterica_subsp._arizonae	1.0	0	0	0	0	0	0	0	0	0	0	0	0	0	1.0	0	1.0	0	0	0	0.09090909090909091	0.0	0.0	0.0	0.0	0.09090909090909091	0.0	0.0	0.0	0.0	0.0	0.0	0.0	0.0	0.045454545454545456	0.0	0.09090909090909091	0.0	0.0	0.0	2
Salmonella_enterica_subsp._enterica	0	0	0	0	0	0	0	0	0	0	1.0	0	0	0	0	0	0	0	0	0	0.03305785123966942	0.0	0.0	0.01652892561983471	0.04958677685950413	0.0	0.0	0.03305785123966942	0.024793388429752063	0.0	0.008264462809917356	0.008264462809917356	0.04132231404958678	0.0	0.04132231404958678	0.008264462809917356	0.01652892561983471	0.008264462809917356	0.008264462809917356	0.01652892561983471	11
Salmonella_enterica_subsp._enterica_serovar_Choleraesuis	0	0	0	0	0	0	0	0	0	0	0	0	0	0	0	0	0	0	0	0	0.0	0.0	0.0	0.0	0.0	0.0	0.0	0.0	0.0	0.0	0.0	0.045454545454545456	0.0	0.0	0.045454545454545456	0.0	0.0	0.0	0.045454545454545456	0.0	2
Salmonella_enterica_subsp._enterica_serovar_Cubana_str._CFSAN002050	0	0	0	0	0	0	0	0	0	0	0	0	0	0	0	0	0	0	0	0	0.0	0.09090909090909091	0.0	0.09090909090909091	0.0	0.09090909090909091	0.0	0.0	0.0	0.0	0.0	0.022727272727272728	0.0	0.022727272727272728	0.0	0.0	0.0	0.0	0.0	0.0	4
Salmonella_enterica_subsp._enterica_serovar_Derby	0	0	0	0	0	0	0	0	0	0	0	0	0	0	0	0	0	0	0	0	0.0	0.09090909090909091	0.0	0.0	0.09090909090909091	0.0	0.0	0.0	0.0	0.0	0.09090909090909091	0.0	0.0	0.0	0.0	0.0	0.0	0.0	0.09090909090909091	0.0	1
Salmonella_enterica_subsp._enterica_serovar_Djakarta_str._S-1087	0	0	0	0	0	0	0	0	0	0	0	0	0	0	0	0	0	0	0	0	0.0909090909090909	0.0	0.0	0.0	0.0	0.0	0.0	0.0	0.0	0.0	0.0	0.0	0.0	0.0	0.06060606060606061	0.030303030303030304	0.0	0.06060606060606061	0.0	0.0	3
Salmonella_enterica_subsp._enterica_serovar_Dublin	0	0	0	0	0	0	0	0	0	0	0	0	0	0	0	0	0	0	0	0	0.0	0.0	0.0	0.0	0.0	0.0	0.0	0.0	0.0	0.0	0.0	0.0	0.0	0.0	0.0	0.0	0.0	0.0	0.0	0.07954545454545454	8
Salmonella_enterica_subsp._enterica_serovar_Enteritidis	1.0	0	0	0	0	0	0	0	0	0	0	0	0	0	0	0	0	0	0	1.0	0.09090909090909091	0.0	0.0	0.0	0.0	0.0	0.0	0.0	0.0	0.0	0.0	0.0	0.0	0.0	0.0	0.0	0.0	0.0	0.0	0.09090909090909091	1
Salmonella_enterica_subsp._enterica_serovar_Onderstepoort_str._SA20060086	0	0	0	0	0	0	0	0	0	0	0	0	0	0	0	0	0	0	0	0	0.0	0.0	0.07792207792207792	0.07792207792207792	0.0	0.0	0.07792207792207792	0.07792207792207792	0.0	0.0	0.0	0.0	0.0	0.0	0.0	0.0	0.0	0.0	0.0	0.0	7
Salmonella_enterica_subsp._enterica_serovar_Senftenberg	0	0	0	0	0	0	0	0	0	0	0	0	0	0	0	0	0	0	0	0	0.0	0.0	0.0	0.0	0.0909090909090909	0.0	0.0	0.0909090909090909	0.0	0.0	0.0	0.0	0.06060606060606061	0.0	0.0	0.06060606060606061	0.0	0.0	0.0	0.0909090909090909	3
Salmonella_enterica_subsp._enterica_serovar_Typhimurium	0	0	0	0	0	0	0	0	0	0	0	0	0	0	0	0	0	0	0	0	0	0	0	0	0	0	0	0	0	0	0	0	0	0	0	0	0	0	0	0	0
Salmonella_enterica_subsp._houtenae_str._ATCC_BAA-1581	0	0	0	0	0	0	0	0	0	1.0	0	0	0	0	0	0	0	0	0	0	0.04545454545454545	0.0	0.04545454545454545	0.04545454545454545	0.04545454545454545	0.0	0.04545454545454545	0.0	0.0	0.04545454545454545	0.0	0.0	0.015151515151515152	0.0	0.030303030303030304	0.0	0.0	0.0	0.015151515151515152	0.015151515151515152	6
Salmonella_enterica_subsp._salamae_serovar_55:k:z39_str._1315K	0	0	0	0	0	0	0	0	0	0	0	0	0	0	0	0	0	0	0	0	0.0	0.0	0.0	0.0	0.0	0.0	0.0	0.0	0.0	0.09090909090909091	0.0	0.09090909090909091	0.0	0.0	0.0	0.0	0.0	0.0	0.0	0.0	1
Sheeppox_virus	0	0	0	0	0	0	0	0	0	0	0	0	0	0	0	0	0	0	0	0	0	0	0	0	0	0	0	0	0	0	0	0	0	0	0	0	0	0	0	0	0
Shigella_boydii	0	0	0	0	0	0	0	0	0	0	0	0	0	0	0	0	0	0	0	0	0	0	0	0	0	0	0	0	0	0	0	0	0	0	0	0	0	0	0	0	0
Shigella_dysenteriae	0	0	0	0	0	0	0	0	0	0	0	0	0	0	0	0	0	0	0	0	0	0	0	0	0	0	0	0	0	0	0	0	0	0	0	0	0	0	0	0	0
Shigella_flexneri	0	0	0	0	0	0	0	0	0	0	0	0	0	0	0	0	0	0	0	0	0	0	0	0	0	0	0	0	0	0	0	0	0	0	0	0	0	0	0	0	0
Shigella_sonnei	0	0	0	0	0	0	0	0	0	0	0	0	0	0	0	0	0	0	0	0	0	0	0	0	0	0	0	0	0	0	0	0	0	0	0	0	0	0	0	0	0
Simian_virus_12	0	0	0	0	0	0	0	0	0	0	0	0	0	0	0	0	0	0	0	0	0	0	0	0	0	0	0	0	0	0	0	0	0	0	0	0	0	0	0	0	0
Staphylococcus_aureus	0	0	0	0	0	0.08547008547008547	0	0	0	0	0.0625	0	0	0	0	0	0	0	0	0	0.0	0.0019005384859043393	0.0	0.0015837820715869496	0.0012670256572695597	0.0031675641431738993	0.004434589800443459	0.0025340513145391194	0.0	0.031675641431738996	0.0015837820715869496	3.167564143173899E-4	0.0	9.502692429521697E-4	0.0012670256572695597	3.167564143173899E-4	0.0	3.167564143173899E-4	3.167564143173899E-4	0.031992397846056383	287
Staphylococcus_aureus_subsp._aureus_ED133	0	0	0	0	0	0	0	0	0	0	0	0	0	0	0	0	0	0	0	0	0.0	0.0	0.0	0.0	0.0	0.0	0.09090909090909091	0.0	0.0	0.09090909090909091	0.0	0.0	0.012987012987012988	0.0	0.0	0.0	0.0	0.07792207792207792	0.0	0.0	7
Staphylococcus_cohnii	0	0.5	0	0	0	0	0	0.2857142857142857	0.2857142857142857	0	0	0	0	0	0	0	0	0	0	0	0.0	0.010570824524312896	0.0	0.0	0.0021141649048625794	0.0021141649048625794	0.004228329809725159	0.006342494714587738	0.012684989429175475	0.0	0.0021141649048625794	0.004228329809725159	0.0	0.0	0.0	0.0	0.006342494714587738	0.0021141649048625794	0.0021141649048625794	0.004228329809725159	43
Staphylococcus_epidermidis	0	0	0	0	0	0	0	0	0	0	0	0	0	0	0	0	0	0	0	0	0.0	0.0	0.0	0.0	0.0	0.002977754422841128	1.7516202487300754E-4	0.0	0.0024522683482221053	0.0	0.0	5.254860746190226E-4	0.0	0.0	0.0	0.0	0.0	0.0	1.7516202487300754E-4	0.0	519
Staphylococcus_epidermidis_ATCC_12228	0	0	0	0	0	0	0	0	0	0	0	0	0.3333333333333333	0	0	0	0	0	0	0	0.010909090909090908	0.0	0.0	0.010909090909090908	0.010909090909090908	0.0	0.0	0.0	0.0	0.0	0.0	0.0	0.0036363636363636364	0.0	0.0	0.0036363636363636364	0.0	0.0	0.0	0.0	25
Staphylococcus_epidermidis_PM221	0	0	0	0	0	0	0	0	0	0	0	0	0	0	0	0	0	0	0	0	0.0	0.0	0.0	0.0	0.0	0.0	0.0	0.0	0.0	0.0	0.0	0.0	0.0	0.0	0.0	0.0	0.0	0.0	0.0	0.0	6
Staphylococcus_equorum	0	0.6	0.125	0.2222222222222222	0.13636363636363635	0	0	0	0.045454545454545456	0.06896551724137931	0	0	0	0	0	0	0	0.14285714285714285	0	0	0.0	0.004662004662004662	0.003108003108003108	0.001554001554001554	0.002331002331002331	0.0	0.0	0.0	0.001554001554001554	0.002331002331002331	0.003108003108003108	0.0	0.001554001554001554	0.0	0.0	0.006216006216006216	0.004662004662004662	0.006216006216006216	0.002331002331002331	0.001554001554001554	117
Staphylococcus_hominis	0	0	0	0	0	0	0	0	0	0	0	0	0	0	0	0	0	0	0	0	0.0	0.0	0.0	0.0	0.0	0.0	0.0	0.0	0.0	0.0	0.0	0.0	0.0	0.0	0.0	0.0	0.0	0.0	0.0	0.0	19
Staphylococcus_hominis_subsp._hominis	0	0	0	0	0	0	0	0	0	0	0	0	0	0	0	0	0	0	0	0	0.008869179600886918	0.0	0.0	0.0	0.0	0.0	0.011086474501108647	0.0	0.0	0.0	0.0	0.0	0.0	0.0	0.0	0.0	0.0	0.0	0.0	0.0	41
Staphylococcus_nepalensis	0	0	0	0	0	0	0	0	0	0	0	0	0	0	0	0	0	0	0	0	0.0	0.0	0.0	0.0	0.006993006993006993	0.0	0.0	0.0	0.0	0.0	0.0	0.0	0.0	0.0	0.0	0.0	0.0	0.0	0.0	0.0	13
Staphylococcus_saprophyticus	0	0	0	0	0	0	0	0	0	0	0	0	0	0	0	0	0	0	0	0	0.0	0.005509641873278237	0.0	0.0	0.0	0.0	0.0	0.0	0.0	0.0	0.0	0.0	0.0027548209366391185	0.0	0.0	0.0	0.0	0.0	0.0	0.0	33
Staphylococcus_simulans	0	0	0	0	0	0	0	0	0	0	0	0	0	0	0	0	0	0	0	1.0	0.0	0.0	0.0	0.0	0.0	0.0	0.0	0.0	0.0	0.03636363636363636	0.03636363636363636	0.0	0.0	0.0	0.0	0.045454545454545456	0.045454545454545456	0.0	0.0	0.03636363636363636	10
Staphylococcus_succinus	0	0.3333333333333333	0	0	0.3333333333333333	0	0	0	0	0.2	0	0	0	0	0	0.3333333333333333	0	0	0	0	0.0	0.020202020202020204	0.010101010101010102	0.010101010101010102	0.020202020202020204	0.0	0.010101010101010102	0.010101010101010102	0.0	0.020202020202020204	0.0	0.0	0.0	0.0	0.0	0.020202020202020204	0.0	0.0	0.0	0.0	9
Streptococcus_agalactiae	0	0	0	0	0	0	0	0	0	0	0	0	0	0	0	0	0	0	0	0	0	0	0	0	0	0	0	0	0	0	0	0	0	0	0	0	0	0	0	0	0
Streptococcus_agalactiae_GD201008-001	0	0	0	0	0	0	0	0	0	0	1.0	0.625	0	0	0	0	0	0	0	0	0.0	0.0	0.0	0.0	0.0	0.050505050505050504	0.0	0.0	0.0	0.0	0.08080808080808081	0.050505050505050504	0.0	0.010101010101010102	0.050505050505050504	0.0	0.0	0.0	0.0	0.0	9
Streptococcus_anginosus	0	0	0	0	0	0	0	0	0	0	0	0	0	0	0	0	0	0	0	0	0.0	0.0	0.0	0.0	0.09090909090909091	0.0	0.0	0.0	0.0	0.0	0.0	0.0	0.0	0.0	0.0	0.0	0.0	0.0	0.0	0.0	1
Streptococcus_anginosus_C1051	1.0	0	0	0	0	0	0	0	0	0	0	0	0	0	0	0	0	1.0	0	0	0.03636363636363636	0.0	0.0	0.0	0.0	0.0	0.0	0.0	0.0	0.0	0.0	0.0	0.0	0.0	0.0	0.0	0.0	0.03636363636363636	0.0	0.0	5
Streptococcus_canis	0	0	0	0	0	0	0	0	0	0	0	0	0	0	0	0	0	0	0	0	0.0	0.0	0.0	0.0	0.0	0.0	0.0	0.0	0.0	0.0	0.0	0.0	0.0	0.0	0.0	0.0	0.0	0.0	0.0	0.0	8
Streptococcus_cristatus	0	0	0	0	0	0	0	0	0	0	0	0	0	0	0	0	0	0	0	0	0	0	0	0	0	0	0	0	0	0	0	0	0	0	0	0	0	0	0	0	0
Streptococcus_cristatus_AS_1.3089	1.0	0	0	0	0	0	0	0	0	0	0	0	0	0	0	0	0	0	0	0	0.09090909090909091	0.0	0.0	0.0	0.0	0.0	0.0	0.0	0.0	0.0	0.0	0.0	0.0	0.0	0.0	0.0	0.0	0.0	0.0	0.0	2
Streptococcus_cristatus_ATCC_51100	0	0	0	0	0	0	0	0	0	0	0	0	0	0	0	0	0	0	0	0	0.0	0.0	0.0	0.06060606060606061	0.0	0.0	0.0	0.0	0.0	0.0	0.0	0.0	0.0	0.06060606060606061	0.0	0.0	0.0	0.0	0.0	0.0	3
Streptococcus_dysgalactiae	1.0	0	0	0	0	0	0	0	0	0	0	0	0	0	0	0	0	0	0	0	0.0909090909090909	0.0909090909090909	0.0	0.0	0.0	0.0	0.0	0.0	0.0	0.0	0.0	0.0	0.0	0.007575757575757576	0.0	0.0	0.0	0.04545454545454545	0.03787878787878788	0.0	12
Streptococcus_dysgalactiae_subsp._dysgalactiae	0	0	0	0	0	0	0	0	0	0	0	0	0	0	0	0	0	0	0	0	0.0	0.0	0.0	0.0	0.0	0.0	0.0	0.0	0.09090909090909091	0.0	0.0	0.0	0.0	0.0	0.0	0.0	0.0	0.0	0.0	0.0	1
Streptococcus_dysgalactiae_subsp._equisimilis	0	0	0	0	0	0	0	0	0	0	0	0	0	0	0	0	0	0	0	0	0.0	0.0	0.0	0.0	0.0	0.0	0.0909090909090909	0.0	0.0	0.0	0.0	0.0	0.0	0.0	0.0	0.0909090909090909	0.0	0.0	0.0909090909090909	0.0	6
Streptococcus_equi	0	0	0	0	0	0	0	0	0	0	0	0	0	0	0	0	0	0	0	0	0.0	0.0	0.0	0.0	0.0	0.0	0.0	0.0	0.0	0.0	0.043478260869565216	0.043478260869565216	0.0	0.0	0.0	0.0	0.0	0.0	0.0	0.0	23
Streptococcus_equi_subsp._zooepidemicus	0	0	0	0	0	0	0	0	0	0	0	0	0	0	0	0	0	0	0	0	0.0	0.09090909090909091	0.0	0.0	0.0	0.0	0.0	0.0	0.0	0.0	0.0	0.0	0.0	0.0	0.0	0.0	0.0	0.0	0.0	0.0	1
Streptococcus_gallolyticus	0	0	0	0	0	0	0	0	0	0	0	0	0	0	0	0	0	0	0	0	0.045454545454545456	0.0	0.0	0.0	0.045454545454545456	0.0	0.045454545454545456	0.0	0.0	0.045454545454545456	0.0	0.0	0.0	0.045454545454545456	0.0	0.045454545454545456	0.045454545454545456	0.0	0.045454545454545456	0.0	2
Streptococcus_gallolyticus_UCN34	0	0	0	0	0	0	0	0	0	0	0	0	0	0	0	0	0	0	0	0	0.0	0.0	0.0	0.0	0.0	0.0	0.0	0.0	0.0	0.0	0.0	0.0	0.0	0.0	0.0	0.0	0.0	0.0	0.0	0.0	2
Streptococcus_gordonii	0	0	0	0	0	0	0	0	0	0	0	0	0	0	0	0	0	0	0	0	0.0	0.0	0.0	0.0	0.0	0.0	0.0	0.0	0.0	0.0	0.0	0.0	0.0	0.0	0.0	0.0	0.0	0.0	0.0	0.0	27
Streptococcus_gordonii_str._Challis_substr._CH1	0	0	0	0	0	0	0	0	0	0	0	0	0	0	0	0	0	0	0	0	0	0	0	0	0	0	0	0	0	0	0	0	0	0	0	0	0	0	0	0	0
Streptococcus_intermedius	0	0	0	0	0	0	0	0	0	0	0	0	0	0	0	0	0	0	0	0	0.0	0.0	0.0	0.09090909090909091	0.0	0.0	0.0	0.0	0.0	0.0	0.0	0.0	0.0	0.0	0.0	0.0	0.0	0.0	0.0	0.0	2
Streptococcus_lutetiensis	0	0	0	0	0	0	0	0	0	0	0	0	0	0	0	0	0	0	0	0	0.0	0.0	0.0	0.022727272727272728	0.0	0.0	0.0	0.0	0.0	0.0	0.0	0.0	0.0	0.0	0.011363636363636364	0.0	0.0	0.011363636363636364	0.0	0.0	8
Streptococcus_milleri	0	0	0	0	0	0	0	0	0	0	0	0	0	0	0	0	0	0	0	0	0	0	0	0	0	0	0	0	0	0	0	0	0	0	0	0	0	0	0	0	0
Streptococcus_mitis	0	0	0	0	0	0	0	0	0	0	0	0	0	0	0	0	0	0	0	0	0.007575757575757576	0.007575757575757576	0.0	0.007575757575757576	0.007575757575757576	0.0	0.0	0.0	0.0	0.0	0.0	0.007575757575757576	0.0	0.007575757575757576	0.007575757575757576	0.0	0.0	0.0	0.0	0.007575757575757576	12
Streptococcus_mitis_B6	0	0	0	0	0	0	0	0	0	0	0	0	0	0	0	0	0	0	0	0	0.0	0.0	0.0	0.05454545454545454	0.0	0.05454545454545454	0.0	0.0	0.0	0.0	0.0	0.0	0.0	0.05454545454545454	0.0	0.0	0.0	0.0	0.0	0.0	5
Streptococcus_mutans	0	0	0	0	0	0	0	0	0	0	0	1.0	0	0	0	0	0	0.5	0	0	0.0	0.045454545454545456	0.0	0.0	0.0	0.0	0.0	0.0	0.0	0.0	0.0	0.022727272727272728	0.0	0.022727272727272728	0.0	0.0	0.0	0.022727272727272728	0.0	0.0	4
Streptococcus_oralis	0	0	0	0	0	0	0	0	0	0	0	0	0	0	0	0	0	0	0	0	0.0	0.0	0.0	0.0	0.0	0.0	0.0	0.0	0.0	0.0	0.005681818181818182	0.011363636363636364	0.0	0.005681818181818182	0.0	0.0	0.0	0.0	0.0	0.0	16
Streptococcus_oralis_ATCC_35037	0	0	0	0	0	0	0	1.0	0	0	0	0	0	0	0	0	0	0	0	0	0.0	0.0	0.0	0.0	0.0	0.0	0.0	0.01818181818181818	0.0	0.0	0.0	0.0	0.0	0.0	0.0	0.0	0.0	0.0	0.0	0.0	5
Streptococcus_oralis_subsp._oralis	0	0	0	0	0	0	1.0	0.5	0	0	1.0	0	0	0	0	0	0	0	0	0	0.0	0.0	0.0	0.0	0.0	0.0	0.008264462809917356	0.008264462809917356	0.0	0.008264462809917356	0.01652892561983471	0.0	0.0	0.0	0.0	0.0	0.0	0.0	0.0	0.0	11
Streptococcus_parauberis	0	0	0	0	0	0	0	0	0	0	0	0	0	0	0	0	0	0	0	0	0	0	0	0	0	0	0	0	0	0	0	0	0	0	0	0	0	0	0	0	0
Streptococcus_pneumoniae	0	0	0	0	0	0	0	0	0	0	0	0	0	0	0	0	0	0	0	0	0.0	0.0	0.0	0.0	0.0	0.004914004914004914	0.0	0.0	0.0	0.004914004914004914	0.0	0.0	0.0	0.002457002457002457	0.0	0.0	0.0	0.0	0.0	0.004914004914004914	37
Streptococcus_pyogenes	0	0	0	0	0	0	1.0	0	0	0	0	0	0	0	0	0	0	0	0	0	0.0	0.0	0.0	0.0	0.023362112747587607	0.0	0.008633824276282377	0.0	0.0	0.0	0.0	0.0	0.0	0.0	0.0	0.0	0.006602336211274759	0.0	0.006602336211274759	0.006602336211274759	179
Streptococcus_pyogenes_A20	0	0	0	0	0	0	0	0	0	0	0	0	0	0	0	0	0	0	0	0	0.0	0.0	0.0	0.0	0.0	0.0	0.0	0.0	0.0	0.0	0.0	0.0	0.0	0.08181818181818182	0.0	0.0	0.0	0.0	0.00909090909090909	0.0	10
Streptococcus_pyogenes_HKU_QMH11M0907901	1.0	0	0	0	0	0	0	0	0	0	0	0	0	0	0	0	0	0	0	0	0.09090909090909091	0.0	0.0	0.0	0.0	0.0	0.0	0.0	0.0	0.0	0.0	0.08264462809917356	0.0	0.0	0.0	0.0	0.008264462809917356	0.09090909090909091	0.008264462809917356	0.0	11
Streptococcus_salivarius	0	0	0	0	0	0	0	0	0	0	0	0	0	0	0	0	0.8571428571428571	0	0.3333333333333333	0	0.0	0.0	0.0	0.0	0.0	0.0	0.0	0.0	0.005681818181818182	0.0	0.014204545454545454	0.0	0.0	0.002840909090909091	0.0	0.011363636363636364	0.017045454545454544	0.0	0.017045454545454544	0.002840909090909091	32
Streptococcus_salivarius_57.I	0	0	0	0	0	0	0	0	0	0	0	0	0	0	0	0	0	0	0	0	0.0	0.0	0.0	0.0	0.0	0.0	0.0	0.0	0.0	0.0	0.0	0.0	0.0	0.0	0.0	0.0	0.0	0.0	0.0	0.015151515151515152	6
Streptococcus_salivarius_CCHSS3	0	0	0	0	0	0	0	0	0	0	0	0	0	0	0	0	0	0	0	0	0.0	0.0	0.0	0.0	0.0	0.0	0.0	0.0	0.0	0.0	0.0	0.0	0.0	0.0	0.0	0.0	0.0	0.0	0.045454545454545456	0.0	2
Streptococcus_salivarius_JIM8777	0	0	0	0	0	0	0	0	0	0.4	0	0	0	0	0	0	0	0	0	0	0.0	0.0	0.0	0.0	0.03636363636363636	0.0	0.0	0.0	0.0	0.03636363636363636	0.0	0.0	0.0	0.0	0.0	0.0	0.0	0.0	0.0	0.0	5
Streptococcus_sanguinis	0	0	0	0	0	0	0	0.4	0	0	0	0	0	0	0	0	1.0	0	0	0	0.0	0.01652892561983471	0.0	0.008264462809917356	0.01652892561983471	0.01652892561983471	0.008264462809917356	0.01652892561983471	0.024793388429752063	0.0	0.008264462809917356	0.04132231404958678	0.024793388429752063	0.008264462809917356	0.01652892561983471	0.0	0.03305785123966942	0.024793388429752063	0.01652892561983471	0.024793388429752063	11
Streptococcus_sanguinis_SK36	0	0	0	0	0	0	0	0	0	0	0	0	0	0	0	0	0	0	0	0	0.0	0.0	0.0	0.0	0.0	0.0	0.0	0.0	0.0	0.0	0.0	0.0	0.0	0.0	0.0	0.0	0.0	0.0	0.0	0.0	1
Streptococcus_sp._HSISM1	0	0	0	0	0	0	0	0	0	0	0	0	0	0	0	0	0	0	0	0	0.045454545454545456	0.0	0.0	0.0	0.0	0.0	0.0	0.045454545454545456	0.0	0.045454545454545456	0.0	0.0	0.0	0.0	0.0	0.0	0.0	0.0	0.045454545454545456	0.0	2
Streptococcus_suis	0.675	0	0.06666666666666667	0	0	0	0	0	0	0	0.027777777777777776	0	0	0	0	0	0	0	0	0	0.050699300699300696	0.04895104895104895	0.022727272727272728	0.04895104895104895	0.0472027972027972	0.015734265734265736	0.0034965034965034965	0.006993006993006993	0.0017482517482517483	0.0034965034965034965	0.0034965034965034965	0.0017482517482517483	0.027972027972027972	0.005244755244755244	0.0	0.00874125874125874	0.0	0.0034965034965034965	0.005244755244755244	0.0	52
Streptococcus_suis_6407	0	0	0	0	0	0	0	0	0	0	0	0	0	0	0	0	0	0	0	0	0.0	0.0	0.0	0.0	0.0	0.0	0.0	0.0	0.0	0.0	0.0	0.0	0.0	0.0	0.045454545454545456	0.0	0.0	0.045454545454545456	0.0	0.0	2
Streptococcus_suis_JS14	0	0	0	0	0	0	0	0	1.0	0	0	0	0	0	0	0	0	0	0	0	0.0	0.0	0.0909090909090909	0.0909090909090909	0.0	0.0	0.0909090909090909	0.0	0.0909090909090909	0.0	0.030303030303030304	0.0	0.0	0.0	0.0	0.030303030303030304	0.0	0.0	0.0	0.0	3
Streptococcus_suis_YB51	0	0	0	0	0	0	0	0	0	0	0	0	0	0	0	0	0	0	0	0	0.0	0.0	0.0	0.0	0.0	0.0	0.0	0.0	0.0	0.0	0.0	0.022727272727272728	0.0	0.0	0.09090909090909091	0.0	0.09090909090909091	0.022727272727272728	0.0	0.06818181818181818	4
Streptococcus_thermophilus	0	0	0	0	0	0	0	0	0	0	0	0	0	0	0	0	0	0	0	0	0.0021645021645021645	0.0	0.0	0.0	0.0	0.0	0.0	0.0	0.0	0.0	0.0	0.0	0.0032467532467532465	0.0	0.0	0.0032467532467532465	0.0	0.0	0.004329004329004329	0.0	84
Streptococcus_thermophilus_ND03	0	0	0	0	0	0	0	0	0	0	0	0	0	0	0	0	0	0	0	0	0.0	0.0	0.0	0.0	0.0	0.0	0.0	0.0	0.0	0.0	0.0	0.0	0.0	0.0	0.0	0.0	0.0	0.0	0.0	0.0	11
Tannerella_forsythia	0	0	0	0	0	0	0	0	0	0	0	0	0	0	0	0	0	0	0	0	0.0	0.0	0.0	0.0	0.0	0.0	0.0	0.0	0.0	0.0	0.0	0.0	0.045454545454545456	0.045454545454545456	0.0	0.045454545454545456	0.0	0.0	0.0	0.045454545454545456	2
Tannerella_forsythia_92A2	0	0	0	1.0	0	0	0	0	0	0	0	0	0	0	0	0	0	0	0	0	0.0	0.0	0.0	0.045454545454545456	0.045454545454545456	0.0	0.0	0.0	0.0	0.0	0.09090909090909091	0.0	0.0	0.045454545454545456	0.0	0.0	0.0	0.0	0.0	0.045454545454545456	2
Tannerella_forsythia_KS16	0	0	0	0	0	0.3333333333333333	0	0	0	0	0	0	0	0	0	0	0	0	0	0	0.0	0.0	0.0	0.030303030303030304	0.0	0.030303030303030304	0.030303030303030304	0.0	0.030303030303030304	0.030303030303030304	0.0	0.0	0.0	0.0	0.0	0.030303030303030304	0.0	0.030303030303030304	0.0	0.0	3
Treponema	0	0.5	1.0	0	0	0	0	0	0	0	0	0	0	0	0	0	0	0	0	0	0.0	0.03636363636363636	0.06363636363636363	0.00909090909090909	0.05454545454545454	0.00909090909090909	0.05454545454545454	0.0	0.045454545454545456	0.0	0.01818181818181818	0.0	0.07272727272727272	0.00909090909090909	0.0	0.0	0.045454545454545456	0.045454545454545456	0.0	0.0	10
Treponema_azotonutricium_ZAS-9	0	0	0	0	0	0	0	0	0	0	0	0	0	0	0	0	0	0	0	0	0.0	0.0	0.0	0.0	0.0	0.0	0.0	0.0	0.0	0.0	0.0	0.0	0.0	0.0	0.0	0.0	0.0	0.0	0.0	0.0	1
Treponema_brennaborense_DSM_12168	0	0	0	0	0	0	0.4	0	0	0	0	0	0	0.5	0	0	0	0	0	0	0.022727272727272724	0.030303030303030304	0.030303030303030304	0.03787878787878788	0.0	0.0	0.06060606060606061	0.0	0.0	0.015151515151515152	0.0	0.007575757575757576	0.0	0.022727272727272724	0.015151515151515152	0.015151515151515152	0.015151515151515152	0.007575757575757576	0.0	0.0	12
Treponema_caldarium_DSM_7334	0	0	0	0	0	0	0	1.0	0	0	0	0	0	0	0	0	0	0	0	0	0.0	0.0	0.0	0.0	0.0	0.045454545454545456	0.0	0.09090909090909091	0.0	0.0	0.0	0.0	0.0	0.0	0.0	0.0	0.0	0.0	0.045454545454545456	0.0	2
Treponema_denticola	0	0	0	0	0	0	0	0	0	0	0	0	0	0	0	0	0	0	0	0	0	0	0	0	0	0	0	0	0	0	0	0	0	0	0	0	0	0	0	0	0
Treponema_denticola_ATCC_35405	0	0	0	0	0	0	0	0	0	0	0	0	0	0	0	0	0	0	0	0	0	0	0	0	0	0	0	0	0	0	0	0	0	0	0	0	0	0	0	0	0
Treponema_pallidum	0	0	0	0	0	0	0	0	0	0	0	0	0	0	0	0	0	0	0	0	0	0	0	0	0	0	0	0	0	0	0	0	0	0	0	0	0	0	0	0	0
Treponema_pallidum_subsp._pallidum	0	0	0	0	0	0	0	0	0	0	0	0	0	0	0	0	0	0	0	0	0.09090909090909091	0.0	0.0	0.0	0.0	0.0	0.0	0.0	0.09090909090909091	0.09090909090909091	0.0	0.0	0.09090909090909091	0.0	0.0	0.0	0.0	0.0	0.0	0.0	1
Treponema_pallidum_subsp._pertenue	0	0	0	0	0	0	0	0	0	0	0	0	0	0	0	0	0	0	0	0	0	0	0	0	0	0	0	0	0	0	0	0	0	0	0	0	0	0	0	0	0
Treponema_paraluiscuniculi_Cuniculi_A	0	0	0	0	0	0	0	0	0	0	0	0	0	0	0	0	0	0	0	0	0.0	0.0	0.0	0.0	0.0	0.0	0.0	0.0	0.0	0.0	0.0	0.09090909090909091	0.0	0.0	0.09090909090909091	0.0	0.0	0.0	0.0	0.0	1
Treponema_parvum	0	0	0	0	0	0	0	0	0	0	0	0	0	0	0	0	0	0	0	0	0.0	0.0	0.0	0.09090909090909091	0.0	0.0	0.09090909090909091	0.0	0.0	0.09090909090909091	0.0	0.09090909090909091	0.09090909090909091	0.0	0.09090909090909091	0.09090909090909091	0.09090909090909091	0.0	0.0	0.0	1
Treponema_phagedenis	0	0	0	0	0	0	0	0	0	0	0	0	0	0	0	0	1.0	0	0	0	0.0	0.0	0.0	0.0	0.0	0.0	0.07272727272727272	0.01818181818181818	0.0	0.0	0.0	0.0	0.0	0.0	0.0	0.0	0.01818181818181818	0.07272727272727272	0.0	0.07272727272727272	5
Treponema_primitia_ZAS-2	1.0	0	0	0	0	0	0	0	1.0	0	0.5	0	0	0.5	0	0	0	0	0	0	0.025974025974025976	0.0	0.0	0.012987012987012988	0.0	0.025974025974025976	0.0	0.0	0.025974025974025976	0.012987012987012988	0.025974025974025976	0.0	0.012987012987012988	0.025974025974025976	0.012987012987012988	0.012987012987012988	0.012987012987012988	0.012987012987012988	0.025974025974025976	0.0	7
Treponema_socranskii_subsp._buccale	0	0	0	0	0	0	0	0	0	0	0	0	0	0	0	1.0	0	0	0	0	0.0	0.09090909090909091	0.0	0.0	0.09090909090909091	0.0	0.09090909090909091	0.09090909090909091	0.09090909090909091	0.0	0.0	0.0	0.0	0.0	0.0	0.045454545454545456	0.045454545454545456	0.0	0.0	0.0	2
Treponema_succinifaciens_DSM_2489	0	0.18181818181818182	0	0.08333333333333333	0.1	0.4166666666666667	0	0	0	0	0	0.1	0	0	0.25	0	0	0	0.09090909090909091	0	0.01346801346801347	0.02693602693602694	0.0202020202020202	0.0033670033670033673	0.006734006734006735	0.016835016835016835	0.0033670033670033673	0.01346801346801347	0.006734006734006735	0.0033670033670033673	0.0033670033670033673	0.006734006734006735	0.016835016835016835	0.0033670033670033673	0.016835016835016835	0.0033670033670033673	0.006734006734006735	0.0202020202020202	0.006734006734006735	0.02356902356902357	27
Treponema_vincentii	0	0	0	0	0	0	0	0	0	0	0	0	0	0	0	0	0	0	0	0	0.01652892561983471	0.03305785123966942	0.03305785123966942	0.01652892561983471	0.04132231404958678	0.0	0.008264462809917356	0.0	0.008264462809917356	0.0	0.0	0.01652892561983471	0.03305785123966942	0.0	0.008264462809917356	0.04132231404958678	0.024793388429752063	0.0	0.0	0.0	11
Veillonella_parvula	0	0	0	0	0	0	0	0	0	0.5	0	0	0	0	0	0	0	0	0	0	0.0	0.0	0.0	0.0	0.0	0.0	0.0	0.0	0.0	0.022727272727272728	0.0	0.0	0.0	0.0	0.0	0.0	0.0	0.0	0.022727272727272728	0.0	4
Veillonella_parvula_HSIVP1	0	0	0	0	0	0	0	0	0	0	0	0	0	0	0	0	0	0	0	0	0.0	0.010695187165775402	0.0	0.0	0.005347593582887701	0.0	0.005347593582887701	0.0	0.0	0.0	0.005347593582887701	0.0	0.005347593582887701	0.0	0.0	0.005347593582887701	0.005347593582887701	0.0	0.010695187165775402	0.005347593582887701	17
Vesicular_stomatitis_Indiana_virus	0	0	0	0	0	0	0	0	0	0	0	0	0	0	0	0	0	0	0	0	0	0	0	0	0	0	0	0	0	0	0	0	0	0	0	0	0	0	0	0	0
Vibrio_anguillarum	0	0	0	0	0	0	0	0	0	0	0	1.0	0	0	0	0	0	0	0	0	0.04545454545454545	0.022727272727272724	0.007575757575757576	0.0	0.0	0.0	0.0	0.0	0.030303030303030304	0.007575757575757576	0.03787878787878788	0.015151515151515152	0.0	0.0	0.015151515151515152	0.0	0.015151515151515152	0.022727272727272724	0.015151515151515152	0.007575757575757576	12
Vibrio_cholerae	1.0	0	0	0	0	0	0	0	0	0	0	0	0	0	0	0	0.5	0	0	0	0.06060606060606061	0.0	0.0	0.0	0.0	0.030303030303030304	0.06060606060606061	0.0	0.0	0.0	0.030303030303030304	0.030303030303030304	0.0	0.0	0.0	0.030303030303030304	0.030303030303030304	0.0	0.0	0.0	3
Vibrio_cholerae_O1_biovar_El_Tor	0	0	0	0	0	0	0	0	0	0	0	0	0	0	0	0	1.0	0	0	0	0.09090909090909091	0.0	0.0	0.0	0.0	0.0	0.0	0.0	0.0	0.0	0.0	0.022727272727272728	0.0	0.0	0.0	0.0	0.06818181818181818	0.0	0.0	0.0	4
Vibrio_furnissii	0	0	0	0	0	0	0	0	0.25	0	0	0	0	0	0	0	0	0	0	0	0.010101010101010102	0.0	0.0	0.04040404040404041	0.0	0.010101010101010102	0.0303030303030303	0.0303030303030303	0.020202020202020204	0.020202020202020204	0.0	0.010101010101010102	0.0	0.0	0.0	0.010101010101010102	0.0	0.020202020202020204	0.04040404040404041	0.0	9
Vibrio_furnissii_NCTC_11218	0	0	0	0	0	0	0	0	0	0	0	0	0	0	0	0	0	0	0	0	0.0	0.0	0.0	0.0	0.0	0.0	0.0	0.0	0.0	0.0	0.045454545454545456	0.09090909090909091	0.0	0.045454545454545456	0.045454545454545456	0.0	0.045454545454545456	0.0	0.0	0.045454545454545456	2
Vibrio_parahaemolyticus	0	0	0	0	0	0	0	0	0	0	0	0	0	0.14285714285714285	0	0	0	0.5	1.0	0	0.06818181818181818	0.06818181818181818	0.0	0.0	0.0	0.011363636363636364	0.0	0.0	0.06818181818181818	0.0	0.011363636363636364	0.0	0.0	0.022727272727272728	0.0	0.0	0.011363636363636364	0.011363636363636364	0.011363636363636364	0.011363636363636364	8
Vibrio_parahaemolyticus_O1:Kuk_str._FDA_R31	1.0	0	0	0	0	0	0	0	0	0	0	0	0	0	0	0	0	0	0	0	0.0909090909090909	0.0	0.0	0.0	0.0	0.0	0.0909090909090909	0.0909090909090909	0.0	0.0	0.0	0.0	0.0	0.0	0.0	0.0	0.07575757575757576	0.0	0.0	0.0	6
Vibrio_splendidus	0	0	0	0	0	0	0	0	0	0	0	0	0	0	0	0	0	0	0	0	0	0	0	0	0	0	0	0	0	0	0	0	0	0	0	0	0	0	0	0	0
Vibrio_vulnificus	0	1.0	0	0	1.0	0	0	0	0	0	0	0	1.0	0	0	0	0	0	0	0	0.004329004329004329	0.03896103896103896	0.012987012987012986	0.004329004329004329	0.012987012987012986	0.0	0.004329004329004329	0.03896103896103896	0.03896103896103896	0.03896103896103896	0.008658008658008658	0.004329004329004329	0.025974025974025972	0.0	0.0	0.017316017316017316	0.012987012987012986	0.004329004329004329	0.03463203463203463	0.0	21
Yersinia_aldovae	0	0	0	0	0	0	0	0	0	0	0	0	0	0	0	0	0	0	0	0	0	0	0	0	0	0	0	0	0	0	0	0	0	0	0	0	0	0	0	0	0
Yersinia_aleksiciae	1.0	0	0.5	0	0	0	0	0	0	0	0	0	0	0	0	0.6666666666666666	0	0	0.5	0	0.022727272727272728	0.0	0.011363636363636364	0.011363636363636364	0.03409090909090909	0.011363636363636364	0.022727272727272728	0.011363636363636364	0.0	0.0	0.0	0.0	0.0	0.011363636363636364	0.0	0.03409090909090909	0.0	0.0	0.011363636363636364	0.011363636363636364	8
Yersinia_enterocolitica	0	0	0	0	0	0	0	0	0	0	0	0	0	0	0	0	0	0	0	0	0	0	0	0	0	0	0	0	0	0	0	0	0	0	0	0	0	0	0	0	0
Yersinia_intermedia	0	0	0	0	0	0	0	0	0	0	0	0	1.0	0	0	0	0	0	0	0	0.0	0.09090909090909091	0.0	0.0	0.0	0.0	0.0	0.0	0.0	0.0	0.0	0.0	0.08181818181818182	0.0	0.0	0.0	0.0	0.0	0.0	0.08181818181818182	10
Yersinia_pestis	0	0	0	0	0	0	0	0	0	0	0	0	0	0	0	0	0	0	0	0	0.0	0.0	0.09090909090909091	0.0	0.0	0.0	0.0	0.0	0.0	0.0	0.0	0.0	0.0	0.0	0.0	0.0	0.0	0.0	0.0	0.0	1
Yersinia_pestis_CO92	0	0	0	0	0	0	0	0	0	0	0	0	0	0	0	0	0	0	0	0	0	0	0	0	0	0	0	0	0	0	0	0	0	0	0	0	0	0	0	0	0
Yersinia_pseudotuberculosis	0	0	0	0	0	0	0	0	0	0	0	0	0	0	0	0	0	0	0	0	0	0	0	0	0	0	0	0	0	0	0	0	0	0	0	0	0	0	0	0	0
Yersinia_pseudotuberculosis_complex	0	0	0	0	0	0	0	0	0	0	0	0	0	0	0	0	0	0	0	0	0	0	0	0	0	0	0	0	0	0	0	0	0	0	0	0	0	0	0	0	0
Yersinia_rohdei	0	0	0	0	0	0	0	0	0	0	0	0	0	0	0	0	0	0	0	0	0.09090909090909091	0.0	0.0	0.0	0.0	0.0	0.0	0.0	0.0	0.0	0.045454545454545456	0.0	0.0	0.0	0.0	0.045454545454545456	0.0	0.0	0.0	0.0	2
Yersinia_ruckeri	0	0	0	0	0	0	0	0	0	0	0	0	0	0	0	0	0	0	0	0	0.0	0.0	0.0	0.0	0.0	0.0	0.0	0.0	0.0	0.0	0.0	0.0	0.0	0.0	0.0	0.09090909090909091	0.0	0.0	0.0	0.0	1
