Node	C>T_1	C>T_2	C>T_3	C>T_4	C>T_5	C>T_6	C>T_7	C>T_8	C>T_9	C>T_10	G>A_11	G>A_12	G>A_13	G>A_14	G>A_15	G>A_16	G>A_17	G>A_18	G>A_19	G>A_20	D>V(11Substitution)_1	D>V(11Substitution)_2	D>V(11Substitution)_3	D>V(11Substitution)_4	D>V(11Substitution)_5	D>V(11Substitution)_6	D>V(11Substitution)_7	D>V(11Substitution)_8	D>V(11Substitution)_9	D>V(11Substitution)_10	H>B(11Substitution)_11	H>B(11Substitution)_12	H>B(11Substitution)_13	H>B(11Substitution)_14	H>B(11Substitution)_15	H>B(11Substitution)_16	H>B(11Substitution)_17	H>B(11Substitution)_18	H>B(11Substitution)_19	H>B(11Substitution)_20	considered_Matches
Actinobacillus_equuli	0	0	0	0	0	0	0	0	0	0	0	0	0	0	0	0	0	0	0	0	0	0	0	0	0	0	0	0	0	0	0	0	0	0	0	0	0	0	0	0	0
Actinobacillus_pleuropneumoniae	0	0	0	0	0	0	0	0	0	0	0	0	0	0	0	0	0	0	0	0	0.0	0.0	0.05454545454545454	0.0	0.004545454545454545	0.004545454545454545	0.0	0.004545454545454545	0.0	0.0	0.0	0.004545454545454545	0.004545454545454545	0.004545454545454545	0.0590909090909091	0.00909090909090909	0.0	0.004545454545454545	0.05	0.05	20
African_swine_fever_virus	0	0	0	0	0	0	0	0	0	0	0	0	0	0	0	0	0	0	0	0	0	0	0	0	0	0	0	0	0	0	0	0	0	0	0	0	0	0	0	0	0
Aphthovirus	0	0	0	0	0	0	0	0	0	0	0	0	0	0	0	0	0	0	0	0	0	0	0	0	0	0	0	0	0	0	0	0	0	0	0	0	0	0	0	0	0
Arcanobacterium_haemolyticum	0	0	0	0	0	0	0	0	0	0	0	0	0	0.5	0	0	0	0	0	0.6666666666666666	0.0	0.0	0.0	0.0	0.012987012987012988	0.0	0.0	0.0	0.0	0.0	0.025974025974025976	0.012987012987012988	0.012987012987012988	0.03896103896103896	0.0	0.0	0.012987012987012988	0.025974025974025976	0.012987012987012988	0.06493506493506493	7
Aspergillus_fumigatus	0	0	0	0	0	0	0	0	0	0	0	0	0	0	0	0	0	0	0	0	0	0	0	0	0	0	0	0	0	0	0	0	0	0	0	0	0	0	0	0	0
Bartonella_bacilliformis	0	0	0	0	0	0	0	0	0	0	0	0	0	0	0	0	0	0	0	0	0	0	0	0	0	0	0	0	0	0	0	0	0	0	0	0	0	0	0	0	0
Bartonella_henselae	0	0	0	0	0	0	0	0	0	0	0	0	0	0	0	0	0	0	0	0	0.0	0.0	0.0	0.0	0.0	0.0	0.09090909090909091	0.0	0.0	0.0	0.0	0.0	0.0	0.0	0.0	0.0	0.0	0.0	0.0	0.0	1
Bartonella_quintana	0	0	0	0	0	0	0	0	0	0	0	0	0	0	0	0	0	0	0	0	0	0	0	0	0	0	0	0	0	0	0	0	0	0	0	0	0	0	0	0	0
Blastomyces_dermatitidis	0	0	0	0	0	0	0	0	0	0	0	0	0	0	0	0	0	0	0	0	0	0	0	0	0	0	0	0	0	0	0	0	0	0	0	0	0	0	0	0	0
Bordetella_bronchialis	0.06666666666666667	0	0.18181818181818182	0.2	0.09090909090909091	0.15	0	0	0.2	0.05555555555555555	0	0	0.05555555555555555	0	0.06666666666666667	0	0	0	0.05	0	0.00927643784786642	0.011131725417439703	0.014842300556586271	0.014842300556586271	0.016697588126159554	0.016697588126159554	0.01855287569573284	0.0074211502782931356	0.011131725417439703	0.0074211502782931356	0.0018552875695732839	0.014842300556586271	0.0055658627087198514	0.0074211502782931356	0.00927643784786642	0.0074211502782931356	0.016697588126159554	0.0074211502782931356	0.016697588126159554	0.012987012987012986	49
Bordetella_bronchiseptica	0	0	0	0.25	0.10526315789473684	0	0	0.125	0	0	0	0	0.07142857142857142	0	0.5925925925925926	0.14285714285714285	0	0.2	0	0.14285714285714285	0.013223140495867768	0.009917355371900825	0.004958677685950413	0.009917355371900825	0.02975206611570248	0.023140495867768594	0.011570247933884297	0.03471074380165289	0.009917355371900825	0.003305785123966942	0.009917355371900825	0.01652892561983471	0.003305785123966942	0.011570247933884297	0.03140495867768595	0.008264462809917356	0.003305785123966942	0.009917355371900825	0.01652892561983471	0.008264462809917356	55
Bordetella_genomosp._13	0.07142857142857142	0	0	0.16666666666666666	0.23076923076923078	0	0	0.07142857142857142	0.14285714285714285	0.10526315789473684	0.08333333333333333	0	0	0	0	0	0	0.11764705882352941	0	0	0.016697588126159554	0.0074211502782931356	0.01855287569573284	0.02411873840445269	0.02040816326530612	0.011131725417439703	0.0055658627087198514	0.0074211502782931356	0.014842300556586271	0.011131725417439703	0.0074211502782931356	0.00927643784786642	0.0055658627087198514	0.014842300556586271	0.011131725417439703	0.012987012987012986	0.014842300556586271	0.016697588126159554	0.0018552875695732839	0.014842300556586271	49
Bordetella_pertussis	0.029411764705882353	0	0	0	0	0	0	0	0	0	0	0	0	0.07142857142857142	0.03	0	0	0	0	0.057692307692307696	0.027068437180796732	0.0017875383043922369	0.031920326864147086	0.002553626149131767	0.006128702757916241	0.023493360572012255	0.009959141981613892	0.01327885597548519	0.005107252298263534	0.014044943820224719	0.006894790602655771	0.01940755873340143	0.0	0.002553626149131767	0.002553626149131767	0.0040858018386108275	0.03626149131767109	0.0028089887640449437	0.040091930541368746	0.0030643513789581204	356
Bordetella_pertussis_137	0	0	0	0	0	0	0	0	0	0	0	0	0	0	0	0	0	0	0	0	0.0	0.0	0.0	0.02073365231259968	0.0	0.07017543859649122	0.0	0.0	0.0	0.09090909090909091	0.0	0.0	0.0	0.0	0.0	0.0	0.0	0.0	0.0	0.02073365231259968	57
Bordetella_pertussis_18323	0	0	0	0	0	0	0	1.0	0	0	0.625	0	0	0.47058823529411764	0	0	0	0	0.05555555555555555	0	0.008264462809917356	0.01652892561983471	0.0059031877213695395	0.02243211334120425	0.0	0.008264462809917356	0.03659976387249115	0.01652892561983471	0.007083825265643447	0.0	0.023612750885478158	0.0011806375442739079	0.023612750885478158	0.028335301062573787	0.023612750885478158	0.043683589138134596	0.008264462809917356	0.028335301062573787	0.0023612750885478157	0.05194805194805195	77
Bordetella_petrii	0.15384615384615385	0	0.1	0	0	0	0	0	0	0	0	0.2222222222222222	0	0	0	0	0	0	0.125	0.14285714285714285	0.0101010101010101	0.006734006734006735	0.01346801346801347	0.01346801346801347	0.0033670033670033673	0.01346801346801347	0.0101010101010101	0.0033670033670033673	0.0101010101010101	0.006734006734006735	0.0033670033670033673	0.02356902356902357	0.02356902356902357	0.0202020202020202	0.0101010101010101	0.0101010101010101	0.006734006734006735	0.0	0.01346801346801347	0.006734006734006735	27
Bordetella_trematum	0	0	0	0	0	0	0.21428571428571427	0.125	0	0	0	0.07142857142857142	0	0.25	0	0	0.06666666666666667	0	0	0	0.011363636363636364	0.006818181818181818	0.004545454545454545	0.013636363636363636	0.011363636363636364	0.015909090909090907	0.022727272727272728	0.015909090909090907	0.025	0.022727272727272728	0.006818181818181818	0.011363636363636364	0.006818181818181818	0.011363636363636364	0.00909090909090909	0.0022727272727272726	0.00909090909090909	0.015909090909090907	0.006818181818181818	0.004545454545454545	40
Borrelia_crocidurae	0	0	0	0	0	0	0	0	0	0	0	0	0	0	0	0	0	0	0	0	0	0	0	0	0	0	0	0	0	0	0	0	0	0	0	0	0	0	0	0	0
Borrelia_recurrentis	0	0	0	0	0	0	0	0	0	0	0	0	0	0	0	0	0	0	0	0	0	0	0	0	0	0	0	0	0	0	0	0	0	0	0	0	0	0	0	0	0
Borreliella_afzelii	0	0	0	0	0	0	0	0	0	0	0	0	0	0	0	0	0	0	0	0	0	0	0	0	0	0	0	0	0	0	0	0	0	0	0	0	0	0	0	0	0
Borreliella_burgdorferi	0	0	0	0	0	0	0	0	0	0	0	0	0	0	0	0	0	0	0	0	0	0	0	0	0	0	0	0	0	0	0	0	0	0	0	0	0	0	0	0	0
Borreliella_garinii	0	0	0	0	0	0	0	0	0	0	0	0	0	0	0	0	0	0	0	0	0	0	0	0	0	0	0	0	0	0	0	0	0	0	0	0	0	0	0	0	0
Bovine_rhinitis_A_virus	0	0	0	0	0	0	0	0	0	0	0	0	0	0	0	0	0	0	0	0	0	0	0	0	0	0	0	0	0	0	0	0	0	0	0	0	0	0	0	0	0
Brucella_abortus	0	0	0	0	0	0	0	0	0	0	0	0	0	0	0	0	0	0	0	0	0	0	0	0	0	0	0	0	0	0	0	0	0	0	0	0	0	0	0	0	0
Brucella_abortus_bv._6_str._870	0	0	0	0	0	0	0	0	0	0	0	0	0	0	0	0	0	0	0	0	0.0	0.0	0.0	0.0	0.0	0.0	0.0	0.0	0.0	0.0	0.09090909090909091	0.0	0.0	0.0	0.0	0.0	0.0	0.0	0.09090909090909091	0.0	1
Brucella_canis	0	0	0	0	1.0	0	0	0	0	0	0	0	0	0	0	0	0	0	0	0	0.09090909090909091	0.0	0.0	0.0	0.09090909090909091	0.0	0.0	0.0	0.0	0.0	0.0	0.0	0.0	0.0	0.0	0.0	0.09090909090909091	0.0	0.0	0.0	1
Brucella_melitensis	0	0	0	0	0	0	0	0	0	0	0	0	0	0	0	0	0	0	0	0	0	0	0	0	0	0	0	0	0	0	0	0	0	0	0	0	0	0	0	0	0
Brucella_microti	0	0	0	0	0	0	0	0	0	0	0	0	0	0	0	0	0	0	0	0	0	0	0	0	0	0	0	0	0	0	0	0	0	0	0	0	0	0	0	0	0
Brucella_ovis	0	0	0	0	0	0	0	0	0	0	0	0	0	0	0	0	0	0	0	0	0	0	0	0	0	0	0	0	0	0	0	0	0	0	0	0	0	0	0	0	0
Brucella_ovis_ATCC_25840	0	0	0	0	0	0	0	0	0	0	0	0	0	0	0	0	0	0	0	0	0.0	0.09090909090909091	0.0	0.0	0.09090909090909091	0.0	0.0	0.0	0.0	0.0	0.0	0.0	0.0	0.0	0.0	0.09090909090909091	0.0	0.0	0.0	0.0	1
Brucella_suis	0	0	0	0	0	0	0	0	0	0	0	0	0	0	0	0	0	0	0	0	0	0	0	0	0	0	0	0	0	0	0	0	0	0	0	0	0	0	0	0	0
Burkholderia_cepacia	0.03333333333333333	0.06382978723404255	0.06976744186046512	0	0	0	0	0.125	0.06976744186046512	0	0	0.11904761904761904	0	0.023809523809523808	0.075	0.08888888888888889	0.037037037037037035	0.03225806451612903	0.04878048780487805	0.08888888888888889	0.010909090909090908	0.009454545454545455	0.018181818181818184	0.010909090909090908	0.008727272727272726	0.008	0.01890909090909091	0.013090909090909092	0.013818181818181818	0.010909090909090908	0.008727272727272726	0.006545454545454546	0.0029090909090909093	0.010909090909090908	0.007272727272727273	0.008	0.009454545454545455	0.016727272727272726	0.010909090909090908	0.010181818181818183	125
Burkholderia_cepacia_ATCC_25416	0	0.24444444444444444	0	0	0	0.125	0.05714285714285714	0	0	0	0	0	0	0	0	0	0	0.028169014084507043	0	0	0.002734107997265892	0.02460697197539303	0.010252904989747093	0.002050580997949419	0.004784688995215311	0.012303485987696514	0.007518796992481203	0.003417634996582365	0.00683526999316473	0.007518796992481203	0.00683526999316473	0.010936431989063569	0.016404647983595352	0.006151742993848257	0.007518796992481203	0.009569377990430622	0.01845522898154477	0.003417634996582365	0.00888585099111415	0.010252904989747093	133
Burkholderia_cepacia_JBK9	0	0	0	0	0.16666666666666666	0.14285714285714285	0	0.045454545454545456	0.125	0	0	0.045454545454545456	0.05555555555555555	0	0	0.08695652173913043	0.11764705882352941	0.038461538461538464	0	0.05555555555555555	0.011363636363636364	0.004261363636363636	0.008522727272727272	0.018465909090909092	0.02130681818181818	0.017045454545454544	0.011363636363636364	0.005681818181818182	0.019886363636363636	0.005681818181818182	0.008522727272727272	0.008522727272727272	0.004261363636363636	0.01278409090909091	0.008522727272727272	0.014204545454545454	0.011363636363636364	0.011363636363636364	0.005681818181818182	0.014204545454545454	64
Burkholderia_gladioli	0	0	0.08994708994708994	0.05555555555555555	0.021551724137931036	0.036036036036036036	0.0546875	0.07211538461538461	0.04329004329004329	0.08717948717948718	0.03184713375796178	0.02127659574468085	0.012121212121212121	0	0.0410958904109589	0	0.06201550387596899	0.03208556149732621	0.031914893617021274	0.014705882352941176	0.0093841642228739	0.01466275659824047	0.015102639296187683	0.008651026392961876	0.0063049853372434015	0.010117302052785923	0.008504398826979473	0.008504398826979473	0.008064516129032258	0.007331378299120235	0.007624633431085044	0.013196480938416423	0.00967741935483871	0.010263929618768328	0.007771260997067449	0.011143695014662757	0.013929618768328446	0.018035190615835778	0.013636363636363637	0.008944281524926687	620
Burkholderia_gladioli_BSR3	0	0	0	0.06666666666666667	0	0.038461538461538464	0	0.3333333333333333	0	0	0	0.1875	0	0	0	0	0	0.23809523809523808	0	0.07692307692307693	0.012539184952978056	0.014106583072100314	0.007836990595611285	0.009404388714733541	0.020376175548589344	0.01567398119122257	0.014106583072100314	0.018808777429467082	0.003134796238244514	0.01567398119122257	0.001567398119122257	0.0219435736677116	0.001567398119122257	0.007836990595611285	0.0109717868338558	0.012539184952978056	0.01567398119122257	0.0219435736677116	0.001567398119122257	0.007836990595611285	58
Burkholderia_gladioli_pv._gladioli	0.019417475728155338	0.059322033898305086	0.03571428571428571	0	0.03636363636363636	0.06557377049180328	0.08695652173913043	0.034782608695652174	0	0.020833333333333332	0.04504504504504504	0.027522935779816515	0.04504504504504504	0.035398230088495575	0.11023622047244094	0.08247422680412371	0.08490566037735849	0.05042016806722689	0.07207207207207207	0.12380952380952381	0.011616161616161616	0.009595959595959595	0.009343434343434345	0.013888888888888888	0.008838383838383838	0.011868686868686869	0.01414141414141414	0.011111111111111112	0.005808080808080808	0.010606060606060607	0.008585858585858586	0.011868686868686869	0.007323232323232323	0.013636363636363637	0.011363636363636364	0.013383838383838385	0.010858585858585859	0.009090909090909092	0.008333333333333333	0.013383838383838385	360
Burkholderia_mallei	0	0	0	0	0	0	0	0	0	0	0	0	0	0	0	0	0	0	0	0	0.011363636363636364	0.022727272727272728	0.03409090909090909	0.0	0.022727272727272728	0.0	0.011363636363636364	0.0	0.011363636363636364	0.011363636363636364	0.022727272727272728	0.0	0.03409090909090909	0.0	0.0	0.0	0.022727272727272728	0.0	0.0	0.011363636363636364	8
Burkholderia_mallei_NCTC_10247	0	0	0	0	0	0	0	0	0	0	0	0	0	0	0	0	0	0	0	0	0.0	0.0	0.0	0.0909090909090909	0.0	0.0909090909090909	0.0	0.0	0.0	0.0	0.0	0.0	0.0	0.0	0.0	0.0	0.0	0.0	0.015151515151515152	0.0	6
Burkholderia_multivorans	0.03787878787878788	0.017857142857142856	0.02459016393442623	0.010416666666666666	0.047058823529411764	0.08064516129032258	0.0449438202247191	0.08125	0.009345794392523364	0.11278195488721804	0.019801980198019802	0.017543859649122806	0	0.043478260869565216	0.06956521739130435	0.04854368932038835	0.0873015873015873	0.06896551724137931	0.028985507246376812	0.022222222222222223	0.008373205741626795	0.0066985645933014355	0.007177033492822966	0.009808612440191386	0.007655502392344498	0.008851674641148326	0.008133971291866028	0.008612440191387561	0.008851674641148326	0.01124401913875598	0.009808612440191386	0.008612440191387561	0.008133971291866028	0.008133971291866028	0.01124401913875598	0.014832535885167464	0.012200956937799044	0.012440191387559809	0.009808612440191386	0.004545454545454545	380
Burkholderia_multivorans_ATCC_17616	0	0.07079646017699115	0.0975609756097561	0.2037037037037037	0	0.027777777777777776	0	0.05454545454545454	0	0	0.09615384615384616	0.07692307692307693	0	0	0	0	0.0847457627118644	0.078125	0.0196078431372549	0.022222222222222223	0.005652378709373527	0.009420631182289214	0.006123410268487989	0.011304757418747055	0.012246820536975978	0.00659444182760245	0.008478568064060292	0.011304757418747055	0.012717852096090438	0.010833725859632595	0.007536504945831371	0.005652378709373527	0.0023551577955723034	0.007536504945831371	0.00800753650494583	0.0051813471502590676	0.009891662741403675	0.0037682524729156855	0.004239284032030146	0.0023551577955723034	193
Burkholderia_multivorans_ATCC_BAA-247	0	0.03125	0.03125	0	0	0	0	0	0.07407407407407407	0	0	0.05405405405405406	0.034482758620689655	0	0	0.10869565217391304	0	0.2222222222222222	0.037037037037037035	0	0.010647010647010648	0.002457002457002457	0.005733005733005733	0.019656019656019656	0.012285012285012284	0.00819000819000819	0.006552006552006552	0.004095004095004095	0.018837018837018837	0.011466011466011465	0.01638001638001638	0.009828009828009828	0.005733005733005733	0.012285012285012284	0.003276003276003276	0.012285012285012284	0.007371007371007371	0.02538902538902539	0.00819000819000819	0.006552006552006552	111
Burkholderia_pseudomallei	0.0425531914893617	0.023923444976076555	0.010752688172043012	0.0078125	0.006993006993006993	0.011363636363636364	0.2702702702702703	0	0.005952380952380952	0.3920704845814978	0.016129032258064516	0	0.19337016574585636	0.009569377990430622	0.035175879396984924	0	0	0.034013605442176874	0.022123893805309734	0.009950248756218905	0.011124630627498697	0.00486702589953068	0.009560229445506692	0.0020858682426560054	0.006605249435077351	0.009907874152616026	0.015991656527029375	0.019815748305232053	0.010603163566834696	0.021380149487224057	0.003997914131757344	0.0057361376673040155	0.011472275334608031	0.0055623153137493485	0.009560229445506692	0.003997914131757344	0.0019120458891013384	0.009560229445506692	0.014601077698592039	0.0029549800104293413	523
Burkholderia_pseudomallei_1106b	0.5	0	0	0	0	0	0	0	0	0	0	0	0	0	0	0	0	0	0	0	0.04040404040404041	0.0	0.0	0.04040404040404041	0.0	0.04040404040404041	0.0	0.0	0.0	0.04040404040404041	0.0	0.0	0.010101010101010102	0.010101010101010102	0.010101010101010102	0.010101010101010102	0.0	0.0303030303030303	0.04040404040404041	0.0	9
Burkholderia_pseudomallei_1710a	0	0	0	0	0	0	0	0	0	0	0	0	0	0	0	0	0	0	0	0	0.0	0.0	0.09090909090909091	0.0	0.0	0.0	0.0	0.0	0.022727272727272728	0.0	0.06818181818181818	0.09090909090909091	0.0	0.0	0.0	0.0	0.0	0.0	0.0	0.0	4
Burkholderia_pseudomallei_1710b	0	0	0	0	0	0	0	0	0	0.5	0	0	0	0.8333333333333334	0	0	0	0	0	0	0.0	0.0	0.0	0.0	0.0	0.04545454545454545	0.0	0.0	0.0	0.04545454545454545	0.03787878787878788	0.0	0.03787878787878788	0.03787878787878788	0.0	0.0	0.0	0.0	0.05303030303030303	0.007575757575757576	12
Burkholderia_pseudomallei_7894	0.5	0	0	0	0	0	0	0	0	0	0	0	0	0	0	0	0	0	0	0	0.022727272727272728	0.0	0.0	0.022727272727272728	0.0	0.0	0.045454545454545456	0.0	0.0	0.0	0.0	0.022727272727272728	0.045454545454545456	0.0	0.0	0.0	0.0	0.022727272727272728	0.022727272727272728	0.0	4
Burkholderia_pseudomallei_B03	0	0	0	0	0	0	0	0	0	0	0	0	0	0	0	0	0	0	0	0	0.04895104895104895	0.0	0.027972027972027972	0.020979020979020976	0.0	0.04895104895104895	0.013986013986013986	0.04895104895104895	0.0	0.0	0.0	0.055944055944055944	0.020979020979020976	0.0	0.0	0.013986013986013986	0.0	0.0	0.0	0.0	13
Burkholderia_pseudomallei_MSHR1153	0	0	0	0	0	0	0	0	0	0	0	0	0	0.25	0	0	0	0	0	0	0.0	0.045454545454545456	0.0	0.0	0.022727272727272728	0.0	0.045454545454545456	0.0	0.03409090909090909	0.0	0.0	0.06818181818181818	0.0	0.011363636363636364	0.0	0.0	0.0	0.022727272727272728	0.0	0.0	8
Burkholderia_pseudomallei_MSHR2543	0	0	0	0	0	0	0	0	0	0	0	0	0	0	1.0	0	0	0	0	0	0.045454545454545456	0.0	0.045454545454545456	0.0	0.0	0.0	0.0	0.0	0.045454545454545456	0.0	0.0	0.0	0.0	0.0	0.045454545454545456	0.0	0.045454545454545456	0.0	0.0	0.045454545454545456	2
Burkholderia_pseudomallei_MSHR346	0	0	0	0	0	0	0	0	0	0	0.5	0	0	0	0	0	0	0	0	0	0.0	0.030303030303030304	0.0	0.0	0.030303030303030304	0.030303030303030304	0.0	0.0	0.0	0.015151515151515152	0.030303030303030304	0.0	0.015151515151515152	0.015151515151515152	0.0	0.0	0.0	0.015151515151515152	0.0	0.015151515151515152	6
Burkholderia_pseudomallei_MSHR435	0	0	0	0	0	0	0	0	0	0	1.0	0	0	0	0	0	0	0	0	0	0.0	0.0	0.0	0.0	0.0	0.0	0.06060606060606061	0.030303030303030304	0.0	0.0	0.06060606060606061	0.030303030303030304	0.030303030303030304	0.030303030303030304	0.030303030303030304	0.0	0.030303030303030304	0.030303030303030304	0.0	0.0	3
Burkholderia_pseudomallei_NCTC_13179	0.25	0	0	0	0	0	0	0	0	0	0	1.0	0	0	0	0	0	0	0	0	0.011363636363636364	0.03409090909090909	0.0	0.03409090909090909	0.0	0.0	0.056818181818181816	0.0	0.03409090909090909	0.0	0.005681818181818182	0.005681818181818182	0.0	0.0	0.0	0.011363636363636364	0.011363636363636364	0.0	0.011363636363636364	0.022727272727272728	16
Burkholderia_pseudomallei_Pasteur_52237	0	0	0	0	0	0	0	0	0	0	0	0	0	0	0	0	0.6666666666666666	0	0	0	0.0	0.0	0.0	0.05454545454545454	0.0	0.0	0.03636363636363636	0.03636363636363636	0.0	0.05454545454545454	0.0	0.0	0.0	0.0	0.03636363636363636	0.0	0.03636363636363636	0.0	0.0	0.01818181818181818	5
Campylobacter_coli	0	0	0	0	0	0	0	0	0	0	0	0	0	0	0	0	0	0	0	0	0	0	0	0	0	0	0	0	0	0	0	0	0	0	0	0	0	0	0	0	0
Campylobacter_fetus	0	0	0	0	0	0	0	0	0	0	0	0	0	0	0	0	0	0	0	0	0	0	0	0	0	0	0	0	0	0	0	0	0	0	0	0	0	0	0	0	0
Campylobacter_gracilis	0	0	0	0	0	0	0	0	0	0	0	0	0	0	0	0	0	0	0	0	0	0	0	0	0	0	0	0	0	0	0	0	0	0	0	0	0	0	0	0	0
Campylobacter_showae	0	0	0	0	0	0	0	0	0	0	0	0	0	0	0	0	0	0	0	0	0.0	0.0	0.0	0.0	0.0	0.0	0.0	0.09090909090909091	0.0	0.0	0.0	0.0	0.0	0.0	0.0	0.0	0.0	0.0	0.0	0.0	1
Canine_morbillivirus	0	0	0	0	0	0	0	0	0	0	0	0	0	0	0	0	0	0	0	0	0	0	0	0	0	0	0	0	0	0	0	0	0	0	0	0	0	0	0	0	0
Chlamydia_abortus	0	0	0	0	0	0	0	0	0	0	0	0	0	0	0	0	0	0	0	0	0	0	0	0	0	0	0	0	0	0	0	0	0	0	0	0	0	0	0	0	0
Chlamydia_caviae	0	0	0	0	0	0	0	0	0	0	0	0	0	0	0	0	0	0	0	0	0	0	0	0	0	0	0	0	0	0	0	0	0	0	0	0	0	0	0	0	0
Chlamydia_felis	0	0	0	0	0	0	0	0	0	0	0	0	0	0	0	0	0	0	0	0	0	0	0	0	0	0	0	0	0	0	0	0	0	0	0	0	0	0	0	0	0
Chlamydia_muridarum	0	0	0	0	0	0	0	0	0	0	0	0	0	0	0	0	0	0	0	0	0	0	0	0	0	0	0	0	0	0	0	0	0	0	0	0	0	0	0	0	0
Chlamydia_pecorum	0	0	0	0	0	0	0	0	0	0	0	0	0	0	0	0	0	0	0	0	0	0	0	0	0	0	0	0	0	0	0	0	0	0	0	0	0	0	0	0	0
Chlamydia_pneumoniae	0	0	0	0	0	0	0	1.0	0	0	1.0	0	0	0	0	0	0	0	0	0	0.0	0.0	0.0	0.0	0.0	0.0	0.0	0.0909090909090909	0.0	0.0	0.07575757575757576	0.0	0.0	0.0	0.0	0.015151515151515152	0.0	0.0	0.0	0.0	6
Chlamydia_psittaci	0	0	0	0	0	0	0	0	0	0	0	0	0	0	0	0	0	0	0	0	0	0	0	0	0	0	0	0	0	0	0	0	0	0	0	0	0	0	0	0	0
Chlamydia_suis	0	0	0	0	0	0	0	0	0	0	0	0	0	0	0	0	0	0	0	0	0	0	0	0	0	0	0	0	0	0	0	0	0	0	0	0	0	0	0	0	0
Chlamydia_trachomatis	0	0	0	0	0	0	0	0	0	0	0	0	0	0	0	0	0	0	0	0	0	0	0	0	0	0	0	0	0	0	0	0	0	0	0	0	0	0	0	0	0
Corynebacterium_ammoniagenes	0	0	0	0	0	0	0	0	0	0	0	0	0	0	0	0	0	0	0	0	0	0	0	0	0	0	0	0	0	0	0	0	0	0	0	0	0	0	0	0	0
Corynebacterium_amycolatum	0	0	0	0	0	0	0	0	0	0	0	0	0	0	0	0	0	0	0	0	0.0	0.0	0.0	0.0	0.045454545454545456	0.0	0.0	0.0	0.0	0.0	0.045454545454545456	0.0	0.0	0.0	0.0	0.0	0.0	0.0	0.0	0.0	2
Corynebacterium_bovis	0.043478260869565216	0	0.038461538461538464	0.058823529411764705	0.06666666666666667	0	0.09090909090909091	0	0.03571428571428571	0	0	0.037037037037037035	0.1	0.13636363636363635	0	0.058823529411764705	0.12	0	0	0.09523809523809523	0.017379679144385027	0.005347593582887701	0.010695187165775402	0.0160427807486631	0.024064171122994655	0.026737967914438502	0.009358288770053475	0.014705882352941176	0.010695187165775402	0.012032085561497327	0.009358288770053475	0.005347593582887701	0.00802139037433155	0.012032085561497327	0.014705882352941176	0.012032085561497327	0.022727272727272728	0.00802139037433155	0.014705882352941176	0.009358288770053475	68
Corynebacterium_crudilactis	0	0	0	0	0	0	0	0	0	0	0	0	0	0	0	0	0	0	0	0	0.0	0.0	0.0	0.0	0.0	0.0	0.0	0.0	0.0	0.0	0.0	0.0	0.0	0.0	0.0	0.045454545454545456	0.0	0.0	0.0	0.0	2
Corynebacterium_diphtheriae	0	0	0	0	0	0	0	0	0	0	0	0	0	0	0	0	0	0	0	0	0	0	0	0	0	0	0	0	0	0	0	0	0	0	0	0	0	0	0	0	0
Corynebacterium_jeikeium	0	0	0.6666666666666666	0	0	0	0	0	0	0	0	0	0.16666666666666666	0	0	0	0	0	0	0	0.02727272727272727	0.045454545454545456	0.03636363636363636	0.01818181818181818	0.0	0.0	0.00909090909090909	0.00909090909090909	0.00909090909090909	0.00909090909090909	0.02727272727272727	0.00909090909090909	0.00909090909090909	0.0	0.03636363636363636	0.01818181818181818	0.0	0.00909090909090909	0.00909090909090909	0.02727272727272727	10
Corynebacterium_jeikeium_K411	0	0	0	0	0	0	0	0	0	0	0	0	0	0	0	0	0	0	0	0	0.0	0.01818181818181818	0.0	0.01818181818181818	0.01818181818181818	0.0	0.0	0.01818181818181818	0.01818181818181818	0.0	0.0	0.0	0.0	0.0	0.01818181818181818	0.01818181818181818	0.01818181818181818	0.0	0.0	0.0	5
Corynebacterium_kroppenstedtii	0	0	0	0	0	0	0	0	0	0	0	0	0	0	0	0	0	0	0	0	0.0	0.012121212121212121	0.0	0.0	0.006060606060606061	0.006060606060606061	0.006060606060606061	0.0	0.006060606060606061	0.0	0.048484848484848485	0.0	0.0	0.012121212121212121	0.012121212121212121	0.024242424242424242	0.01818181818181818	0.0	0.01818181818181818	0.0	15
Corynebacterium_kroppenstedtii_DSM_44385	0	0	0	0	0	0	0	0	1.0	0	0	0	0	0	0	0	0	0	0	0	0.0	0.011363636363636364	0.0	0.022727272727272728	0.022727272727272728	0.0	0.0	0.0	0.011363636363636364	0.0	0.0	0.0	0.0	0.0	0.022727272727272728	0.0	0.011363636363636364	0.0	0.0	0.022727272727272728	8
Corynebacterium_maris	0	0	0	0	0	0	0	0	0	0	0	0	0	0	0	0	0	0	0	0	0	0	0	0	0	0	0	0	0	0	0	0	0	0	0	0	0	0	0	0	0
Corynebacterium_maris_DSM_45190	0.2	0	0	0	0	0.09090909090909091	0	0	0.11764705882352941	0	0	0	0	0	0	0	0	0	0	0	0.0171990171990172	0.012285012285012284	0.002457002457002457	0.002457002457002457	0.0171990171990172	0.012285012285012284	0.004914004914004914	0.009828009828009828	0.009828009828009828	0.00737100737100737	0.00737100737100737	0.00737100737100737	0.009828009828009828	0.022113022113022116	0.009828009828009828	0.012285012285012284	0.00737100737100737	0.00737100737100737	0.00737100737100737	0.012285012285012284	37
Corynebacterium_matruchotii	0	0	0	0	0	0	0	0	0	0	0	0	0	0	0.25	0.25	0	0	0	0	0.0	0.005681818181818182	0.005681818181818182	0.005681818181818182	0.017045454545454544	0.011363636363636364	0.017045454545454544	0.03977272727272727	0.005681818181818182	0.03409090909090909	0.0	0.0	0.005681818181818182	0.0	0.028409090909090908	0.011363636363636364	0.005681818181818182	0.0	0.0	0.0	16
Corynebacterium_minutissimum	0	0	0	0	0	0	0.16666666666666666	0	0	0.14285714285714285	0	0	0	0	0	0	0.3333333333333333	0	0	0	0.010101010101010102	0.01515151515151515	0.01515151515151515	0.0	0.01515151515151515	0.005050505050505051	0.010101010101010102	0.005050505050505051	0.0	0.005050505050505051	0.010101010101010102	0.01515151515151515	0.010101010101010102	0.01515151515151515	0.005050505050505051	0.010101010101010102	0.025252525252525252	0.03535353535353535	0.010101010101010102	0.020202020202020204	18
Corynebacterium_pseudotuberculosis	0	0	0	0	0	0	0	0	0	0	0	0	0	0	0	0	0	0	0	0	0	0	0	0	0	0	0	0	0	0	0	0	0	0	0	0	0	0	0	0	0
Corynebacterium_pseudotuberculosis_Cp162	0	0	0	0	0	0	0	0	0	0	0	0	0	0	0	0	0	0	0	0	0.0	0.0	0.022727272727272724	0.0	0.0	0.0	0.0	0.0	0.022727272727272724	0.0	0.0	0.007575757575757576	0.022727272727272724	0.0	0.0	0.022727272727272724	0.0	0.0	0.030303030303030304	0.0	12
Corynebacterium_renale	0	0	0.25	0	0	0	0	0	0	0	0	0.3333333333333333	0	0	0	0	0	0	0	0	0.0	0.0	0.022727272727272728	0.0	0.022727272727272728	0.022727272727272728	0.0	0.0	0.0	0.0	0.0	0.022727272727272728	0.0	0.0	0.0	0.045454545454545456	0.0	0.045454545454545456	0.022727272727272728	0.0	4
Corynebacterium_segmentosum	0	0.3333333333333333	0	0	0	0	0	0	0	0	1.0	0	0	0	0	0	0.3333333333333333	0	0	0	0.0	0.01818181818181818	0.05454545454545454	0.03636363636363636	0.0	0.0	0.0	0.0	0.0	0.0	0.01818181818181818	0.03636363636363636	0.0	0.0	0.01818181818181818	0.0	0.01818181818181818	0.01818181818181818	0.03636363636363636	0.0	5
Corynebacterium_sphenisci	0	0	0	0	0	0	0	0	0	0	0	0	0	0	0	0	0	0	0	0	0	0	0	0	0	0	0	0	0	0	0	0	0	0	0	0	0	0	0	0	0
Corynebacterium_sphenisci_DSM_44792	0.0625	0.03125	0	0.05	0	0	0.03225806451612903	0.02857142857142857	0	0.02702702702702703	0.13513513513513514	0	0.12121212121212122	0	0.045454545454545456	0	0.05714285714285714	0.04878048780487805	0	0.12195121951219512	0.012987012987012986	0.014842300556586271	0.012987012987012986	0.012987012987012986	0.012059369202226345	0.012059369202226345	0.00927643784786642	0.00463821892393321	0.008348794063079777	0.0074211502782931356	0.0176252319109462	0.008348794063079777	0.01855287569573284	0.012059369202226345	0.01948051948051948	0.006493506493506493	0.00927643784786642	0.00927643784786642	0.014842300556586271	0.012987012987012986	98
Corynebacterium_stationis	1.0	0	0	0	0	0	0	0	0	0	0	0	0	0	0	0	0	0	0	0	0.030303030303030304	0.030303030303030304	0.0	0.0	0.0	0.0	0.0	0.030303030303030304	0.0	0.0	0.030303030303030304	0.0	0.0	0.0	0.0	0.030303030303030304	0.0	0.0	0.0	0.0	3
Corynebacterium_striatum	0	0	0	0	0	0	0	0	0	0	0	0	0	0	0	0	0	0	0	0.7857142857142857	0.0	0.0	0.038461538461538464	0.006993006993006993	0.006993006993006993	0.0034965034965034965	0.013986013986013986	0.027972027972027972	0.006993006993006993	0.013986013986013986	0.01748251748251748	0.020979020979020976	0.010489510489510488	0.0	0.006993006993006993	0.006993006993006993	0.03146853146853147	0.01748251748251748	0.006993006993006993	0.045454545454545456	26
Corynebacterium_urealyticum	0	0	0	0.4	0	0.5	0	0	0	0	0	0	0	0	0	0	0	0	0	0	0.0303030303030303	0.010101010101010102	0.010101010101010102	0.04040404040404041	0.0	0.020202020202020204	0.020202020202020204	0.020202020202020204	0.010101010101010102	0.0	0.010101010101010102	0.0	0.020202020202020204	0.0	0.020202020202020204	0.0	0.010101010101010102	0.010101010101010102	0.0	0.0	9
Corynebacterium_ureicelerivorans	0	0	0	0	0	0	0	0	0	0.2857142857142857	0	0	0	0.3684210526315789	0.18181818181818182	0	0	0	0	0	0.010489510489510488	0.03146853146853147	0.0	0.006993006993006993	0.013986013986013986	0.020979020979020976	0.010489510489510488	0.010489510489510488	0.013986013986013986	0.01748251748251748	0.020979020979020976	0.027972027972027972	0.038461538461538464	0.024475524475524476	0.013986013986013986	0.03146853146853147	0.006993006993006993	0.006993006993006993	0.0	0.0	26
Corynebacterium_xerosis	0.07142857142857142	0.07692307692307693	0	0.16666666666666666	0.14285714285714285	0.06666666666666667	0.08333333333333333	0.058823529411764705	0	0	0	0	0	0.05555555555555555	0	0	0.1111111111111111	0	0	0.047619047619047616	0.0137221269296741	0.0137221269296741	0.008576329331046312	0.018867924528301886	0.025728987993138934	0.00686106346483705	0.012006861063464836	0.015437392795883362	0.010291595197255574	0.015437392795883362	0.0137221269296741	0.012006861063464836	0.008576329331046312	0.010291595197255574	0.015437392795883362	0.005145797598627787	0.017152658662092625	0.012006861063464836	0.008576329331046312	0.008576329331046312	53
Cowpox_virus	0	0	0	0	0	0	0	0	0	0	0	0	0	0	0	0	0	0	0	0	0	0	0	0	0	0	0	0	0	0	0	0	0	0	0	0	0	0	0	0	0
Coxiella_burnetii	0	0	0	0	0	0	0	0	0	0	0	0	0	0	0	0	0	0	0	0	0.09090909090909091	0.0	0.0	0.0	0.0	0.0	0.0	0.0	0.0	0.0	0.0	0.0	0.0	0.0	0.0	0.0	0.0	0.0	0.0	0.0	1
Coxiella_burnetii_Dugway_5J108-111	0	0	0	0	0	0	0	0	0	0	0	0	0	0	0	0	0	0	0	1.0	0.0	0.0	0.0	0.0	0.0	0.0	0.0	0.09090909090909091	0.0	0.0	0.0	0.0	0.0	0.0	0.0	0.0	0.09090909090909091	0.0	0.0	0.09090909090909091	1
Cryptosporidium	0	0	0	0	0	0	0	0	0	0	0	0	0	0	0	0	0	0	0	0	0	0	0	0	0	0	0	0	0	0	0	0	0	0	0	0	0	0	0	0	0
Cryptosporidium_parvum	0	0	0	0	0	0	0	0	0	0	0	0	0	0	0	0	0	0	0	0	0	0	0	0	0	0	0	0	0	0	0	0	0	0	0	0	0	0	0	0	0
Deltaretrovirus	0	0	0	0	0	0	0	0	0	0	0	0	0	0	0	0	0	0	0	0	0	0	0	0	0	0	0	0	0	0	0	0	0	0	0	0	0	0	0	0	0
Ehrlichia_canis	0	0	0	0	0	0	0	0	0	0	0	0	0	0	0	0	0	0	0	0	0	0	0	0	0	0	0	0	0	0	0	0	0	0	0	0	0	0	0	0	0
Enterococcus_avium	0	0	0	0	0	0	0	0	0	0	0	0	0	0	0	0	0	0	0	0	0.0	0.0	0.09090909090909091	0.0	0.0	0.0	0.09090909090909091	0.0	0.09090909090909091	0.0	0.0	0.0	0.0	0.0	0.0	0.0	0.0	0.0	0.0	0.0	1
Enterococcus_casseliflavus	0	0	0	0	0	0	0	0	0	0	0	0	0	0	0	0	0	0	0	0	0	0	0	0	0	0	0	0	0	0	0	0	0	0	0	0	0	0	0	0	0
Enterococcus_casseliflavus_EC20	1.0	0	0	0	0	0	0	0	0	0	0	0	0	0	0	0	0	0	0	0	0.04895104895104895	0.0	0.0	0.0	0.0	0.0	0.0	0.0	0.0	0.0	0.0	0.0	0.0	0.04195804195804195	0.0	0.0	0.0	0.0	0.04195804195804195	0.0	13
Enterococcus_cecorum	0	0	0	0	0	0	0	0	0	0	0	0	0	0	0	0	0	0	0	0	0	0	0	0	0	0	0	0	0	0	0	0	0	0	0	0	0	0	0	0	0
Enterococcus_durans	0	0	0	0	0	0	0	0	0	0	0	0	0	0	0	0	0	0	0	0	0.0	0.0	0.0	0.0	0.0	0.0	0.0	0.0	0.0	0.0	0.0	0.0	0.0	0.0	0.0	0.0	0.0	0.0	0.0	0.0	2
Enterococcus_faecalis	0	0	0	0	0	0	0	0	0	0	0	0	0	0	0	0	0	0	0	0	0.0	0.0	0.0	0.09090909090909091	0.0	0.09090909090909091	0.0	0.0	0.0	0.0	0.0	0.0	0.0	0.0	0.022727272727272728	0.0	0.0	0.0	0.0	0.0	4
Enterococcus_faecium	0	0	0	0	0.05785123966942149	0	0	0	1.0	0	0	0	0	0	0	0	0	0	0	0	0.0	0.0	6.83526999316473E-4	0.0	0.004784688995215311	0.0	0.0	0.0	0.01161995898838004	0.0	0.0	0.0	0.004784688995215311	0.0	0.00683526999316473	0.00683526999316473	6.83526999316473E-4	0.0	0.0	6.83526999316473E-4	133
Enterococcus_faecium_ATCC_8459_=_NRRL_B-2354	0.2543859649122807	0.6818181818181818	0.2108843537414966	0	0.5166666666666667	0.08333333333333333	0	0	0	0	0	0	0	0	0	0	0	0	0	0	0.007426376440460947	0.015364916773367477	0.007938540332906531	0.0	0.007938540332906531	0.0020486555697823306	0.0	0.0	0.0	0.0	0.0	0.007170294494238156	0.0076824583866837385	0.0	0.0	0.0	0.0076824583866837385	0.0	0.0	0.007426376440460947	710
Enterococcus_hirae	0	0	0	0	0	0	0	0	0	0	0	0	0	0	0	0	0	0	0	0	0	0	0	0	0	0	0	0	0	0	0	0	0	0	0	0	0	0	0	0	0
Enterococcus_mundtii	0	0	0	0	0	0	0	0	0	0	0	0	0	0	0	0	0	0	0	0	0	0	0	0	0	0	0	0	0	0	0	0	0	0	0	0	0	0	0	0	0
Enterovirus_B	0	0	0	0	0	0	0	0	0	0	0	0	0	0	0	0	0	0	0	0	0	0	0	0	0	0	0	0	0	0	0	0	0	0	0	0	0	0	0	0	0
Epizootic_hemorrhagic_disease_virus_(serotype_1_/_strain_New_Jersey)	0	0	0	0	0	0	0	0	0	0	0	0	0	0	0	0	0	0	0	0	0	0	0	0	0	0	0	0	0	0	0	0	0	0	0	0	0	0	0	0	0
Equine_rhinitis_A_virus	0	0	0	0	0	0	0	0	0	0	0	0	0	0	0	0	0	0	0	0	0	0	0	0	0	0	0	0	0	0	0	0	0	0	0	0	0	0	0	0	0
Erysipelothrix_rhusiopathiae	0	0	0	0	0	0	0	0	0	0	0	0	0	0	0	0	0	0	0	0	0	0	0	0	0	0	0	0	0	0	0	0	0	0	0	0	0	0	0	0	0
Erythroparvovirus	0	0	0	0	0	0	0	0	0	0	0	0	0	0	0	0	0	0	0	0	0	0	0	0	0	0	0	0	0	0	0	0	0	0	0	0	0	0	0	0	0
Escherichia_coli	0.34615384615384615	0.02564102564102564	0.01639344262295082	0	0	0	0.06666666666666667	0.018518518518518517	0	0	0	0	0	0	0.024390243902439025	0	0.011904761904761904	0	0.02702702702702703	0.42857142857142855	0.006778309409888357	0.0035885167464114833	0.0043859649122807015	0.00518341307814992	0.0023923444976076554	0.001594896331738437	0.013955342902711323	0.015151515151515152	0.0023923444976076554	0.0035885167464114833	0.009569377990430622	0.009170653907496013	0.029904306220095694	0.0043859649122807015	0.009569377990430622	0.007575757575757576	0.012759170653907496	0.013556618819776715	0.0043859649122807015	0.005582137161084529	228
Escherichia_coli_NCCP15648	0	0	0	0	0	0	0	0	0	0	0	0	0	0	0	0	0	0	0	0	0.030303030303030304	0.030303030303030304	0.0	0.06060606060606061	0.030303030303030304	0.030303030303030304	0.0	0.06060606060606061	0.0	0.030303030303030304	0.0	0.015151515151515152	0.0	0.0	0.0	0.030303030303030304	0.030303030303030304	0.0	0.0	0.030303030303030304	6
Escherichia_coli_O111	0	0	0	0	0	0	0	0	0	0	0	0	0	0	0	0	0	0	0	0	0	0	0	0	0	0	0	0	0	0	0	0	0	0	0	0	0	0	0	0	0
Escherichia_coli_O145:H28_str._RM12581	0	0	0	0	0	0	0	0	0	0	0	0	0	0	0	0	0	0	0	0	0.09090909090909091	0.0	0.0	0.0	0.0	0.0	0.0	0.0	0.0	0.0	0.0	0.0	0.0	0.0	0.0	0.0	0.0	0.0	0.0	0.0	1
Escherichia_coli_O157:H7	0	0	0	0	0	0	0	0	0	0	0	0	0	0	0	0	0	0	0	0	0	0	0	0	0	0	0	0	0	0	0	0	0	0	0	0	0	0	0	0	0
Escherichia_coli_O158	1.0	0	0	0	0	0	1.0	1.0	0	0	0	0	0	0	0	0	0	0	0	0	0.09090909090909091	0.0	0.0	0.0	0.0	0.0	0.09090909090909091	0.07272727272727272	0.0	0.0	0.0	0.0	0.01818181818181818	0.01818181818181818	0.0	0.0	0.07272727272727272	0.01818181818181818	0.0	0.0	5
Escherichia_coli_O169:H41	0	0	0	0	0	0	0	0	0	0	0	0	0	0	0	0	0	0	0	0	0.0	0.0909090909090909	0.0	0.0	0.0	0.0	0.0909090909090909	0.0	0.0	0.0	0.0	0.0	0.0	0.0	0.06060606060606061	0.06060606060606061	0.06060606060606061	0.0	0.0	0.0	3
Escherichia_coli_O26	0	0	0	0	0	0	0	0	0	0	0	0	0	0	0	0	0	0	0	0	0	0	0	0	0	0	0	0	0	0	0	0	0	0	0	0	0	0	0	0	0
Escherichia_coli_O7:K1_str._CE10	0	0	0	0	0	0	0	0	0	0	0	0	0	0	0	0	0	0	0	0	0.0909090909090909	0.0909090909090909	0.0	0.0	0.0	0.0	0.0	0.0	0.0	0.0909090909090909	0.0	0.06060606060606061	0.06060606060606061	0.0	0.0	0.0	0.030303030303030304	0.0	0.06060606060606061	0.0	3
Escherichia_coli_UMNF18	0	0	0	0	0	0	0	0	0	0	0	0	0	0	0	0	0	0	0	0	0.0	0.0	0.0	0.0	0.0	0.0	0.0	0.0	0.0	0.0	0.0	0.0	0.0	0.0	0.0	0.0	0.0	0.0	0.0	0.0	1
Francisella_tularensis	0	0	0	0	0	0	0	0	0	0	0	0	0	0	0	0	0	0	0	0	0.0	0.0	0.0	0.0	0.0	0.0	0.0	0.0	0.0	0.0	0.0	0.0	0.0	0.0	0.0	0.0	0.0	0.0	0.0	0.0	1
Fusobacterium	0	0	0	0	0	0	0	0	0	0	0	0	0	0	0	0	0	0	0	0	0.0	0.030303030303030304	0.0	0.030303030303030304	0.0	0.0	0.0	0.0	0.0	0.06060606060606061	0.0	0.0	0.030303030303030304	0.0	0.0	0.0	0.0	0.0	0.0	0.0	3
Fusobacterium_canifelinum	1.0	0	0	0	0	0	0	0	0	0	0	0	0	0	0	0	0	0	0	0	0.09090909090909091	0.0	0.09090909090909091	0.0	0.0	0.0	0.0	0.0	0.0	0.0	0.0	0.0	0.0	0.0	0.0	0.0	0.0	0.0	0.09090909090909091	0.0	1
Fusobacterium_mortiferum_ATCC_9817	0	0	0	0	0	0	0	0	0	0	0	1.0	0	0	0	0	0	0	0	0	0.0	0.0	0.0	0.0	0.0	0.0	0.0	0.0	0.0	0.0	0.0	0.030303030303030304	0.0	0.0	0.0	0.0	0.0	0.030303030303030304	0.0	0.0	3
Fusobacterium_nucleatum	0	0	0	0	0	0	0	0	0	0	0	0	0	0	0	0	0	0	0	0	0.0	0.0	0.030303030303030304	0.030303030303030304	0.030303030303030304	0.030303030303030304	0.030303030303030304	0.030303030303030304	0.030303030303030304	0.0	0.0	0.030303030303030304	0.0	0.0	0.0	0.0	0.0	0.030303030303030304	0.0	0.0	3
Fusobacterium_nucleatum_subsp._animalis	0	0	0	0	0	0	0	0	0	0	0	0	0	0	0	0	0	0	0	0	0.0	0.0	0.0	0.0	0.0	0.0	0.0	0.09090909090909091	0.0	0.0	0.0	0.0	0.07954545454545454	0.0	0.0	0.0	0.0	0.0	0.0	0.0	8
Goatpox_virus	0	0	0	0	0	0	0	0	0	0	0	0	0	0	0	0	0	0	0	0	0	0	0	0	0	0	0	0	0	0	0	0	0	0	0	0	0	0	0	0	0
Haemophilus_influenzae	0	0	0	0	0	0	0	0	0	0	0	0	0	0	0	0	0	0	0	0	0	0	0	0	0	0	0	0	0	0	0	0	0	0	0	0	0	0	0	0	0
Haemophilus_influenzae_10810	1.0	0	0	0	0	0	0	0	0	0	0	0	0	0	0	0	0	0	0	0	0.09090909090909091	0.0	0.0	0.09090909090909091	0.09090909090909091	0.09090909090909091	0.0	0.0	0.0	0.0	0.045454545454545456	0.0	0.0	0.0	0.0	0.0	0.045454545454545456	0.0	0.045454545454545456	0.0	2
Haemophilus_influenzae_R2846	0	0	0	0	0	0	0	0	0	0	0	0	0	0	0	0	0	0	0	1.0	0.0	0.0	0.0	0.0	0.0	0.0	0.0	0.0	0.0	0.0	0.08264462809917356	0.0	0.0	0.0	0.0	0.08264462809917356	0.0	0.0	0.0	0.08264462809917356	11
Helicobacter_cinaedi	0	0	0	0	0	0	0	0	0	0	0	0	0	0	0	0	0	0	0	0	0	0	0	0	0	0	0	0	0	0	0	0	0	0	0	0	0	0	0	0	0
Helicobacter_pylori	0	0	0	0	0	0	0	0	0	0	0	0	0	0	0	0	0	0	0	0	0.0	0.09090909090909091	0.0	0.09090909090909091	0.0	0.0	0.0	0.09090909090909091	0.0	0.0	0.0	0.0	0.09090909090909091	0.09090909090909091	0.0	0.09090909090909091	0.0	0.0	0.0	0.0	1
Helicobacter_pylori_Shi112	0	0	0	0	0	0	0	0	0	0.9900990099009901	0	1.0	0	0	0.99	0	0	0	0	0	0.0	0.0	0.0	0.0	0.0	0.0	0.0	0.0	0.04534119247336205	0.022670596236681027	0.0	0.04556789843572886	0.022670596236681027	0.0	0.022443890274314215	0.0	0.0	0.0	0.0	0.0	401
Helicobacter_pylori_oki128	0	0	0	0	0	0	0	0	0	0	0	0	0	0	0	0	0	0	0	0	0.09090909090909091	0.09090909090909091	0.0	0.0	0.0	0.0	0.0	0.09090909090909091	0.0	0.0	0.0	0.09090909090909091	0.0	0.0	0.0	0.0	0.0	0.0	0.0	0.0	1
Hepatitis_B_virus	0	0	0	0	0	0	0	0	0	0	0	0	0	0	0	0	0	0	0	0	0	0	0	0	0	0	0	0	0	0	0	0	0	0	0	0	0	0	0	0	0
Hepatitis_E_virus	0	0	0	0	0	0	0	0	0	0	0	0	0	0	0	0	0	0	0	0	0	0	0	0	0	0	0	0	0	0	0	0	0	0	0	0	0	0	0	0	0
Hepatitis_delta_virus	0	0	0	0	0	0	0	0	0	0	0	0	0	0	0	0	0	0	0	0	0	0	0	0	0	0	0	0	0	0	0	0	0	0	0	0	0	0	0	0	0
Human_adenovirus_1	0	0	0	0	0	0	0	0	0	0	0	0	0	0	0	0	0	0	0	0	0	0	0	0	0	0	0	0	0	0	0	0	0	0	0	0	0	0	0	0	0
Human_adenovirus_2	0	0	0	0	0	0	0	0	0	0	0	0	0	0	0	0	0	0	0	0	0	0	0	0	0	0	0	0	0	0	0	0	0	0	0	0	0	0	0	0	0
Human_adenovirus_35	0	0	0	0	0	0	0	0	0	0	0	0	0	0	0	0	0	0	0	0	0	0	0	0	0	0	0	0	0	0	0	0	0	0	0	0	0	0	0	0	0
Human_adenovirus_5	0	0	0	0	0	0	0	0	0	0	0	0	0	0	0	0	0	0	0	0	0	0	0	0	0	0	0	0	0	0	0	0	0	0	0	0	0	0	0	0	0
Human_adenovirus_54	0	0	0	0	0	0	0	0	0	0	0	0	0	0	0	0	0	0	0	0	0	0	0	0	0	0	0	0	0	0	0	0	0	0	0	0	0	0	0	0	0
Human_adenovirus_7	0	0	0	0	0	0	0	0	0	0	0	0	0	0	0	0	0	0	0	0	0	0	0	0	0	0	0	0	0	0	0	0	0	0	0	0	0	0	0	0	0
Human_alphaherpesvirus_1	0	0	0	0	0	0	0	0	0	0	0	0	0	0	0	0	0	0	0	0	0	0	0	0	0	0	0	0	0	0	0	0	0	0	0	0	0	0	0	0	0
Human_alphaherpesvirus_2	0	0	0	0	0	0	0	0	0	0	0	0	0	0	0	0	0	0	0	0	0	0	0	0	0	0	0	0	0	0	0	0	0	0	0	0	0	0	0	0	0
Human_alphaherpesvirus_3	0	0	0	0	0	0	0	0	0	0	0	0	0	0	0	0	0	0	0	0	0	0	0	0	0	0	0	0	0	0	0	0	0	0	0	0	0	0	0	0	0
Human_gammaherpesvirus_4	0	0	0	0	0	0	0	0	0	0	0	0	0	0	0	0	0	0	0	0	0	0	0	0	0	0	0	0	0	0	0	0	0	0	0	0	0	0	0	0	0
Human_herpesvirus_4_type_2	0	0	0	0	0	0	0	0	0	0	0	0	0	0	0	0	0	0	0	0	0	0	0	0	0	0	0	0	0	0	0	0	0	0	0	0	0	0	0	0	0
Human_mastadenovirus_C	0	0	0	0	0	0	0	0	0	0	0	0	0	0	0	0	0	0	0	0	0	0	0	0	0	0	0	0	0	0	0	0	0	0	0	0	0	0	0	0	0
JC_polyomavirus	0	0	0	0	0	0	0	0	0	0	0	0	0	0	0	0	0	0	0	0	0	0	0	0	0	0	0	0	0	0	0	0	0	0	0	0	0	0	0	0	0
Klebsiella_aerogenes	0	0	0	0	0	0	0	1.0	0	0	0	0	0	0	0	0	0	0	0.6666666666666666	0.6666666666666666	0.0030303030303030303	0.0303030303030303	0.021212121212121213	0.01515151515151515	0.0	0.01818181818181818	0.021212121212121213	0.03636363636363636	0.01515151515151515	0.006060606060606061	0.006060606060606061	0.012121212121212121	0.006060606060606061	0.012121212121212121	0.01818181818181818	0.01515151515151515	0.0	0.0030303030303030303	0.021212121212121213	0.012121212121212121	30
Klebsiella_michiganensis	0	0	0	0	0	1.0	0	0	0	0	0	0	0	0	0	0	1.0	0	0	0	0.0	0.0	0.0	0.0	0.01818181818181818	0.03636363636363636	0.0	0.0	0.01818181818181818	0.03636363636363636	0.0	0.0	0.03636363636363636	0.05454545454545454	0.01818181818181818	0.0	0.09090909090909091	0.01818181818181818	0.01818181818181818	0.0	5
Klebsiella_michiganensis_KCTC_1686	0	0	0	0	0	0	0	0	0	0	0	0	0	0	0	0	0	0	0	0	0.0	0.0	0.022727272727272728	0.022727272727272728	0.0	0.022727272727272728	0.022727272727272728	0.0	0.0	0.0	0.0	0.0	0.0	0.0	0.0	0.0	0.0	0.0	0.0	0.0	32
Klebsiella_oxytoca	0	0	0	0	0	0	0	0	0	0	0	0	0	0	0	0	0	0	0	0	0.0	0.09090909090909091	0.0	0.0	0.0	0.0	0.0	0.0	0.0	0.0	0.0	0.0	0.0	0.0	0.0	0.0	0.0	0.0	0.0	0.0	2
Klebsiella_pneumoniae	0	0	0	0	0	0	0	0	0	0	0	0	0	0	0	0	0	0	0	0	0.0	4.228329809725159E-4	0.0016913319238900635	0.04228329809725159	0.0849894291754757	0.0021141649048625794	4.228329809725159E-4	0.0427061310782241	0.0012684989429175475	0.0	4.228329809725159E-4	4.228329809725159E-4	0.04312896405919662	0.030866807610993658	0.0427061310782241	0.0	4.228329809725159E-4	0.0	0.043551797040169135	0.04228329809725159	215
Klebsiella_pneumoniae_subsp._pneumoniae	0	0	0	0	0	0	0	0	0	0	0	0	0	0	0	0	0	0	0	0	0.0	0.0	0.0	0.0	0.0	0.0	0.045454545454545456	0.0	0.0	0.0	0.03636363636363636	0.0	0.0	0.0	0.0	0.0	0.0	0.03636363636363636	0.045454545454545456	0.0	10
Klebsiella_pneumoniae_subsp._rhinoscleromatis	0	0	0	0	0	0	0	0	0	0	0	0	0	0	0	0	0	0	0	0	0	0	0	0	0	0	0	0	0	0	0	0	0	0	0	0	0	0	0	0	0
Legionella_anisa	0	0	0	0	0	0	0	0	0	0	0	0	0	0	0	0	0	0	0	0	0.0	0.0	0.09090909090909091	0.0	0.0	0.0	0.0	0.09090909090909091	0.0	0.09090909090909091	0.0	0.045454545454545456	0.045454545454545456	0.0	0.0	0.0	0.0	0.0	0.0	0.0	2
Legionella_lansingensis	0	0	0	0	0	0	0	0	0	0	0	0	0	0	0	0	0	0	0	0	0	0	0	0	0	0	0	0	0	0	0	0	0	0	0	0	0	0	0	0	0
Legionella_pneumophila	0	0	0	0	0	0	0	0	0	0	0	0	0	0	0	0	0	0	0	0	9.671179883945841E-4	0.0	0.0	0.005802707930367504	0.04061895551257254	0.0	9.671179883945841E-4	0.0	0.04061895551257254	0.0	0.0	0.0038684719535783366	0.002901353965183752	0.0	0.0	9.671179883945841E-4	9.671179883945841E-4	0.0	0.0	0.0	94
Legionella_pneumophila_subsp._pneumophila	0	0	0	0	0	0	0	0	0	0	0	0	0	0	0	0	0	0	0	0	0.0	0.0	0.0	0.09090909090909091	0.0	0.0	0.0	0.0	0.09090909090909091	0.0	0.0	0.022727272727272728	0.0	0.06818181818181818	0.0	0.0	0.09090909090909091	0.0	0.0	0.0	4
Leptospira_alexanderi	0	0	0	0	0	0	0	0	0	0	0	0	0	0	0	0	0	0	0	0	0	0	0	0	0	0	0	0	0	0	0	0	0	0	0	0	0	0	0	0	0
Leptospira_alstonii	0	0	0	0	0	0	0	0	0	0	0	0	0	0	0	0	0	0	0	0	0	0	0	0	0	0	0	0	0	0	0	0	0	0	0	0	0	0	0	0	0
Leptospira_biflexa	0	0	0	0	0	0	0	0	0	0	0	0	0	0	0	0	0	0	0	0	0	0	0	0	0	0	0	0	0	0	0	0	0	0	0	0	0	0	0	0	0
Leptospira_borgpetersenii	0	0.3333333333333333	0	1.0	0	0	1.0	0	0	0	0	0	0	0	0	0	0	0	0	0	0.0	0.01818181818181818	0.05454545454545454	0.05454545454545454	0.03636363636363636	0.0	0.01818181818181818	0.0	0.0	0.0	0.0	0.0	0.0	0.0	0.0	0.0	0.03636363636363636	0.0	0.0	0.01818181818181818	5
Leptospira_borgpetersenii_serovar_Ceylonica	0	0	0	0	0	0	0	0	0	0	0	0	0	0	0	0	0	0	0	0	0.023715415019762844	0.003952569169960474	0.0	0.0	0.003952569169960474	0.011857707509881422	0.015810276679841896	0.0	0.0	0.007905138339920948	0.03557312252964427	0.03162055335968379	0.007905138339920948	0.015810276679841896	0.02766798418972332	0.0	0.0	0.011857707509881422	0.0	0.0	46
Leptospira_broomii	0	0	0	0	0	0	0	0	0	0	0	0	0	0	0	0	0	0	0	0	0	0	0	0	0	0	0	0	0	0	0	0	0	0	0	0	0	0	0	0	0
Leptospira_fainei	0	0	0	0	0	0	0	0	0	0	0	0	0	0	0	0	0	0	0	0	0	0	0	0	0	0	0	0	0	0	0	0	0	0	0	0	0	0	0	0	0
Leptospira_inadai	0	0	0	0	0	0	0	0	0	0	0	0	0	0	0	0	0	0	0	0	0	0	0	0	0	0	0	0	0	0	0	0	0	0	0	0	0	0	0	0	0
Leptospira_interrogans	0	0	0	0	0	0	0	0	0	0.5	0	0	0	0	0	0	0	0	0	0	0.0	0.0	0.0374331550802139	0.053475935828877004	0.0	0.0	0.0	0.0	0.053475935828877004	0.053475935828877004	0.0	0.0	0.0	0.0	0.0	0.0374331550802139	0.0	0.0	0.0	0.0	17
Leptospira_interrogans_serovar_Hardjo-prajitno	0	0	0	0	0	0	0	0	0	0	0	0	0	0	0	0	0	0	0	0	0.0	0.0	0.0	0.0	0.0	0.0	0.0	0.0	0.0	0.0	0.0	0.0	0.0909090909090909	0.0	0.0	0.0	0.06060606060606061	0.06060606060606061	0.0	0.0	3
Leptospira_kirschneri	0	0	0	0	0	0	0	0	0	0	0	0	0	0	0	0	0	0	0	0	0	0	0	0	0	0	0	0	0	0	0	0	0	0	0	0	0	0	0	0	0
Leptospira_kmetyi	0	0	0	0	0	0	0	0	0	0	0	0	0	0	0	0	0	0	0	0	0	0	0	0	0	0	0	0	0	0	0	0	0	0	0	0	0	0	0	0	0
Leptospira_licerasiae	0	0	0	0	0	0	0	0	0	0	0	0	0	0	0	0	0	0	0	0	0	0	0	0	0	0	0	0	0	0	0	0	0	0	0	0	0	0	0	0	0
Leptospira_noguchii	0	0	0	0	0	0	0	0	0	0	0	0	0	0	0	0	0	0	0	0	0.0	0.0	0.0909090909090909	0.0	0.0	0.0909090909090909	0.0	0.0	0.0	0.0	0.0	0.030303030303030304	0.0	0.0	0.030303030303030304	0.0	0.06060606060606061	0.0	0.0	0.06060606060606061	3
Leptospira_santarosai	0	0	0	0	0	0	0	0	1.0	0	0	0	0	0	0	0	0	0	0	0	0.0	0.0	0.0	0.0	0.0	0.0	0.0	0.0	0.09090909090909091	0.0	0.0	0.0	0.0	0.0	0.0	0.0	0.0	0.09090909090909091	0.0	0.0	1
Leptospira_weilii	0	0	0	0	0	0	0	0	0	0	0.5	0	0.75	0	0	0	0	0	0.6666666666666666	0	0.0	0.004329004329004329	0.0	0.0	0.012987012987012986	0.0	0.004329004329004329	0.0	0.0	0.012987012987012986	0.025974025974025972	0.008658008658008658	0.030303030303030304	0.0	0.012987012987012986	0.012987012987012986	0.0	0.03896103896103896	0.03896103896103896	0.05627705627705628	21
Leptospira_wolffii	0	0	0	0	0	0	0	0	0	0	0	0	0	0	0	0	0	0	0	0	0	0	0	0	0	0	0	0	0	0	0	0	0	0	0	0	0	0	0	0	0
Listeria_monocytogenes	0	0	0	0	0	0	0	0	0	0	0	0	0	0	0	0	0	0	1.0	0	0.0	0.0	0.006060606060606061	0.0	0.0	0.0	0.0	0.0	0.0	0.01818181818181818	0.0	0.006060606060606061	0.0	0.0	0.0	0.0	0.0	0.0	0.006060606060606061	0.0	15
Lumpy_skin_disease_virus	0	0	0	0	0	0	0	0	0	0	0	0	0	0	0	0	0	0	0	0	0	0	0	0	0	0	0	0	0	0	0	0	0	0	0	0	0	0	0	0	0
Lymphocryptovirus	0	0	0	0	0	0	0	0	0	0	0	0	0	0	0	0	0	0	0	0	0	0	0	0	0	0	0	0	0	0	0	0	0	0	0	0	0	0	0	0	0
Mannheimia_haemolytica	0	0	0	0	0	0	0	0	0	0	0	0	0	0	0	0	0	0	0	0	0.0	0.09090909090909091	0.0	0.0	0.0	0.0	0.0	0.0	0.0	0.0	0.0	0.0	0.0	0.0	0.0	0.0	0.09090909090909091	0.0	0.0	0.0	1
Measles_morbillivirus	0	0	0	0	0	0	0	0	0	0	0	0	0	0	0	0	0	0	0	0	0	0	0	0	0	0	0	0	0	0	0	0	0	0	0	0	0	0	0	0	0
Methanobrevibacter_oralis	0	0	0	0	0	0	0	0	0	0	0	0	0	0	0	0	0	0	0	0	0	0	0	0	0	0	0	0	0	0	0	0	0	0	0	0	0	0	0	0	0
Moraxella_catarrhalis	0	0	0	0	0	0	0	0	0	0	0	0	0	0	0	0	0	0	0	0	0	0	0	0	0	0	0	0	0	0	0	0	0	0	0	0	0	0	0	0	0
Morbillivirus	0	0	0	0	0	0	0	0	0	0	0	0	0	0	0	0	0	0	0	0	0	0	0	0	0	0	0	0	0	0	0	0	0	0	0	0	0	0	0	0	0
Mycobacterium_avium	0.06060606060606061	0	0.022222222222222223	0.00904977375565611	0.007751937984496124	0	0.023166023166023165	0.029411764705882353	0	0.005780346820809248	0.03927492447129909	0.06866952789699571	0	0.007692307692307693	0	0.06333333333333334	0	0.01929260450160772	0.022653721682847898	0.02100840336134454	0.01377084454007531	0.0092522861753631	0.014201183431952662	0.009359870898332437	0.01377084454007531	0.010220548682087143	0.004303388918773534	0.006885422270037655	0.008714362560516406	0.005271651425497579	0.006993006993006993	0.022270037654653036	0.011403980634749867	0.010005379236148467	0.010220548682087143	0.01377084454007531	0.009359870898332437	0.009575040344271115	0.00849919311457773	0.010973641742872513	845
Mycobacterium_avium_subsp._avium	0	0.1111111111111111	0	0	0.1	0	0.09523809523809523	0	0	0	0.058823529411764705	0	0.06666666666666667	0.1	0	0	0	0.2857142857142857	0	0.08333333333333333	0.012987012987012986	0.02857142857142857	0.01038961038961039	0.007792207792207791	0.005194805194805195	0.01038961038961039	0.007792207792207791	0.01038961038961039	0.0025974025974025974	0.01038961038961039	0.01038961038961039	0.012987012987012986	0.005194805194805195	0.0025974025974025974	0.01038961038961039	0.0	0.02077922077922078	0.012987012987012986	0.007792207792207791	0.015584415584415583	35
Mycobacterium_avium_subsp._hominissuis	0	0	0.05714285714285714	0	0.19047619047619047	0.1	0	0.21428571428571427	0.034482758620689655	0.041666666666666664	0.058823529411764705	0	0	0.047619047619047616	0.07894736842105263	0	0.05714285714285714	0.022222222222222223	0	0.06451612903225806	0.01020408163265306	0.00927643784786642	0.011131725417439703	0.016697588126159554	0.01948051948051948	0.00927643784786642	0.0074211502782931356	0.012987012987012986	0.012059369202226345	0.0074211502782931356	0.0074211502782931356	0.014842300556586271	0.02040816326530612	0.01020408163265306	0.014842300556586271	0.022263450834879406	0.008348794063079777	0.013914656771799629	0.02040816326530612	0.00463821892393321	98
Mycobacterium_avium_subsp._paratuberculosis	0	0	0	0	0.14285714285714285	0	0.13043478260869565	0	0	0.1111111111111111	0	0	0.05263157894736842	0	0.11764705882352941	0	0	0	0	0.045454545454545456	0.001893939393939394	0.013257575757575758	0.020833333333333332	0.024621212121212124	0.022727272727272724	0.011363636363636362	0.013257575757575758	0.003787878787878788	0.00946969696969697	0.007575757575757576	0.011363636363636362	0.013257575757575758	0.017045454545454548	0.01893939393939394	0.013257575757575758	0.01893939393939394	0.013257575757575758	0.011363636363636362	0.007575757575757576	0.003787878787878788	48
Mycobacterium_canettii	0.6	0	0	0	0	0	0	0	0	0	0	0	0	0	0	0	0	0	0	0.6666666666666666	0.03636363636363636	0.0	0.01818181818181818	0.00909090909090909	0.0	0.00909090909090909	0.01818181818181818	0.0	0.0	0.02727272727272727	0.00909090909090909	0.01818181818181818	0.0	0.0	0.0	0.00909090909090909	0.00909090909090909	0.0	0.0	0.03636363636363636	10
Mycobacterium_colombiense	0	0	0	0	0	0	0	0	0	0	0	0	0	0	0	0	0	0	0	0	0	0	0	0	0	0	0	0	0	0	0	0	0	0	0	0	0	0	0	0	0
Mycobacterium_colombiense_CECT_3035	0	0.07692307692307693	0	0	0.043478260869565216	0.1111111111111111	0	0.1	0	0	0.0625	0	0	0	0.1	0	0	0.04	0.07692307692307693	0.04	0.014610389610389612	0.012987012987012988	0.016233766233766232	0.012987012987012988	0.012987012987012988	0.011363636363636364	0.008116883116883116	0.012987012987012988	0.012987012987012988	0.006493506493506494	0.022727272727272728	0.012987012987012988	0.012987012987012988	0.014610389610389612	0.01948051948051948	0.00487012987012987	0.01948051948051948	0.00487012987012987	0.008116883116883116	0.014610389610389612	56
Mycobacterium_intracellulare	0.03125	0.10416666666666667	0.06060606060606061	0	0.043478260869565216	0.06818181818181818	0	0	0.024390243902439025	0.027777777777777776	0.07692307692307693	0.07142857142857142	0	0.02631578947368421	0	0.03225806451612903	0.05405405405405406	0.125	0.03333333333333333	0	0.006269592476489028	0.014106583072100314	0.006269592476489028	0.007053291536050157	0.02115987460815047	0.0054858934169279	0.014106583072100314	0.012539184952978056	0.012539184952978056	0.011755485893416927	0.0109717868338558	0.011755485893416927	0.014890282131661442	0.011755485893416927	0.007053291536050157	0.006269592476489028	0.016457680250783698	0.02586206896551724	0.014890282131661442	0.009404388714733541	116
Mycobacterium_intracellulare_subsp._yongonense	0	0	0	0.06666666666666667	0	0	0	0	0.05	0	0	0.07407407407407407	0.125	0	0	0	0.09090909090909091	0	0.15384615384615385	0.07407407407407407	0.0074719800747198	0.017434620174346202	0.0037359900373599	0.008717310087173101	0.009962640099626401	0.0211706102117061	0.0149439601494396	0.009962640099626401	0.0211706102117061	0.0186799501867995	0.009962640099626401	0.0062266500622665	0.0186799501867995	0.011207970112079703	0.0049813200498132005	0.0024906600249066002	0.009962640099626401	0.0136986301369863	0.016189290161892904	0.008717310087173101	73
Mycobacterium_kansasii	0	0.06666666666666667	0.04878048780487805	0	0.0425531914893617	0	0.05172413793103448	0.01818181818181818	0	0.20512820512820512	0.01694915254237288	0.01694915254237288	0.041666666666666664	0.03636363636363636	0	0.057692307692307696	0	0.05555555555555555	0.024390243902439025	0	0.02058319039451115	0.0165809033733562	0.02058319039451115	0.011435105774728416	0.015437392795883362	0.00857632933104631	0.00857632933104631	0.009148084619782733	0.009719839908519153	0.022298456260720412	0.009719839908519153	0.00857632933104631	0.00857632933104631	0.009719839908519153	0.010863350485991996	0.009719839908519153	0.011435105774728416	0.012578616352201259	0.01600914808461978	0.012006861063464838	159
Mycobacterium_leprae	0	0	0	0	0	0	0	0	0	0	0	0	0	0	0	0	0	0	0	0	0	0	0	0	0	0	0	0	0	0	0	0	0	0	0	0	0	0	0	0	0
Mycobacterium_leprae_Kyoto-2	0	0	0	0.5	0	0	0	0	0	0	0	0	0	0	0	0	0	0	0	0	0.01818181818181818	0.0	0.0	0.01818181818181818	0.0	0.0	0.0	0.0	0.03636363636363636	0.0	0.01818181818181818	0.0	0.03636363636363636	0.0	0.03636363636363636	0.0	0.0	0.0	0.03636363636363636	0.0	5
Mycobacterium_marseillense	0.07692307692307693	0	0.038461538461538464	0.05263157894736842	0	0.043478260869565216	0	0	0	0	0	0	0.041666666666666664	0	0.058823529411764705	0	0	0.045454545454545456	0.06666666666666667	0	0.010540184453227932	0.014492753623188406	0.006587615283267457	0.007905138339920948	0.00922266139657444	0.006587615283267457	0.006587615283267457	0.007905138339920948	0.007905138339920948	0.003952569169960474	0.011857707509881424	0.013175230566534914	0.007905138339920948	0.014492753623188406	0.00922266139657444	0.011857707509881424	0.00922266139657444	0.013175230566534914	0.015810276679841896	0.014492753623188406	69
Mycobacterium_sp._JS623	0.16666666666666666	0.05	0	0	0.06896551724137931	0	0	0	0	0	0.0967741935483871	0	0.07407407407407407	0	0.09090909090909091	0.05	0.045454545454545456	0	0	0.1111111111111111	0.02089864158829676	0.009404388714733543	0.011494252873563218	0.013584117032392895	0.011494252873563218	0.011494252873563218	0.012539184952978056	0.006269592476489028	0.0020898641588296763	0.01044932079414838	0.0073145245559038665	0.0073145245559038665	0.0041797283176593526	0.013584117032392895	0.011494252873563218	0.0073145245559038665	0.01567398119122257	0.01044932079414838	0.01567398119122257	0.01044932079414838	87
Mycobacterium_sp._YC-RL4	0	0.027777777777777776	0.047619047619047616	0.1	0	0.058823529411764705	0.10714285714285714	0.024390243902439025	0.058823529411764705	0	0.10344827586206896	0.08	0.03333333333333333	0	0	0.03225806451612903	0	0.06896551724137931	0.037037037037037035	0.09523809523809523	0.009090909090909092	0.01515151515151515	0.0101010101010101	0.01414141414141414	0.009090909090909092	0.00606060606060606	0.0101010101010101	0.011111111111111112	0.0101010101010101	0.009090909090909092	0.0101010101010101	0.013131313131313133	0.01616161616161616	0.01616161616161616	0.01616161616161616	0.01414141414141414	0.00606060606060606	0.01414141414141414	0.01212121212121212	0.021212121212121213	90
Mycobacterium_tuberculosis	0	0	0	0.1	0	0	0	0	0	0	0	0	0	0	0.125	0	0.1111111111111111	0	0	0	0.01346801346801347	0.016835016835016835	0.008417508417508417	0.0101010101010101	0.006734006734006735	0.02693602693602694	0.011784511784511785	0.016835016835016835	0.01346801346801347	0.016835016835016835	0.016835016835016835	0.0016835016835016836	0.0033670033670033673	0.01346801346801347	0.0202020202020202	0.0033670033670033673	0.0202020202020202	0.021885521885521887	0.018518518518518517	0.008417508417508417	54
Mycobacterium_tuberculosis_KZN_1435	0	0	0	0	0	0	0	0	0.07894736842105263	0.4	0	0	0	0	0	0	0	0	0	0	0.017738359201773836	0.0	0.007760532150776053	0.003325942350332594	0.0	0.014412416851441243	0.003325942350332594	0.015521064301552106	0.017738359201773836	0.024390243902439025	0.0011086474501108647	0.012195121951219513	0.009977827050997784	0.0022172949002217295	0.028824833702882486	0.013303769401330375	0.006651884700665188	0.006651884700665188	0.017738359201773836	0.006651884700665188	82
Mycobacterium_tuberculosis_complex	0	0	0	0	0.0821917808219178	0	0	0.09302325581395349	0	0	0.06060606060606061	0.02247191011235955	0.21212121212121213	0	0.09876543209876543	0.07446808510638298	0	0	0	0.032520325203252036	0.01474201474201474	0.015049140049140047	0.0128992628992629	0.016891891891891893	0.011056511056511058	0.010442260442260442	0.02119164619164619	0.013513513513513514	0.002457002457002457	0.006756756756756757	0.008292383292383293	0.011363636363636364	0.015356265356265358	0.012592137592137592	0.010442260442260442	0.011363636363636364	0.015663390663390665	0.01474201474201474	0.02364864864864865	0.0018427518427518426	296
Mycobacterium_tuberculosis_variant_africanum	0	0	0	0	0	0	0	0	0	0	0	0	0	0	0	0	0	0	0	0	0	0	0	0	0	0	0	0	0	0	0	0	0	0	0	0	0	0	0	0	0
Mycobacterium_tuberculosis_variant_bovis	0	0	0	0	0	0	0	0	0	0	0	0	0	0	0	0	0	0	0	0	0	0	0	0	0	0	0	0	0	0	0	0	0	0	0	0	0	0	0	0	0
Mycobacteroides_abscessus	0.005780346820809248	0	0.30976430976430974	0.0035460992907801418	0.1346153846153846	0.003703703703703704	0	0.017543859649122806	0	0	0	0	0	0	0	0	0.003968253968253968	0	0	0	0.019166019166019167	0.02693602693602694	0.01761201761201761	0.008676508676508677	0.005698005698005698	0.0019425019425019423	0.014245014245014245	0.011784511784511785	0.009712509712509712	0.0015540015540015538	0.0029785029785029784	0.009194509194509193	0.004921004921004921	0.0024605024605024606	0.0031080031080031076	0.02084952084952085	0.009324009324009324	0.006604506604506605	0.00802900802900803	0.014115514115514115	702
Mycobacteroides_abscessus_subsp._abscessus	0	0	0.05263157894736842	0	0	0	0	0	0	0.6470588235294118	0	0	0	0	0	0	0	0	0	0.10416666666666667	0.005165289256198347	0.01756198347107438	0.005165289256198347	0.003099173553719008	0.008264462809917356	0.027892561983471075	0.0010330578512396695	0.0	0.007231404958677686	0.024793388429752063	0.011363636363636364	0.01756198347107438	0.0	0.01549586776859504	0.010330578512396695	0.014462809917355372	0.03305785123966942	0.007231404958677686	0.010330578512396695	0.025826446280991736	88
Mycobacteroides_abscessus_subsp._bolletii	0	0	0	0	0	0	0.14285714285714285	0	0	0	0	0	0	0.08333333333333333	0	0	0	0	0	0.25	0.010101010101010102	0.03535353535353535	0.0	0.020202020202020204	0.010101010101010102	0.005050505050505051	0.010101010101010102	0.0	0.010101010101010102	0.01515151515151515	0.0	0.0303030303030303	0.0	0.005050505050505051	0.025252525252525252	0.0	0.04040404040404041	0.005050505050505051	0.025252525252525252	0.05555555555555555	18
Mycobacteroides_abscessus_subsp._bolletii_50594	0	0	0	0	0	0	0	0	0	0	0	0	0	0	0	0	0	0	0	0	0.0	0.0	0.0	0.0	0.0	0.0	0.0	0.0	0.0	0.0	0.030303030303030304	0.0	0.0	0.0	0.0	0.0	0.0	0.0	0.0	0.0	3
Mycobacteroides_abscessus_subsp._massiliense	0	0	0	0	0	0	0	0	0	0	0	0	0	0	0	0.27586206896551724	0	0	0	0.25	0.012006861063464836	0.0137221269296741	0.0137221269296741	0.008576329331046312	0.02915951972555746	0.0	0.0	0.036020583190394515	0.0	0.03430531732418525	0.020583190394511147	0.0	0.005145797598627787	0.036020583190394515	0.0	0.024013722126929673	0.0	0.036020583190394515	0.0137221269296741	0.020583190394511147	53
Mycobacteroides_abscessus_subsp._massiliense_CCUG_48898_=_JCM_15300	0	0	0.14893617021276595	0	0	0	0	0	0	0	0	0	0	0	0	0	0	0	0.5	0.6	0.024177949709864605	0.024177949709864605	0.012572533849129595	0.0019342359767891683	0.01934235976789168	0.010638297872340425	0.039651837524177946	0.006769825918762089	0.02998065764023211	0.033849129593810444	9.671179883945841E-4	0.0	0.0019342359767891683	0.0	0.029013539651837523	0.0019342359767891683	0.006769825918762089	0.00967117988394584	0.014506769825918761	0.005802707930367504	94
Mycoplasma_haemocanis	0	0	0	0	0	0	0	0	0	0	0	0	0	0	0	0	0	0	0	0	0	0	0	0	0	0	0	0	0	0	0	0	0	0	0	0	0	0	0	0	0
Mycoplasma_haemofelis	0	0	0	0	0	0	0	0	0	0	0	0	0	0	0	0	0	0	0	0	0	0	0	0	0	0	0	0	0	0	0	0	0	0	0	0	0	0	0	0	0
Mycoplasma_haemofelis_str._Langford_1	0	0	0	0	0	0	0	0	0	0	0	0	0	0	0	0	0	0	0	0	0.0	0.09090909090909091	0.0	0.0	0.0	0.0	0.0	0.09090909090909091	0.0	0.09090909090909091	0.0	0.0	0.0	0.0	0.0	0.0	0.0	0.0	0.0	0.0	1
Mycoplasma_mycoides	0	0	0	0	0	0	0	0	0	0	0	0	0	0	0	0	0	0	0	0	0	0	0	0	0	0	0	0	0	0	0	0	0	0	0	0	0	0	0	0	0
Mycoplasma_ovipneumoniae	0	0	0	0	0	0	0	0	0	0	0	0	0	0	0	0	0	0	0	0	0	0	0	0	0	0	0	0	0	0	0	0	0	0	0	0	0	0	0	0	0
Mycoplasma_pneumoniae	0	0	0	0	0	0	0	0	0	0	0	0	0	0	0	0	0	0	0	0	0	0	0	0	0	0	0	0	0	0	0	0	0	0	0	0	0	0	0	0	0
Neisseria_elongata	0	0	0	0	0	0	0	0	0	0	0	0	0	0	0	0	0	0	0	0	0	0	0	0	0	0	0	0	0	0	0	0	0	0	0	0	0	0	0	0	0
Neisseria_elongata_subsp._glycolytica	0	1.0	0	0	0	0	0	0	0	0	0	0	1.0	0	0	0	0	0	0	0	0.022727272727272728	0.022727272727272728	0.0	0.0	0.022727272727272728	0.0	0.0	0.0	0.0	0.0	0.0	0.022727272727272728	0.022727272727272728	0.0	0.0	0.045454545454545456	0.022727272727272728	0.022727272727272728	0.045454545454545456	0.0	4
Neisseria_gonorrhoeae	0	0	0	0	0	0	0	0	0	0	0	0	0	0	0	0	0	0	0	0	0	0	0	0	0	0	0	0	0	0	0	0	0	0	0	0	0	0	0	0	0
Neisseria_gonorrhoeae_NG-k51.05	0	0	0	0	0	0	0	0	0	0	0	0	0	0	0	0	0	0	0	1.0	0.09090909090909091	0.0	0.0303030303030303	0.0303030303030303	0.0	0.0303030303030303	0.0	0.0	0.0	0.0	0.0606060606060606	0.0	0.0012626262626262627	0.0012626262626262627	0.0	0.0012626262626262627	0.0303030303030303	0.0	0.0	0.08964646464646464	72
Neisseria_meningitidis	0	0	0	0	0	0	0	0	0	0	0	0	0	0	0	0	0	0	0	0	0.0	0.0	0.0	0.0	0.09090909090909091	0.09090909090909091	0.0	0.0	0.0	0.0	0.0	0.0	0.0	0.0	0.0	0.0	0.045454545454545456	0.0	0.0	0.0	2
Neisseria_meningitidis_MC58	0	0	0	0	0	0	0	0	0	0	0	0	0	0	0	0	0	0	0	0	0.0	0.0	0.0	0.0	0.0909090909090909	0.0	0.0	0.0	0.0	0.0	0.06060606060606061	0.030303030303030304	0.0	0.030303030303030304	0.0	0.0	0.0	0.0	0.0	0.0	3
Neisseria_meningitidis_NZ-05/33	0	0	0	0	0	0	0	0	0	0	0	0	1.0	0	0	0	0	0	1.0	0	0.0	0.0	0.0	0.0	0.0	0.0	0.0	0.0	0.0	0.0	0.0	0.0	0.09090909090909091	0.09090909090909091	0.0	0.0	0.09090909090909091	0.0	0.09090909090909091	0.0	1
Neisseria_mucosa	0	0	0	0	0	0	0	0	0	0	0	0	0	0	0	0	0	0	0	0	0	0	0	0	0	0	0	0	0	0	0	0	0	0	0	0	0	0	0	0	0
Neisseria_sicca	0	0	0	0	0	0	0	0	0	0	0	0	0	0	0	0	0	0	0	0	0.0	0.09090909090909091	0.0	0.0	0.0	0.0	0.09090909090909091	0.0	0.0	0.0	0.09090909090909091	0.0	0.09090909090909091	0.09090909090909091	0.0	0.0	0.09090909090909091	0.0	0.0	0.0	1
Neisseria_subflava	0	0	0	0	0	0	0	0	0	0	0	0	0	0	0	0	0	0	0	0	0	0	0	0	0	0	0	0	0	0	0	0	0	0	0	0	0	0	0	0	0
Neisseria_weaveri	0	0	0	0	0	0	0	0	0	0	0	0	0	0	0	0	0	0	0	0	0	0	0	0	0	0	0	0	0	0	0	0	0	0	0	0	0	0	0	0	0
Orthohepadnavirus	0	0	0	0	0	0	0	0	0	0	0	0	0	0	0	0	0	0	0	0	0	0	0	0	0	0	0	0	0	0	0	0	0	0	0	0	0	0	0	0	0
Orthopoxvirus	0	0	0	0	0	0	0	0	0	0	0	0	0	0	0	0	0	0	0	0	0	0	0	0	0	0	0	0	0	0	0	0	0	0	0	0	0	0	0	0	0
Paraavulavirus	0	0	0	0	0	0	0	0	0	0	0	0	0	0	0	0	0	0	0	0	0	0	0	0	0	0	0	0	0	0	0	0	0	0	0	0	0	0	0	0	0
Parvimonas_micra	0	0	0	0	0	0	0	0	0	0	0	0	0	0	0	0	0	0	0	0	0.0	0.0	0.0	0.0	0.0	0.0	0.0	0.0	0.0	0.0	0.0	0.0	0.0	0.045454545454545456	0.0	0.0	0.0	0.0	0.0	0.0	2
Pasteurella_multocida	0	0	0	0	0	0	0	0	0	0	0	0	0	0	0	0	0	0	0	0	0	0	0	0	0	0	0	0	0	0	0	0	0	0	0	0	0	0	0	0	0
Pasteurella_multocida_subsp._multocida	0	0	0	0	0	0	0	0	0	0	0	0	0	0	0	0	0	0	0	0	0.0	0.0	0.0	0.0	0.0	0.0	0.0	0.0	0.0	0.0	0.0	0.0	0.0	0.0	0.0	0.0	0.0	0.0	0.0	0.0	2
Peptostreptococcus_anaerobius	0	0	0	0	0	0	0	0	0	0	0	0	0	0	0	0	0	0	0	0	0	0	0	0	0	0	0	0	0	0	0	0	0	0	0	0	0	0	0	0	0
Polyomaviridae	0	0	0	0	0	0	0	0	0	0	0	0	0	0	0	0	0	0	0	0	0	0	0	0	0	0	0	0	0	0	0	0	0	0	0	0	0	0	0	0	0
Porphyromonas_gingivalis	0	0	0	0	0	0.2857142857142857	0	0	0	0	0	0	0	0	0	0	0	0	0	0	0.0	0.0	0.0	0.0	0.0	0.025974025974025972	0.0	0.0	0.025974025974025972	0.0	0.051948051948051945	0.03463203463203463	0.0	0.0	0.0	0.03463203463203463	0.03463203463203463	0.0	0.0	0.004329004329004329	21
Porphyromonas_gingivalis_A7A1-28	0	0	0	0	0	0	0	0	0	0	0	0	0	0	0	0	0	0	0	0	0.0	0.0	0.0	0.09090909090909091	0.0	0.0	0.09090909090909091	0.0	0.0	0.0	0.0	0.0	0.0	0.0	0.0	0.0	0.0	0.0	0.07792207792207792	0.0	7
Porphyromonas_gingivalis_W83	0	0	0	0	0	0	0	0	0	0	0	0	0	0	0	0	0	0	0	0	0	0	0	0	0	0	0	0	0	0	0	0	0	0	0	0	0	0	0	0	0
Rickettsia_africae	0	0	0	0	0	0	0	0	0	0	0	0	0	0	0	0	0	0	0	0	0	0	0	0	0	0	0	0	0	0	0	0	0	0	0	0	0	0	0	0	0
Rickettsia_akari	0	0	0	0	0	0	0	0	0	0	0	0	0	0	0	0	0	0	0	0	0	0	0	0	0	0	0	0	0	0	0	0	0	0	0	0	0	0	0	0	0
Rickettsia_conorii	0	0	0	0	0	0	0	0	0	0	0	0	0	0	0	0	0	0	0	0	0	0	0	0	0	0	0	0	0	0	0	0	0	0	0	0	0	0	0	0	0
Rickettsia_felis	0	0	0	0	0	0	0	0	0	0	0	0	0	0	0	0	0	0	0	0	0	0	0	0	0	0	0	0	0	0	0	0	0	0	0	0	0	0	0	0	0
Rickettsia_japonica	0	0	0	0	0	0	0	0	0	0	0	0	0	0	0	0	0	0	0	0	0	0	0	0	0	0	0	0	0	0	0	0	0	0	0	0	0	0	0	0	0
Rickettsia_prowazekii	0	0	0	0	0	0	0	0	0	0	0	0	0	0	0	0	0	0	0	0	0	0	0	0	0	0	0	0	0	0	0	0	0	0	0	0	0	0	0	0	0
Rickettsia_rickettsii	0	0	0	0	0	0	0	0	0	0	0	0	0	0	0	0	0	0	0	0	0	0	0	0	0	0	0	0	0	0	0	0	0	0	0	0	0	0	0	0	0
Rickettsia_sibirica	0	0	0	0	0	0	0	0	0	0	0	0	0	0	0	0	0	0	0	0	0	0	0	0	0	0	0	0	0	0	0	0	0	0	0	0	0	0	0	0	0
Rickettsia_typhi	0	0	0	0	0	0	0	0	0	0	0	0	0	0	0	0	0	0	0	0	0	0	0	0	0	0	0	0	0	0	0	0	0	0	0	0	0	0	0	0	0
Salmonella_enterica	0	0	0	0	0	0	0	0	0	1.0	0	0	0	0	0	0	0	0	0	0	0.0	0.08934169278996865	0.08934169278996865	0.0	0.0	0.001567398119122257	0.0	0.001567398119122257	0.0	0.08934169278996865	0.0	0.0	0.003134796238244514	0.0	0.0	0.0	0.0	0.0	0.001567398119122257	0.001567398119122257	58
Salmonella_enterica_subsp._enterica	0	0	0	0	0	0	0	0	0	0	0	0	0	0	0	0	0	1.0	0	0	0.0	0.003685503685503685	0.07862407862407862	0.0	0.002457002457002457	0.0	0.002457002457002457	0.003685503685503685	0.08230958230958231	0.0	0.0	0.002457002457002457	0.003685503685503685	0.0012285012285012285	0.07862407862407862	0.002457002457002457	0.006142506142506142	0.08230958230958231	0.004914004914004914	0.0012285012285012285	74
Salmonella_enterica_subsp._enterica_serovar_Choleraesuis	0	0	0	0	0	0	0	0	0	0	0	0	1.0	0	0	0	0	0	0	0	0.0	0.0909090909090909	0.0909090909090909	0.0	0.0	0.0	0.0	0.0	0.0	0.0	0.030303030303030304	0.0	0.030303030303030304	0.0	0.030303030303030304	0.0	0.0	0.0	0.0	0.0	3
Salmonella_enterica_subsp._enterica_serovar_Minnesota	0	0	0	0	0	0	0	0	0	0	0	0	0	0	0	0	0	0	0	0	0.0	0.0	0.0	0.0	0.0	0.0	0.0	0.0	0.0	0.0	0.0	0.0	0.0	0.0	0.0	0.0	0.0	0.09090909090909091	0.0	0.0	1
Salmonella_enterica_subsp._enterica_serovar_Typhimurium	0	0	0	0	0	0	0	0	0	0	0	0	0	0	0	0	0	0	0	0	0	0	0	0	0	0	0	0	0	0	0	0	0	0	0	0	0	0	0	0	0
Salmonella_enterica_subsp._houtenae_str._ATCC_BAA-1581	0	0	0	0	0	0	0	0	0	0	0	0	0	0	0	0	0	0	0	0	0.0909090909090909	0.0	0.0	0.0	0.0	0.0	0.0	0.0	0.0	0.0	0.0	0.0	0.0	0.0	0.0	0.07575757575757576	0.0	0.0	0.0	0.0	6
Salmonella_enterica_subsp._salamae	0	0	0	0	0	0	0	0	0	0	0	0	0	0	0	0	0	0	0	1.0	0.0	0.09090909090909091	0.0	0.0	0.0	0.0	0.0	0.0	0.0	0.0	0.09090909090909091	0.0	0.0	0.09090909090909091	0.0	0.0	0.09090909090909091	0.0	0.0	0.09090909090909091	1
Salmonella_enterica_subsp._salamae_serovar_55:k:z39_str._1315K	0	0	0	0	0	0	0	0	0	0	0	0	0	0	0	0	0	0	0	0	0.0	0.0	0.0	0.0	0.0	0.0	0.0	0.0	0.0	0.09090909090909091	0.0	0.09090909090909091	0.0	0.0	0.0	0.0	0.0	0.0	0.0	0.0	1
Sheeppox_virus	0	0	0	0	0	0	0	0	0	0	0	0	0	0	0	0	0	0	0	0	0	0	0	0	0	0	0	0	0	0	0	0	0	0	0	0	0	0	0	0	0
Shigella_boydii	0	0	0	0	0	0	0	0	0	0	0	0	0	0	0	0	0	0	0	0	0	0	0	0	0	0	0	0	0	0	0	0	0	0	0	0	0	0	0	0	0
Shigella_dysenteriae	0	0	0	0	0	0	0	0	0	0	0	0	0	0	0	0	0	0	0	0	0	0	0	0	0	0	0	0	0	0	0	0	0	0	0	0	0	0	0	0	0
Shigella_flexneri	0	0	0	0	0	0	0	0	0	0	0	0	0	0	0	0	0	0	0	0	0.0	0.0	0.0	0.0	0.0	0.0	0.0	0.0	0.0	0.0	0.0	0.0	0.0	0.0	0.0	0.0	0.09090909090909091	0.09090909090909091	0.0	0.0	1
Shigella_sonnei	0	0	0	0	0	0	0	0	0	0	0	0	0	0	0	0	0	0	0	0	0	0	0	0	0	0	0	0	0	0	0	0	0	0	0	0	0	0	0	0	0
Simian_virus_12	0	0	0	0	0	0	0	0	0	0	0	0	0	0	0	0	0	0	0	0	0	0	0	0	0	0	0	0	0	0	0	0	0	0	0	0	0	0	0	0	0
Staphylococcus_aureus	0	0	0.25	0	0	0	0	0	0	0.4444444444444444	0.3333333333333333	0	0	0	0	0	0.5714285714285714	0.18181818181818182	0	0	0.0	0.0	0.004132231404958678	0.012396694214876032	0.0	0.0	0.0	0.012396694214876032	0.0	0.01652892561983471	0.01652892561983471	0.0	0.004132231404958678	0.01652892561983471	0.012396694214876032	0.004132231404958678	0.045454545454545456	0.008264462809917356	0.008264462809917356	0.008264462809917356	22
Staphylococcus_cohnii	0	0	0	0	0	0	0	0	0	0	0	0	0	0	0	0	0	0	0	0	0	0	0	0	0	0	0	0	0	0	0	0	0	0	0	0	0	0	0	0	0
Staphylococcus_epidermidis	0	0.0625	0	1.0	0	0	0	0	0	0	0	0	0	0	0	0	0	0	0	0	0.0	0.00686106346483705	0.0	0.00686106346483705	0.0	0.0017152658662092624	0.0	0.00686106346483705	0.0017152658662092624	0.0	0.0	0.0	0.0017152658662092624	0.0	0.005145797598627787	0.0	0.0	0.0	0.0017152658662092624	0.0	53
Staphylococcus_epidermidis_ATCC_12228	0	0	0	0	0	0	0	0	0	0	0	0	0	0	0	0	0	0	0	0	0.0	0.045454545454545456	0.0	0.0	0.0	0.0	0.0	0.0	0.0	0.0	0.0	0.0	0.0	0.0	0.0	0.0	0.0	0.0	0.0	0.0	2
Staphylococcus_epidermidis_PM221	0	0	0	0	0	0	0	0	0	0	0	0	0	0	0	0	0	0	0	0	0.0	0.0	0.0	0.0	0.0	0.0	0.0	0.0	0.0	0.0	0.0	0.0	0.0	0.0	0.0	0.0	0.0	0.0	0.0	0.0	3
Staphylococcus_equorum	0	0	0	0	0	0	0	0	0	0	0	0	0	0	0	0	0	0	0	0	0.0	0.0	0.0	0.0	0.0	0.0	0.0	0.0	0.0	0.0	0.0	0.0	0.0	0.0	0.0	0.0	0.0	0.0	0.0	0.0	2
Staphylococcus_hominis	0	0	0	0	0	0	0	0	0	0	0	0	0	0	0	0	0	0	0	0	0.0	0.0	0.0	0.0	0.0	0.0	0.0	0.0	0.0	0.0	0.0	0.0	0.0	0.0	0.0	0.0	0.0	0.0	0.0	0.0	7
Staphylococcus_hominis_subsp._hominis	0	0	0	0	0	0	0	0	0	0	0	0	0	0	0	0	0	0	0	0	0.0	0.0	0.0	0.0	0.0	0.0	0.0	0.0	0.0	0.0	0.0	0.0	0.0	0.0	0.0	0.0	0.0	0.0	0.0	0.0	3
Staphylococcus_nepalensis	0	0	0	0	0	0	0	0	0	0	0	0	0	0	0	0	0	0	0	0	0	0	0	0	0	0	0	0	0	0	0	0	0	0	0	0	0	0	0	0	0
Staphylococcus_saprophyticus	0	0	0	0	0	0	0	0	0	0	0	0	0	0	0	0	0	0	0	0	0.0	0.0	0.0	0.0	0.0	0.0	0.0	0.0	0.0	0.0	0.0	0.0	0.0	0.0	0.0	0.0	0.0	0.0	0.0	0.0	1
Staphylococcus_simulans	0	0	0	0	0	0	0	0	0	0	0	0	0	0	0	0	0	0	0	0	0.0	0.0	0.0	0.0	0.0	0.0	0.0	0.0	0.0	0.0	0.0	0.0	0.07575757575757576	0.0	0.0	0.0	0.07575757575757576	0.0	0.0	0.0	6
Staphylococcus_succinus	0	0	0	0	0	0	0	0	0	0	0	0	0	0	0	0	0	0	0	0	0.0303030303030303	0.0	0.0	0.0	0.0	0.0303030303030303	0.0	0.010101010101010102	0.0	0.010101010101010102	0.010101010101010102	0.0	0.0	0.0	0.0	0.0303030303030303	0.0	0.020202020202020204	0.0	0.0	9
Streptococcus_agalactiae	0	0	0	0	0	0	0	0	0	0	0	0	0	0	0	0	0	0	0	0	0	0	0	0	0	0	0	0	0	0	0	0	0	0	0	0	0	0	0	0	0
Streptococcus_anginosus	0	0	0	0	0	0	0	0	0	0	0	0	0	0	0	0	0	0	0	0	0	0	0	0	0	0	0	0	0	0	0	0	0	0	0	0	0	0	0	0	0
Streptococcus_anginosus_C1051	0	0	0	0	0	0	0	0	0	0	0	0	0	0	0	0	0	0	0	0	0.0	0.0	0.0	0.0	0.0	0.0	0.0	0.0	0.0	0.0	0.0	0.0	0.0	0.0	0.0	0.0	0.0	0.0	0.0	0.0	1
Streptococcus_canis	0	0	0	0	0	0	0	0	0	0	0	0	0	0	0	0	0	0	0	0	0	0	0	0	0	0	0	0	0	0	0	0	0	0	0	0	0	0	0	0	0
Streptococcus_cristatus	0	0	0	0	0	0	0	0	0	0	0	0	0	0	0	0	0	0	0	0	0.0	0.0	0.0	0.0	0.0	0.0	0.0	0.0	0.0	0.07272727272727272	0.0	0.0	0.0	0.0	0.0	0.0	0.0	0.0	0.0	0.0	5
Streptococcus_dysgalactiae	0	0	0	0	0	0	0	0	0	0	0	0	0	0	1.0	0	0	0	0	0	0.0	0.0	0.0	0.0	0.0	0.0	0.0	0.0	0.0	0.0	0.0	0.0	0.0	0.0	0.045454545454545456	0.045454545454545456	0.0	0.0	0.0	0.0	2
Streptococcus_equi	0	0	0	0	0	0	0	0	0	0	0	0	0	0	0	0	0	0	0	0	0	0	0	0	0	0	0	0	0	0	0	0	0	0	0	0	0	0	0	0	0
Streptococcus_gallolyticus	0	0	0	0	0	0	0	0	0	0	0	0	0	0	0	0	0	0	0	0	0	0	0	0	0	0	0	0	0	0	0	0	0	0	0	0	0	0	0	0	0
Streptococcus_gallolyticus_UCN34	0	0	0	0	0	0	0	0	0	0	0	0	0	0	0	0	0	0	0	0	0.09090909090909091	0.0	0.0	0.0	0.0	0.0	0.0	0.0	0.0	0.0	0.0	0.0	0.0	0.0	0.0	0.0	0.0	0.0	0.0	0.0	1
Streptococcus_gordonii	0	0	0	0	0	0	0	0	0	0	0	0	0	0	0	0	0	0	0	0	0.0	0.0	0.0	0.011363636363636362	0.0	0.0	0.015151515151515152	0.0	0.0	0.003787878787878788	0.011363636363636362	0.0	0.003787878787878788	0.0	0.0	0.015151515151515152	0.0	0.0	0.0	0.0	24
Streptococcus_gordonii_str._Challis_substr._CH1	0	0	0	0	0	0	0	0	0	0	0	0	0	0	0	0	0	0	0	0	0	0	0	0	0	0	0	0	0	0	0	0	0	0	0	0	0	0	0	0	0
Streptococcus_intermedius	0	0	0	0	0	0	0	0	0	0	0	0	0	0	0	0	0	0	0	0	0	0	0	0	0	0	0	0	0	0	0	0	0	0	0	0	0	0	0	0	0
Streptococcus_lutetiensis	0	0	0	0	0	0	0	0	0	0	0	0	0	0	0	0	0	0	0	0	0.0	0.0	0.0	0.0	0.0	0.0	0.0	0.0	0.0	0.0	0.0	0.0	0.0	0.0	0.0	0.0	0.0	0.0	0.0	0.0	6
Streptococcus_milleri	0	0	0	0	0	0	0	0	0	0	0	0	0	0	0	0	0	0	0	0	0.09090909090909091	0.0	0.0	0.0	0.0	0.0	0.0	0.0	0.0	0.0	0.0	0.0	0.0	0.0	0.0	0.0	0.0	0.0	0.0	0.0	4
Streptococcus_mitis	0	0	0	0	0	0	0	0	0	0	0	0	0	0	0	0	0	0	0	0	0	0	0	0	0	0	0	0	0	0	0	0	0	0	0	0	0	0	0	0	0
Streptococcus_mitis_B6	0	0	0	0	0	0	0	0	0	0	0	0	0	0	0	0	0	0	0	0	0.0	0.0	0.0	0.0	0.0	0.0	0.0	0.0	0.0	0.0	0.09090909090909091	0.0	0.0	0.09090909090909091	0.0	0.0	0.0	0.0	0.0	0.0	1
Streptococcus_mutans	0	0	0	0	0	0	0	0	0	0	0	0	0	0	0	0	0	0	0	0	0	0	0	0	0	0	0	0	0	0	0	0	0	0	0	0	0	0	0	0	0
Streptococcus_oralis	0	0	0	0	0	0	0	0	0	0	0	0	0	0	0	0	0	0	0	0	0.0	0.0	0.0	0.0	0.0	0.0	0.0	0.0	0.0	0.0	0.0	0.0	0.0	0.06818181818181818	0.0	0.0	0.0	0.0	0.0	0.045454545454545456	4
Streptococcus_parauberis	0	0	0	0	0	0	0	0	0	0	0	0	0	0	0	0	0	0	0	0	0	0	0	0	0	0	0	0	0	0	0	0	0	0	0	0	0	0	0	0	0
Streptococcus_pneumoniae	0	0	0	0	0	0	0	0	0	0	0	0	0	0	0	0	0	0	0	0	0	0	0	0	0	0	0	0	0	0	0	0	0	0	0	0	0	0	0	0	0
Streptococcus_pneumoniae_670-6B	0	0	0	0	0	0	0	0	0	0	0	0	0	0	0	0	0	0	0	0	0.0	0.0	0.0909090909090909	0.0	0.0	0.0909090909090909	0.0	0.0	0.0	0.0	0.0	0.0	0.0	0.0	0.0	0.0	0.0	0.015151515151515152	0.0	0.0	6
Streptococcus_pyogenes	0	0	0	0	0	0	0	0	0	0	0	0	0	0	0	0	0	0	0	0	0.0909090909090909	0.0	0.0	0.0	0.0	0.0	0.0	0.0	0.0909090909090909	0.0909090909090909	0.007575757575757576	0.0	0.007575757575757576	0.0	0.0	0.0	0.0	0.0	0.0	0.0	12
Streptococcus_salivarius	0	0	0	0	0	0	0	0	0	0	0	0	0	0	0	0	0	0	0	0	0	0	0	0	0	0	0	0	0	0	0	0	0	0	0	0	0	0	0	0	0
Streptococcus_sanguinis	0	0	0	0	0	0	0	0	0	0	0	0	0	0	0	0	0	0	0	0	0.0	0.0	0.0	0.0	0.0	0.0	0.0	0.0	0.0	0.0	0.0	0.0	0.0	0.0	0.0	0.0	0.0	0.0	0.0	0.0	1
Streptococcus_sp._HSISM1	0	0	0	0	0	0	0	0	0	0	0	0	0	0	0	0	0	0	0	0	0	0	0	0	0	0	0	0	0	0	0	0	0	0	0	0	0	0	0	0	0
Streptococcus_suis	0.041666666666666664	0	1.0	1.0	0	0	1.0	0.6666666666666666	0	0	0	0	0	0	0	0.1	0.125	0	0.25	0	0.022263450834879406	0.03896103896103896	0.0018552875695732839	0.04452690166975881	0.0	0.0	0.03710575139146568	0.0037105751391465678	0.011131725417439703	0.0	0.0	0.0037105751391465678	0.0	0.0	0.0	0.02411873840445269	0.0037105751391465678	0.027829313543599257	0.0352504638218924	0.0352504638218924	49
Streptococcus_suis_TL13	0	0	0	0	0	0	1.0	0	0	0	0	0	0	0	0	0	0	0	0	0	0.0	0.0	0.09090909090909091	0.0	0.0	0.09090909090909091	0.09090909090909091	0.0	0.0	0.0	0.0	0.0	0.0	0.0	0.0	0.0	0.0	0.0	0.0	0.0	1
Streptococcus_thermophilus	0	0	0	0	0	0	0	0	0	0	0	0	0	0	0	0	0	0	0	0	0.0	0.0	0.0	0.0	0.0	0.0	0.0	0.0	0.0	0.0	0.0	0.0	0.0	0.0	0.0	0.0	0.0	0.0	0.0	0.0	8
Tannerella_forsythia	0	0	0	1.0	0	0	0	0	0	0	0	0	0	0	0	0	0	0	0	0	0.0	0.0	0.0	0.09090909090909091	0.0	0.0	0.0	0.0	0.0	0.0	0.0	0.0	0.0	0.0	0.045454545454545456	0.0	0.0	0.0	0.0	0.0	2
Tannerella_forsythia_92A2	0	0	0	0	0	0	0	0	0	0	0	0	0	0	0	0	0	0	0	0	0	0	0	0	0	0	0	0	0	0	0	0	0	0	0	0	0	0	0	0	0
Tannerella_forsythia_KS16	0	0	0	0	0	0	0	0	0	0	0	0	0	0	0	0	0	0	0	0	0.0	0.022727272727272728	0.022727272727272728	0.0	0.0	0.022727272727272728	0.0	0.0	0.022727272727272728	0.0	0.0	0.0	0.022727272727272728	0.0	0.022727272727272728	0.0	0.022727272727272728	0.022727272727272728	0.022727272727272728	0.0	4
Treponema	0	0.14285714285714285	0	0	0	0	0	0	0	0	0	0	0	0	0	0	0	0	0	0	0.0	0.01748251748251748	0.024475524475524476	0.006993006993006993	0.006993006993006993	0.0034965034965034965	0.013986013986013986	0.0	0.0034965034965034965	0.020979020979020976	0.010489510489510488	0.0034965034965034965	0.010489510489510488	0.0	0.0034965034965034965	0.006993006993006993	0.01748251748251748	0.010489510489510488	0.0034965034965034965	0.024475524475524476	26
Treponema_brennaborense_DSM_12168	0	0	0	0	0	0	0	0	0	0	0	0	0	0	0	0	0	0	0	0	0.0	0.0	0.030303030303030304	0.030303030303030304	0.0	0.030303030303030304	0.0	0.0	0.0	0.030303030303030304	0.0	0.0909090909090909	0.0	0.0	0.030303030303030304	0.0	0.030303030303030304	0.0	0.030303030303030304	0.0	3
Treponema_caldarium_DSM_7334	0.5	0.5	0	0	0	0	0	0	0	0	0	0	0	0	0	0	0	0	0	0	0.05454545454545454	0.01818181818181818	0.01818181818181818	0.01818181818181818	0.01818181818181818	0.0	0.05454545454545454	0.01818181818181818	0.0	0.01818181818181818	0.01818181818181818	0.03636363636363636	0.01818181818181818	0.03636363636363636	0.0	0.0	0.0	0.0	0.01818181818181818	0.0	5
Treponema_denticola	0	0	0	0	0	0	0	0	0	0	0	0	0	0	0	0	0	0	0	0	0.0	0.0	0.0	0.0	0.0	0.0	0.0	0.0	0.0	0.0	0.0	0.0	0.0	0.0	0.0	0.06818181818181818	0.06818181818181818	0.0	0.06818181818181818	0.022727272727272728	4
Treponema_denticola_ATCC_35405	0	0	0	0	0	0	0	0	0	0	0	0	0	0	0	0	0	0	0	0	0	0	0	0	0	0	0	0	0	0	0	0	0	0	0	0	0	0	0	0	0
Treponema_pallidum	0	0	0	0	0	0	0	0	0	0	0	0	0	0	0	0	0	0	0	0	0	0	0	0	0	0	0	0	0	0	0	0	0	0	0	0	0	0	0	0	0
Treponema_pallidum_subsp._pallidum	0	0	0	0	0	0	0	0	0	0	0	0	0	0	0	0	0	0	0	0	0	0	0	0	0	0	0	0	0	0	0	0	0	0	0	0	0	0	0	0	0
Treponema_pallidum_subsp._pertenue	0	0	0	0	0	0	0	0	0	0	0	0	0	0	0	0	0	0	0	0	0	0	0	0	0	0	0	0	0	0	0	0	0	0	0	0	0	0	0	0	0
Treponema_pedis	0	0	0	0	0	0	0	0	0	0	0	0	0	0	0	0	0	0	0	0	0.09090909090909091	0.0	0.0	0.09090909090909091	0.0	0.0	0.0	0.0	0.0	0.0	0.0	0.0	0.0	0.0	0.0	0.0	0.0	0.0	0.0	0.0	1
Treponema_phagedenis	0	0	0	0	0	0	0	0	0	0	0	0	0	0	0	0	0	0	0.3333333333333333	0	0.0	0.01818181818181818	0.01818181818181818	0.0	0.01818181818181818	0.01818181818181818	0.01818181818181818	0.0	0.01818181818181818	0.0	0.0	0.0	0.01818181818181818	0.01818181818181818	0.01818181818181818	0.01818181818181818	0.03636363636363636	0.0	0.045454545454545456	0.01818181818181818	10
Treponema_primitia_ZAS-2	0	0	0	0	0	0	0	0	0	0	0	0	0	0.5	0	0	0	0	0	0	0.045454545454545456	0.022727272727272728	0.022727272727272728	0.0	0.0	0.022727272727272728	0.0	0.022727272727272728	0.0	0.045454545454545456	0.06818181818181818	0.022727272727272728	0.022727272727272728	0.022727272727272728	0.0	0.0	0.022727272727272728	0.022727272727272728	0.0	0.0	4
Treponema_putidum	0	0	0	0	0	0	0	0	0	0	0	0	0	0	0	0	0	0	0	0	0.0	0.0	0.0	0.0	0.0	0.0	0.09090909090909091	0.0	0.0	0.0	0.0	0.0	0.0	0.09090909090909091	0.0	0.0	0.0	0.0	0.0	0.0	1
Treponema_socranskii_subsp._buccale	0	0	0	0	0	0	0	0	0.25	0	0.25	0	0	0.5	0	0	0.5	0	0	1.0	0.0	0.015151515151515152	0.015151515151515152	0.015151515151515152	0.015151515151515152	0.0	0.06060606060606061	0.030303030303030304	0.030303030303030304	0.0	0.04545454545454545	0.0	0.015151515151515152	0.015151515151515152	0.0	0.0	0.015151515151515152	0.0	0.0	0.04545454545454545	6
Treponema_succinifaciens_DSM_2489	0	0	0.5	0	0.5	0	0	0	0	0	0	0	0	0	0	0	0	0	0	0	0.011363636363636364	0.011363636363636364	0.022727272727272728	0.0	0.011363636363636364	0.0	0.0	0.011363636363636364	0.022727272727272728	0.0	0.022727272727272728	0.0	0.011363636363636364	0.011363636363636364	0.011363636363636364	0.0	0.022727272727272728	0.0	0.0	0.0	8
Veillonella_parvula	0	0	0	0	0	0	0	0	0	0	0	0	0	0	0	0	0	0	0	0	0	0	0	0	0	0	0	0	0	0	0	0	0	0	0	0	0	0	0	0	0
Vesicular_stomatitis_Indiana_virus	0	0	0	0	0	0	0	0	0	0	0	0	0	0	0	0	0	0	0	0	0	0	0	0	0	0	0	0	0	0	0	0	0	0	0	0	0	0	0	0	0
Vibrio_anguillarum	0	0	0	0	0	0	0	0	0	0	0	0	0	0	0	0	0	0	0	0	0	0	0	0	0	0	0	0	0	0	0	0	0	0	0	0	0	0	0	0	0
Vibrio_cholerae	0	0	0	0	0	0	0	0	0	0	1.0	0	0	0	0	0	0	0	0	0	0.0	0.0	0.0	0.03896103896103896	0.025974025974025976	0.0	0.0	0.0	0.0	0.0	0.012987012987012988	0.05194805194805195	0.012987012987012988	0.0	0.012987012987012988	0.07792207792207792	0.0	0.012987012987012988	0.012987012987012988	0.0	7
Vibrio_furnissii	0	0	0	0	0	0	0	0	0	0	0.5	0	0	0	0	0	0	0	0	0	0.045454545454545456	0.0	0.0	0.0	0.0	0.0	0.0	0.045454545454545456	0.0	0.045454545454545456	0.045454545454545456	0.0	0.045454545454545456	0.045454545454545456	0.0	0.045454545454545456	0.0	0.045454545454545456	0.0	0.0	2
Vibrio_furnissii_NCTC_11218	0	0	0	1.0	0	0	0	0	0	0	0	0	0	0	0	0	0	0	0	0	0.0	0.0	0.0	0.09090909090909091	0.0	0.0	0.0	0.0	0.0	0.0	0.0	0.0	0.01818181818181818	0.0	0.01818181818181818	0.0	0.0	0.07272727272727272	0.0	0.0	5
Vibrio_parahaemolyticus	0	0	0	0	0	0	0	0	0	0	0	0	0	0	0	0	1.0	0	0	0	0.08712121212121211	0.0	0.001893939393939394	0.001893939393939394	0.0	0.001893939393939394	0.0	0.0	0.001893939393939394	0.001893939393939394	0.001893939393939394	0.0	0.0	0.0	0.0	0.0	0.001893939393939394	0.003787878787878788	0.0	0.001893939393939394	48
Vibrio_splendidus	0	0	0	0	0	0	0	0	0	0	0	0	0	0	0	0	0	0	0	0	0.0	0.0	0.06818181818181818	0.0	0.06818181818181818	0.0	0.022727272727272728	0.0	0.0	0.0	0.022727272727272728	0.0	0.022727272727272728	0.022727272727272728	0.0	0.045454545454545456	0.0	0.0	0.0	0.022727272727272728	4
Vibrio_vulnificus	0	0	0	0	0	0	0	0	0.5	0	0	0	0	0.5	0	0	0	0	0	0	0.0	0.030303030303030304	0.030303030303030304	0.06060606060606061	0.030303030303030304	0.0	0.0	0.030303030303030304	0.06060606060606061	0.06060606060606061	0.030303030303030304	0.0	0.06060606060606061	0.030303030303030304	0.030303030303030304	0.0	0.0	0.0	0.030303030303030304	0.0	3
Yersinia_aldovae	0	0	0	0	0	0	0	0	0	0	0	0	0	0	0	0	0	0	0	0	0	0	0	0	0	0	0	0	0	0	0	0	0	0	0	0	0	0	0	0	0
Yersinia_aleksiciae	0	0	0	0	0	0	0	0	0	0	0	0	0	0	0	0	0	0	0	0	0.0	0.0	0.0	0.0	0.015151515151515152	0.0	0.0	0.0	0.0	0.0	0.0	0.0	0.0	0.0	0.015151515151515152	0.015151515151515152	0.030303030303030304	0.04545454545454545	0.0	0.015151515151515152	6
Yersinia_enterocolitica	0	0	0	0	0	0	0	0	0	0	0	0	0	0	0	0	0	0	0	0	0.09090909090909091	0.0	0.0	0.0	0.0	0.09090909090909091	0.0	0.0	0.0	0.0	0.0	0.0	0.0	0.0	0.09090909090909091	0.0	0.0	0.0	0.0	0.09090909090909091	1
Yersinia_intermedia	0	0	0	0	0	0	0	0	0	0	0	0	0	0	0	0	0	0	0	0	0.0	0.0	0.0	0.0	0.0	0.0	0.0	0.0	0.0	0.0	0.0	0.0	0.09090909090909091	0.0	0.0	0.0	0.0	0.0	0.0	0.0	1
Yersinia_pestis	0	0	0	0	0	0	0	0	0	0	0	0	0	0	0	0	0	0	0	0	0	0	0	0	0	0	0	0	0	0	0	0	0	0	0	0	0	0	0	0	0
Yersinia_pestis_CO92	0	0	0	0	0	0	0	0	0	0	0	0	0	0	0	0	0	0	0	0	0	0	0	0	0	0	0	0	0	0	0	0	0	0	0	0	0	0	0	0	0
Yersinia_pestis_subsp._pestis_bv._Medievalis	0	0	0	0	0	0	0	0	0	0	0	0	0	0	0	0	0	0	0	0	0.0	0.0	0.0	0.0	0.0	0.0	0.09090909090909091	0.0	0.0	0.0	0.0	0.0	0.0	0.0	0.0	0.0	0.045454545454545456	0.0	0.0	0.0	2
Yersinia_pseudotuberculosis	0	0	0	0	0	0	0	0	0	0	0	0	0	0	0	0	0	0	0	0	0	0	0	0	0	0	0	0	0	0	0	0	0	0	0	0	0	0	0	0	0
Yersinia_pseudotuberculosis_complex	0	0	0	0	0	0	0	0	0	0	0	0	0	0	0	0	0	0	0	0	0.0	0.0	0.0	0.0	0.0	0.0	0.0	0.0	0.0	0.0	0.06818181818181818	0.0	0.0	0.0	0.06818181818181818	0.0	0.022727272727272728	0.0	0.0	0.022727272727272728	4
Yersinia_rohdei	0	0	0	0	0	0	0	0	0	0	0	0	0	0	0	0	0	0	0	0	0	0	0	0	0	0	0	0	0	0	0	0	0	0	0	0	0	0	0	0	0
Yersinia_ruckeri	0	0	0	0	0	0	0	0	0	0	0	0	0	0	0	0	0	0	0	0	0.045454545454545456	0.0	0.045454545454545456	0.0	0.0	0.09090909090909091	0.0	0.0	0.0	0.0	0.0	0.0	0.022727272727272728	0.022727272727272728	0.06818181818181818	0.0	0.0	0.022727272727272728	0.0	0.045454545454545456	4
