Node	C>T_1	C>T_2	C>T_3	C>T_4	C>T_5	C>T_6	C>T_7	C>T_8	C>T_9	C>T_10	G>A_11	G>A_12	G>A_13	G>A_14	G>A_15	G>A_16	G>A_17	G>A_18	G>A_19	G>A_20	D>V(11Substitution)_1	D>V(11Substitution)_2	D>V(11Substitution)_3	D>V(11Substitution)_4	D>V(11Substitution)_5	D>V(11Substitution)_6	D>V(11Substitution)_7	D>V(11Substitution)_8	D>V(11Substitution)_9	D>V(11Substitution)_10	H>B(11Substitution)_11	H>B(11Substitution)_12	H>B(11Substitution)_13	H>B(11Substitution)_14	H>B(11Substitution)_15	H>B(11Substitution)_16	H>B(11Substitution)_17	H>B(11Substitution)_18	H>B(11Substitution)_19	H>B(11Substitution)_20	considered_Matches
Actinobacillus_equuli	0	0	0	0	0	0	0	0	0	0	0	0	0	0	0	0	0	0	0	0	0.0	0.0	0.0	0.0	0.09090909090909091	0.0	0.0	0.0	0.0	0.0	0.09090909090909091	0.0	0.0	0.0	0.0	0.0	0.0	0.0	0.0	0.0	1
Actinobacillus_pleuropneumoniae	0	0	0	0	0	0	0	0	0	0	0	0	0	0	0	0	0	0	0	0	0.0	0.07575757575757576	0.0	0.0	0.07575757575757576	0.0	0.0	0.015151515151515152	0.0	0.0	0.0	0.0	0.0	0.0	0.007575757575757576	0.0	0.0	0.08333333333333333	0.0	0.0	12
African_swine_fever_virus	0	0	0	0	0	0	0	0	0	0	0	0	0	0	0	0	0	0	0	0	0	0	0	0	0	0	0	0	0	0	0	0	0	0	0	0	0	0	0	0	0
Aphthovirus	0	0	0	0	0	0	0	0	0	0	0	0	0	0	0	0	0	0	0	0	0	0	0	0	0	0	0	0	0	0	0	0	0	0	0	0	0	0	0	0	0
Arcanobacterium_haemolyticum	0	0	0	0	0.14285714285714285	0	0	0	0	0	0	0	0	0	0	0	0	0	0	0	0.00909090909090909	0.0	0.0	0.00909090909090909	0.01818181818181818	0.00909090909090909	0.0	0.0	0.0	0.00909090909090909	0.0	0.0	0.02727272727272727	0.0	0.01818181818181818	0.0	0.0	0.0	0.0	0.01818181818181818	10
Aspergillus_fumigatus	0	0	0	0	0	0	0	0	0	0	0	0	0	0	0	0	0	0	0	0	0	0	0	0	0	0	0	0	0	0	0	0	0	0	0	0	0	0	0	0	0
Bartonella_bacilliformis	0	0	0	0	0	0	0	0	0	0	0	0	0	0	0	0	0	0	0	0	0.0	0.0	0.0	0.0	0.0	0.0	0.09090909090909091	0.0	0.0	0.0	0.0	0.0	0.0	0.0	0.0	0.0	0.0	0.0	0.0	0.0	1
Bartonella_henselae	0	0	0	0	0	0	0	0	0	0	0	0	0	0	0	0	0	0	0	0	0.09090909090909091	0.0	0.0	0.0	0.0	0.0	0.09090909090909091	0.0	0.0	0.0	0.045454545454545456	0.0	0.0	0.0	0.045454545454545456	0.0	0.0	0.045454545454545456	0.0	0.0	2
Bartonella_quintana	0	0	0	0	0	0	0	0	0	0	0	0	0	0	0	0	0	0	0	0	0	0	0	0	0	0	0	0	0	0	0	0	0	0	0	0	0	0	0	0	0
Blastomyces_dermatitidis	0	0	0	0	0	0	0	0	0	0	0	0	0	0	0	0	0	0	0	0	0	0	0	0	0	0	0	0	0	0	0	0	0	0	0	0	0	0	0	0	0
Bordetella_bronchialis	0.045454545454545456	0.0967741935483871	0	0	0.041666666666666664	0	0.04	0.12121212121212122	0	0.041666666666666664	0.07407407407407407	0.0625	0.1111111111111111	0.03333333333333333	0	0	0.12903225806451613	0	0	0.03225806451612903	0.011363636363636364	0.022727272727272728	0.011363636363636364	0.010330578512396695	0.024793388429752063	0.008264462809917356	0.010330578512396695	0.012396694214876032	0.012396694214876032	0.009297520661157025	0.006198347107438016	0.006198347107438016	0.01859504132231405	0.01756198347107438	0.008264462809917356	0.013429752066115703	0.01756198347107438	0.012396694214876032	0.01652892561983471	0.012396694214876032	88
Bordetella_bronchiseptica	0.12	0	0.037037037037037035	0.17857142857142858	0.045454545454545456	0.06896551724137931	0.038461538461538464	0	0.06060606060606061	0.05263157894736842	0	0.045454545454545456	0.16666666666666666	0.2	0	0.038461538461538464	0	0.05	0.045454545454545456	0	0.018411967779056387	0.018411967779056387	0.01380897583429229	0.01726121979286536	0.014959723820483314	0.020713463751438437	0.01380897583429229	0.00805523590333717	0.009205983889528193	0.011507479861910242	0.009205983889528193	0.019562715765247412	0.01380897583429229	0.019562715765247412	0.0034522439585730723	0.01726121979286536	0.01611047180667434	0.01380897583429229	0.011507479861910242	0.009205983889528193	79
Bordetella_genomosp._13	0.02564102564102564	0.07142857142857142	0	0.05714285714285714	0.11538461538461539	0.03125	0.06451612903225806	0	0.10810810810810811	0	0	0.0967741935483871	0	0	0.07692307692307693	0.06451612903225806	0.08823529411764706	0	0.08	0.04	0.007497656982193065	0.006560449859418931	0.013120899718837863	0.008434864104967198	0.00937207122774133	0.00937207122774133	0.008434864104967198	0.008434864104967198	0.014058106841611994	0.007497656982193065	0.014058106841611994	0.00937207122774133	0.007497656982193065	0.01499531396438613	0.016869728209934397	0.013120899718837863	0.015932521087160263	0.01499531396438613	0.01499531396438613	0.011246485473289596	97
Bordetella_pertussis	0	0	0	0	0	0.046052631578947366	0	0.16176470588235295	0	0	0	0	0	0	0	0	0	0	0	0	0.022964509394572025	0.041943442778515846	0.008160941355095843	0.027519453406718544	0.0064528373505409	0.023533877396090343	0.008350730688935281	0.012146517365724047	0.0041753653444676405	0.003416208009109888	3.795786676788765E-4	3.795786676788765E-4	0.00531410134750427	5.693680015183147E-4	0.01916872271778326	0.02448282406528753	0.003605997342949326	7.59157335357753E-4	0.021825773391535398	0.011387360030366292	479
Bordetella_pertussis_137	0	0	0	0	0	0	0	0	0	0	0.19444444444444445	0	0	0	0	0	0	0	0	0	9.519276534983342E-4	0.041884816753926704	0.039504997620180865	0.008567348881485007	0.010947168015230843	0.0	0.0033317467872441696	0.006663493574488339	0.007615421227986674	0.0019038553069966684	0.01475487862922418	0.0	0.013802950975725843	0.0	0.03093764873869586	0.028081865778200855	0.010947168015230843	0.011899095668729178	0.027605901951451687	0.005235602094240838	191
Bordetella_pertussis_18323	0	0	0	0	0	0	0	0	1.0	0	0	0	0	0	0	0	0	0	0	0	0.0	0.0	0.08897485493230174	0.0	0.0019342359767891683	0.0	0.0909090909090909	0.0	0.08897485493230174	0.0	0.0	0.0	0.0	0.08704061895551257	0.0	0.0	0.08704061895551257	0.0	0.0	0.0	47
Bordetella_petrii	0	0.058823529411764705	0.047619047619047616	0.03333333333333333	0.05	0	0	0.05	0	0.11538461538461539	0	0	0.06060606060606061	0.045454545454545456	0.09375	0.09090909090909091	0	0.047619047619047616	0.038461538461538464	0.10526315789473684	0.011764705882352941	0.017112299465240642	0.011764705882352941	0.01283422459893048	0.014973262032085561	0.013903743315508022	0.008556149732620321	0.008556149732620321	0.014973262032085561	0.013903743315508022	0.0074866310160427805	0.01283422459893048	0.00641711229946524	0.0160427807486631	0.0106951871657754	0.0106951871657754	0.009625668449197862	0.0160427807486631	0.011764705882352941	0.014973262032085561	85
Bordetella_trematum	0	0	0.1111111111111111	0	0	0	0.16666666666666666	0	0	0	0.05128205128205128	0.02564102564102564	0	0.08108108108108109	0.11428571428571428	0.02127659574468085	0.05555555555555555	0.08	0	0.04	0.016363636363636365	0.011818181818181818	0.015454545454545453	0.01818181818181818	0.007272727272727273	0.007272727272727273	0.014545454545454545	0.013636363636363636	0.006363636363636364	0.010909090909090908	0.007272727272727273	0.004545454545454545	0.016363636363636365	0.014545454545454545	0.012727272727272728	0.005454545454545454	0.013636363636363636	0.011818181818181818	0.010909090909090908	0.002727272727272727	100
Borrelia_crocidurae	0	0	0	0	0	0	0	0	0	0	0	0	0	0	0	0	0	0	0	0	0	0	0	0	0	0	0	0	0	0	0	0	0	0	0	0	0	0	0	0	0
Borrelia_recurrentis	0	0	0	0	0	0	0	0	0	0	0	0	0	0	0	0	0	0	0	0	0	0	0	0	0	0	0	0	0	0	0	0	0	0	0	0	0	0	0	0	0
Borreliella_afzelii	0	0	0	0	0	0	0	0	0	0	0	0	0	0	0	0	0	0	0	0	0	0	0	0	0	0	0	0	0	0	0	0	0	0	0	0	0	0	0	0	0
Borreliella_burgdorferi	0	0	0	0	0	0	0	0	0	0	0	0	0	0	0	0	0	0	0	0	0	0	0	0	0	0	0	0	0	0	0	0	0	0	0	0	0	0	0	0	0
Borreliella_garinii	0	0	0	0	0	0	0	0	0	0	0	0	0	0	0	0	0	0	0	0	0	0	0	0	0	0	0	0	0	0	0	0	0	0	0	0	0	0	0	0	0
Bovine_rhinitis_A_virus	0	0	0	0	0	0	0	0	0	0	0	0	0	0	0	0	0	0	0	0	0	0	0	0	0	0	0	0	0	0	0	0	0	0	0	0	0	0	0	0	0
Brucella_abortus	0	0	0	0	0	0	0	0	0	0	0	0	0	0	0	0	1.0	0	0	0	0.0	0.0	0.0	0.0	0.0	0.0	0.0	0.0	0.0	0.0	0.0	0.022727272727272728	0.0	0.0	0.0	0.0	0.06818181818181818	0.0	0.0	0.0	4
Brucella_abortus_bv._6_str._870	0	0	0	0	0	0	0	0	0	0	0	0	0	0	0	0	0	0	0	0	0.0	0.0	0.0	0.0	0.0	0.0	0.0	0.0	0.0	0.0	0.09090909090909091	0.0	0.0	0.0	0.09090909090909091	0.0	0.0	0.0	0.0	0.0	1
Brucella_canis	0	0	0	0	0	0	0	0	0	0	0	0	0	0	0	0	0	0	0	0	0	0	0	0	0	0	0	0	0	0	0	0	0	0	0	0	0	0	0	0	0
Brucella_melitensis	0	0	0	0	0	0	0	0	0	0	0	0	0	0	0	0	0	0	0	0	0	0	0	0	0	0	0	0	0	0	0	0	0	0	0	0	0	0	0	0	0
Brucella_microti	0	0	0	0	0	0	0	0	0	0	0	0	0	0	0	0	0	0	0	0	0	0	0	0	0	0	0	0	0	0	0	0	0	0	0	0	0	0	0	0	0
Brucella_ovis	0	0	0	0	0	0	0	0	0	0	0	0	0	0	0	0	0	0	0	0	0	0	0	0	0	0	0	0	0	0	0	0	0	0	0	0	0	0	0	0	0
Brucella_ovis_ATCC_25840	0	0	0	0	0	0	0	0	0	0	0	0.16666666666666666	0	0	0	0	0	0	0	0	0.010101010101010102	0.0	0.010101010101010102	0.010101010101010102	0.020202020202020204	0.010101010101010102	0.0	0.010101010101010102	0.020202020202020204	0.010101010101010102	0.020202020202020204	0.020202020202020204	0.010101010101010102	0.0	0.020202020202020204	0.04040404040404041	0.0	0.0	0.010101010101010102	0.020202020202020204	9
Brucella_suis	0	0	0	0	0	0	0	0	0	0	0	0	0	0	0	0	0	0	0	0	0	0	0	0	0	0	0	0	0	0	0	0	0	0	0	0	0	0	0	0	0
Brucella_suis_bv._2	0	0	0	0	0	0	0	0	0	0	0	0	0	0	0	0	0	0	0	0	0.0	0.0	0.0	0.0	0.0	0.0	0.0	0.09090909090909091	0.0	0.0	0.045454545454545456	0.0	0.0	0.0	0.0	0.0	0.045454545454545456	0.045454545454545456	0.0	0.045454545454545456	2
Burkholderia_cepacia	0.017857142857142856	0.058823529411764705	0	0	0.07575757575757576	0.013513513513513514	0.07407407407407407	0	0.015625	0.047619047619047616	0.03389830508474576	0.023255813953488372	0.1111111111111111	0	0.06060606060606061	0	0.19047619047619047	0.037037037037037035	0.045454545454545456	0.03636363636363636	0.00800753650494583	0.015073009891662742	0.02119642016015073	0.014601978332548282	0.012717852096090438	0.013659915214319359	0.0131888836552049	0.007065473386716909	0.009891662741403675	0.010833725859632595	0.004710315591144607	0.0051813471502590676	0.011775788977861518	0.02213848327837965	0.01601507300989166	0.008478568064060292	0.014130946773433819	0.012717852096090438	0.009420631182289214	0.010362694300518135	193
Burkholderia_cepacia_ATCC_25416	0.2463768115942029	0.0425531914893617	0	0	0	0.08333333333333333	0.23076923076923078	0	0	0	0	0	0.1111111111111111	0	0.025	0.044444444444444446	0	0	0.04672897196261682	0.13793103448275862	0.01639344262295082	0.025335320417287633	0.009935419771485345	0.022851465474416292	0.00546448087431694	0.003477396920019871	0.02334823646299056	0.009438648782911079	0.008445106805762543	0.009438648782911079	0.007451564828614008	0.018877297565822158	0.010432190760059613	0.0014903129657228016	0.01788375558867362	0.00894187779433681	0.020864381520119227	0.010432190760059613	0.004470938897168405	0.008445106805762543	183
Burkholderia_cepacia_JBK9	0	0	0.15384615384615385	0.10526315789473684	0.09523809523809523	0.13333333333333333	0	0	0.15	0.05263157894736842	0	0	0.1	0	0	0.05555555555555555	0.10526315789473684	0	0	0	0.00974025974025974	0.00974025974025974	0.021103896103896104	0.012987012987012988	0.011363636363636364	0.022727272727272728	0.014610389610389612	0.011363636363636364	0.00974025974025974	0.012987012987012988	0.0016233766233766235	0.00487012987012987	0.012987012987012988	0.012987012987012988	0.017857142857142856	0.02435064935064935	0.017857142857142856	0.014610389610389612	0.016233766233766232	0.00487012987012987	56
Burkholderia_gladioli	0.03018867924528302	0.09120521172638436	0.0875	0.055776892430278883	0.07392996108949416	0.06694560669456066	0.013100436681222707	0.024305555555555556	0.0364963503649635	0.07075471698113207	0.027149321266968326	0.027586206896551724	0.137546468401487	0.020080321285140562	0	0.003952569169960474	0.06147540983606557	0.08292682926829269	0.03139013452914798	0.039647577092511016	0.00836451683909311	0.015078142196786265	0.01672903367818622	0.01133612150561303	0.012766894122826326	0.010235527184679728	0.006933744221879815	0.00825445740699978	0.007043803653973146	0.00836451683909311	0.005392912172573189	0.008584635703279771	0.01397754787585296	0.009905348888399735	0.009134932863746423	0.00814439797490645	0.010345586616773057	0.014747963900506273	0.010785824345146378	0.010675764913053049	826
Burkholderia_gladioli_BSR3	0	0	0.03225806451612903	0	0.08333333333333333	0.029411764705882353	0	0	0	0.17142857142857143	0.24	0	0.058823529411764705	0	0.05128205128205128	0	0	0	0.15384615384615385	0	0.0106951871657754	0.0042780748663101605	0.01818181818181818	0.0042780748663101605	0.013903743315508022	0.0042780748663101605	0.027807486631016044	0.009625668449197862	0.0160427807486631	0.017112299465240642	0.019251336898395723	0.0021390374331550803	0.017112299465240642	0.017112299465240642	0.0074866310160427805	0.0021390374331550803	0.01818181818181818	0.01818181818181818	0.014973262032085561	0.011764705882352941	85
Burkholderia_gladioli_pv._gladioli	0.026041666666666668	0.06701030927835051	0.0211864406779661	0.005263157894736842	0.05069124423963134	0.03278688524590164	0.07692307692307693	0.02531645569620253	0.0898876404494382	0.014705882352941176	0.03867403314917127	0.017341040462427744	0.022598870056497175	0.02564102564102564	0.011494252873563218	0.01652892561983471	0.0189873417721519	0.023952095808383235	0.07386363636363637	0.07142857142857142	0.012574071397600809	0.009394421159127041	0.013874837404249168	0.009105362046538518	0.012429541841306548	0.009828009828009828	0.01676542853013441	0.011562364503540973	0.011128775834658187	0.009105362046538518	0.009828009828009828	0.014308426073131956	0.010695187165775402	0.016187310304957365	0.009105362046538518	0.01127330539095245	0.016042780748663103	0.007371007371007371	0.009828009828009828	0.01127330539095245	629
Burkholderia_mallei	0	0	0	0	0	0.6666666666666666	0.3333333333333333	0	0	0	0	0	0	0	0	0	0	0	0	0	0.024793388429752063	0.012396694214876032	0.0	0.008264462809917356	0.008264462809917356	0.024793388429752063	0.012396694214876032	0.0	0.028925619834710745	0.0	0.008264462809917356	0.0	0.024793388429752063	0.008264462809917356	0.03305785123966942	0.0	0.0	0.0371900826446281	0.024793388429752063	0.02066115702479339	22
Burkholderia_multivorans	0.09550561797752809	0.0718562874251497	0.03317535545023697	0.009216589861751152	0.03977272727272727	0.05142857142857143	0.028901734104046242	0.04149377593360996	0.022727272727272728	0.030456852791878174	0.020689655172413793	0.017045454545454544	0.0379746835443038	0.0797872340425532	0.009852216748768473	0.12643678160919541	0.029411764705882353	0.06018518518518518	0.006024096385542169	0.009174311926605505	0.010582010582010581	0.010902677569344236	0.013628346961680296	0.008177008177008177	0.012506012506012507	0.008337341670675005	0.008658008658008658	0.007215007215007215	0.008337341670675005	0.00801667468334135	0.011063011063011063	0.015712682379349044	0.01667468334135001	0.008658008658008658	0.010582010582010581	0.013949013949013949	0.011063011063011063	0.010421677088343755	0.014269680936347605	0.008177008177008177	567
Burkholderia_multivorans_ATCC_17616	0.20689655172413793	0	0	0	0	0	0	0	0	0	0.03333333333333333	0.03508771929824561	0.14583333333333334	0	0	0	0	0.13513513513513514	0	0.038461538461538464	0.01456876456876457	0.0	0.005827505827505827	0.006993006993006992	0.018648018648018648	0.01282051282051282	0.003496503496503496	0.002331002331002331	0.01456876456876457	0.002331002331002331	0.012237762237762238	0.00641025641025641	0.009906759906759906	0.00874125874125874	0.005244755244755245	0.016317016317016316	0.00874125874125874	0.009906759906759906	0.016317016317016316	0.011072261072261072	156
Burkholderia_multivorans_ATCC_BAA-247	0.14285714285714285	0.030303030303030304	0	0	0	0	0.1111111111111111	0.030303030303030304	0.05405405405405406	0	0	0.05714285714285714	0	0	0.05	0	0	0.08695652173913043	0.04	0	0.010356731875719219	0.010356731875719219	0.011507479861910242	0.014384349827387804	0.009205983889528193	0.01380897583429229	0.015535097813578827	0.009205983889528193	0.01093210586881473	0.0023014959723820483	0.006904487917146145	0.023014959723820484	0.014384349827387804	0.011507479861910242	0.01668584579976985	0.01380897583429229	0.013233601841196778	0.01611047180667434	0.009781357882623706	0.004027617951668585	158
Burkholderia_pseudomallei	0.09042553191489362	0.024822695035460994	0.014705882352941176	0	0.010256410256410256	0.1318181818181818	0.017543859649122806	0	0.014423076923076924	0	0.005952380952380952	0.029411764705882353	0.009708737864077669	0.06589147286821706	0.06179775280898876	0.004807692307692308	0.026737967914438502	0.05194805194805195	0.03686635944700461	0.005747126436781609	0.0079232693911593	0.007367250486516542	0.021406727828746176	0.010981373366694467	0.01292743953294412	0.014456491520711705	0.010703363914373088	0.012093411175979984	0.013066444259104809	0.009174311926605505	0.02015568529329997	0.014734500973033084	0.01834862385321101	0.014595496246872394	0.005421184320266889	0.010147345009730331	0.01028634973589102	0.014456491520711705	0.014456491520711705	0.012232415902140673	654
Burkholderia_pseudomallei_1106b	0.13043478260869565	0.05555555555555555	0.03125	0	0.03333333333333333	0	0	0	0.07692307692307693	0	0	0	0.125	0	0	0	0	0	0.7142857142857143	0	0.005285412262156448	0.02536997885835095	0.026427061310782242	0.017970401691331923	0.009513742071881607	0.011627906976744186	0.0021141649048625794	0.006342494714587738	0.004228329809725159	0.0021141649048625794	0.008456659619450317	0.0	0.004228329809725159	0.0021141649048625794	0.008456659619450317	0.007399577167019027	0.015856236786469344	0.02431289640591966	0.03488372093023256	0.035940803382663845	86
Burkholderia_pseudomallei_1710a	0	0	0	0	0	0	0	0	0	0	0	0	0	0	0	0	0	0	0	0	0.0	0.03305785123966942	0.0	0.008264462809917356	0.0	0.0	0.008264462809917356	0.05785123966942149	0.01652892561983471	0.008264462809917356	0.008264462809917356	0.0	0.01652892561983471	0.04132231404958678	0.0	0.0	0.04958677685950413	0.0	0.01652892561983471	0.0	11
Burkholderia_pseudomallei_1710b	0	0	0	0	0	0	0	0	0	0	0	0	0	0	0	0	0	0	0	0	0.0	0.0	0.0	0.0	0.0	0.0	0.0	0.0	0.011363636363636364	0.0	0.03409090909090909	0.0	0.0	0.0	0.0	0.0	0.03409090909090909	0.011363636363636364	0.03409090909090909	0.03409090909090909	8
Burkholderia_pseudomallei_7894	0.25	0	0	0	0	0	0	0.16666666666666666	0	0	0.3333333333333333	0	0	0	0	1.0	0	0	0	0	0.008264462809917356	0.0	0.008264462809917356	0.008264462809917356	0.0	0.04958677685950413	0.0	0.01652892561983471	0.0	0.008264462809917356	0.04958677685950413	0.04958677685950413	0.0	0.0	0.04132231404958678	0.008264462809917356	0.01652892561983471	0.01652892561983471	0.008264462809917356	0.05785123966942149	11
Burkholderia_pseudomallei_B03	0	0	0	0.2	0	0	0	0	0	0	0.4	0	0	0	0	0	0	0.09090909090909091	0	0	0.003787878787878788	0.003787878787878788	0.003787878787878788	0.01893939393939394	0.01893939393939394	0.0	0.030303030303030304	0.007575757575757576	0.007575757575757576	0.007575757575757576	0.01893939393939394	0.011363636363636362	0.003787878787878788	0.007575757575757576	0.003787878787878788	0.015151515151515152	0.007575757575757576	0.007575757575757576	0.003787878787878788	0.003787878787878788	24
Burkholderia_pseudomallei_MSHR1153	0	0	0	0	0	0	0	0	0	0.3333333333333333	0	0	0	0	0	0	0	0.5	0	0	0.022727272727272728	0.0	0.011363636363636364	0.022727272727272728	0.0	0.0	0.0	0.0	0.011363636363636364	0.011363636363636364	0.0	0.0	0.0	0.045454545454545456	0.045454545454545456	0.0	0.0	0.056818181818181816	0.056818181818181816	0.0	8
Burkholderia_pseudomallei_MSHR2543	0	0	0	0	0	0	0	0	0	0	0	0	0	0	0	0	0	0	0	0	0.028708133971291863	0.019138755980861243	0.004784688995215311	0.014354066985645932	0.019138755980861243	0.0	0.0	0.004784688995215311	0.014354066985645932	0.009569377990430622	0.009569377990430622	0.023923444976076555	0.0	0.009569377990430622	0.03349282296650718	0.009569377990430622	0.014354066985645932	0.009569377990430622	0.004784688995215311	0.03349282296650718	19
Burkholderia_pseudomallei_MSHR346	0	0.25	0.5	0.5	0	0	0	0	1.0	0	0	0	0	0	0.6666666666666666	0	0	0	0	0.5714285714285714	0.0	0.012121212121212121	0.024242424242424242	0.012121212121212121	0.0	0.0	0.0	0.024242424242424242	0.048484848484848485	0.0	0.0	0.0	0.0	0.0	0.03636363636363636	0.01818181818181818	0.006060606060606061	0.006060606060606061	0.0	0.024242424242424242	15
Burkholderia_pseudomallei_MSHR435	0.5	0	0	0.5	0	0	0	0	0	0	0	0	0	0	0	0	0	0	0	0	0.050505050505050504	0.0	0.0303030303030303	0.010101010101010102	0.0303030303030303	0.010101010101010102	0.010101010101010102	0.020202020202020204	0.04040404040404041	0.0	0.010101010101010102	0.0	0.0	0.0	0.0303030303030303	0.0	0.0	0.0	0.010101010101010102	0.010101010101010102	9
Burkholderia_pseudomallei_NCTC_13179	0	0	0	0	0	0	0	1.0	0	0.14285714285714285	0	0	0	0	0	0	0	0	0	0	0.0	0.005681818181818182	0.0	0.011363636363636364	0.03409090909090909	0.022727272727272728	0.005681818181818182	0.045454545454545456	0.0	0.005681818181818182	0.0	0.03409090909090909	0.022727272727272728	0.0	0.005681818181818182	0.03977272727272727	0.03409090909090909	0.011363636363636364	0.03409090909090909	0.011363636363636364	16
Burkholderia_pseudomallei_Pasteur_52237	0	0	0	0	0	0	0	0	0	0	0	0	0	0	0	0	0	0	0	0	0.022727272727272728	0.022727272727272728	0.022727272727272728	0.0	0.022727272727272728	0.0	0.0	0.022727272727272728	0.0	0.0	0.022727272727272728	0.0	0.0	0.0	0.0	0.0	0.0	0.022727272727272728	0.06818181818181818	0.0	4
Campylobacter_coli	0	0	0	0	0	0	0	0	0	0	0	0	0	0	0	0	0	0	0	0	0.0	0.0	0.0	0.09090909090909091	0.09090909090909091	0.0	0.0	0.0	0.0	0.0	0.0	0.0	0.0	0.0	0.0	0.08636363636363636	0.0	0.0	0.0	0.0	20
Campylobacter_fetus	0	0	0	0	0	0	0	0	0	0	0	0	0	0	0	0	0	0	0	0	0	0	0	0	0	0	0	0	0	0	0	0	0	0	0	0	0	0	0	0	0
Campylobacter_gracilis	0	0	0	0	0	0	0	0	0	0	0	0	0	0	0	0	0	0	0	0	0.0	0.0	0.0	0.0	0.0	0.0	0.0	0.0	0.0	0.0	0.0	0.0	0.06060606060606061	0.07575757575757576	0.07575757575757576	0.015151515151515152	0.06060606060606061	0.015151515151515152	0.0	0.0	6
Campylobacter_showae	0	0	0	0	0	0	0	0	0	0	0	0	0	0	0	0.5	0	0	0	0	0.0	0.022727272727272728	0.022727272727272728	0.0	0.0	0.022727272727272728	0.0	0.0	0.0	0.0	0.0	0.0	0.0	0.0	0.0	0.022727272727272728	0.0	0.022727272727272728	0.022727272727272728	0.022727272727272728	4
Canine_morbillivirus	0	0	0	0	0	0	0	0	0	0	0	0	0	0	0	0	0	0	0	0	0	0	0	0	0	0	0	0	0	0	0	0	0	0	0	0	0	0	0	0	0
Chlamydia_abortus	0	0	0	0	0	0	0	0	0	0	0	0	0	0	0	0	0	0	0	0	0	0	0	0	0	0	0	0	0	0	0	0	0	0	0	0	0	0	0	0	0
Chlamydia_caviae	0	0	0	0	0	0	0	0	0	0	0	0	0	0	0	0	0	0	0	0	0	0	0	0	0	0	0	0	0	0	0	0	0	0	0	0	0	0	0	0	0
Chlamydia_felis	0	0	0	0	0	0	0	0	0	0	0	0	0	0	0	0	0	0	0	0	0	0	0	0	0	0	0	0	0	0	0	0	0	0	0	0	0	0	0	0	0
Chlamydia_muridarum	0	0	0	0	0	0	0	0	0	0	0	0	0	0	0	0	0	0	0	0	0	0	0	0	0	0	0	0	0	0	0	0	0	0	0	0	0	0	0	0	0
Chlamydia_pecorum	0	0	0	0	0	0	0	0	0	0	0	0	0	0	0	0	0	0	0	0	0	0	0	0	0	0	0	0	0	0	0	0	0	0	0	0	0	0	0	0	0
Chlamydia_pneumoniae	0	0	0	0	0	0	0	0	0	0	0	0	0	0	0	0	0	0	0	0	0	0	0	0	0	0	0	0	0	0	0	0	0	0	0	0	0	0	0	0	0
Chlamydia_psittaci	0	0	0	0	0	0	0	0	0	0	0	0	0	0	0	0	0	0	0	0	0	0	0	0	0	0	0	0	0	0	0	0	0	0	0	0	0	0	0	0	0
Chlamydia_suis	0	0	0	0	0	0	0	0	0	0	0	0	0	0	0	0	0	0	0	0	0.0	0.09090909090909091	0.0	0.0	0.0	0.0	0.0	0.09090909090909091	0.0	0.0	0.0	0.0	0.0	0.0	0.0	0.0	0.0	0.0	0.0	0.0	1
Chlamydia_trachomatis	0	0	0	0	0	0	0	0	0	0	0	0	0	0	0	0	0	0	0	0	0	0	0	0	0	0	0	0	0	0	0	0	0	0	0	0	0	0	0	0	0
Corynebacterium_ammoniagenes	0	0	0	0	0	0	0	0	0	0	0	0	0	0	0	0	0	0	0	0	0.0	0.0	0.0	0.045454545454545456	0.0	0.0	0.0	0.0	0.0	0.0	0.0	0.0	0.0	0.0	0.0	0.0	0.0	0.0	0.0	0.0	2
Corynebacterium_amycolatum	0	0	0	0	0	0	0	0	0	0	0	0	0	0	0	0	0	0	0	0	0.0	0.0	0.0	0.022727272727272728	0.0	0.0	0.0	0.0	0.0	0.0	0.0	0.022727272727272728	0.0	0.0	0.022727272727272728	0.0	0.0	0.0	0.045454545454545456	0.045454545454545456	4
Corynebacterium_bovis	0	0	0.1	0	0	0	0	0	0	0	0	0.08	0	0	0.037037037037037035	0	0.043478260869565216	0.14814814814814814	0.058823529411764705	0.12	0.014799154334038054	0.006342494714587738	0.014799154334038054	0.009513742071881607	0.012684989429175475	0.013742071881606767	0.008456659619450317	0.007399577167019027	0.007399577167019027	0.006342494714587738	0.004228329809725159	0.014799154334038054	0.006342494714587738	0.005285412262156448	0.011627906976744186	0.008456659619450317	0.006342494714587738	0.016913319238900635	0.010570824524312896	0.015856236786469344	86
Corynebacterium_crudilactis	0	0	0	0	0	0	0	0	0	0	0	0	0	0	0	0	0	0	0	0	0.0	0.04545454545454545	0.015151515151515152	0.0	0.015151515151515152	0.0	0.030303030303030304	0.015151515151515152	0.0	0.015151515151515152	0.030303030303030304	0.0	0.0	0.0	0.0	0.0	0.0	0.015151515151515152	0.0	0.015151515151515152	6
Corynebacterium_diphtheriae	0	0	1.0	0	0	0	0	0.2	0.5	0	0	0	0.2	0	0.2	0.5	0	0	0	0	0.022727272727272728	0.0	0.022727272727272728	0.022727272727272728	0.022727272727272728	0.0	0.0	0.022727272727272728	0.022727272727272728	0.0	0.0	0.022727272727272728	0.011363636363636364	0.03409090909090909	0.022727272727272728	0.022727272727272728	0.011363636363636364	0.011363636363636364	0.011363636363636364	0.0	8
Corynebacterium_diphtheriae_NCTC_13129	0	0	0	0	0	0	0	0	0	0	0	0	0	0	0	0	0	0	0	0	0.0	0.0	0.0	0.0	0.0	0.0909090909090909	0.0	0.0	0.0	0.0909090909090909	0.0	0.015151515151515152	0.0	0.0	0.0	0.0	0.07575757575757576	0.0	0.0	0.07575757575757576	6
Corynebacterium_jeikeium	0	0	0	0	0	0	0	0	0	0	0	0	0	0	0	0	0	0	0	0	0.023923444976076555	0.014354066985645932	0.009569377990430622	0.004784688995215311	0.03827751196172249	0.004784688995215311	0.028708133971291863	0.014354066985645932	0.014354066985645932	0.004784688995215311	0.0	0.009569377990430622	0.019138755980861243	0.014354066985645932	0.0	0.0	0.0	0.004784688995215311	0.004784688995215311	0.004784688995215311	19
Corynebacterium_jeikeium_K411	0	0	0	0	0	0	0	0	0	0.3333333333333333	0	0	0	0	0	0	0	0	0	0	0.011363636363636364	0.0	0.005681818181818182	0.005681818181818182	0.03409090909090909	0.0	0.0	0.005681818181818182	0.005681818181818182	0.005681818181818182	0.005681818181818182	0.005681818181818182	0.005681818181818182	0.005681818181818182	0.0	0.011363636363636364	0.011363636363636364	0.005681818181818182	0.005681818181818182	0.028409090909090908	16
Corynebacterium_kroppenstedtii	0.07142857142857142	0	0	0	0	0	0	0.05	0	0	0	0	0	0	0	0	0	0	0	0	0.003787878787878788	0.003787878787878788	0.0	0.0	0.0	0.001893939393939394	0.001893939393939394	0.001893939393939394	0.011363636363636362	0.005681818181818181	0.001893939393939394	0.0	0.001893939393939394	0.0	0.001893939393939394	0.003787878787878788	0.001893939393939394	0.001893939393939394	0.001893939393939394	0.001893939393939394	48
Corynebacterium_kroppenstedtii_DSM_44385	0	0	0	0.05714285714285714	0	0.046511627906976744	0	0.07407407407407407	0	0	0.058823529411764705	0	0.07142857142857142	0.12121212121212122	0	0	0	0	0.07407407407407407	0	0.0029970029970029966	0.00999000999000999	0.001998001998001998	0.004995004995004995	0.004995004995004995	0.0029970029970029966	0.001998001998001998	0.006993006993006993	0.001998001998001998	0.001998001998001998	9.99000999000999E-4	0.0029970029970029966	0.003996003996003996	0.003996003996003996	0.0029970029970029966	0.0	0.007992007992007992	0.006993006993006993	0.008991008991008992	0.0029970029970029966	91
Corynebacterium_maris	0	0	0	0	0	0	0	0	0	0	0	0	0	0	0	0	0	0	0	0	0	0	0	0	0	0	0	0	0	0	0	0	0	0	0	0	0	0	0	0	0
Corynebacterium_maris_DSM_45190	0.09090909090909091	0	0	0	0	0	0	0	0.07142857142857142	0	0	0	0	0	0	0.07692307692307693	0	0	0.1	0.06666666666666667	0.021645021645021644	0.0021645021645021645	0.0021645021645021645	0.017316017316017316	0.015151515151515152	0.015151515151515152	0.021645021645021644	0.010822510822510822	0.021645021645021644	0.01948051948051948	0.012987012987012986	0.012987012987012986	0.010822510822510822	0.0	0.012987012987012986	0.025974025974025972	0.004329004329004329	0.017316017316017316	0.01948051948051948	0.008658008658008658	42
Corynebacterium_matruchotii	0	0	0	0	0	0	0	0	0	0	0	0	0	0	0	0	0	0	0	0	0.0	0.007272727272727273	0.0036363636363636364	0.01818181818181818	0.0036363636363636364	0.0036363636363636364	0.007272727272727273	0.021818181818181816	0.014545454545454545	0.0036363636363636364	0.0036363636363636364	0.01818181818181818	0.0	0.025454545454545455	0.01818181818181818	0.007272727272727273	0.0036363636363636364	0.007272727272727273	0.0036363636363636364	0.0	25
Corynebacterium_minutissimum	0	0	0	0.2	0	0	0	0	0	0	0	0	0	0.2	0	0	0	0	0	0	0.0	0.0033670033670033673	0.02693602693602694	0.02693602693602694	0.01346801346801347	0.01346801346801347	0.0	0.01346801346801347	0.0	0.006734006734006735	0.016835016835016835	0.01346801346801347	0.0202020202020202	0.0101010101010101	0.0101010101010101	0.01346801346801347	0.016835016835016835	0.0101010101010101	0.006734006734006735	0.006734006734006735	27
Corynebacterium_pseudotuberculosis	0	0	0	0	0	0	0	0	0	0	0	0	0	0	0	0	0	0	0	0	0	0	0	0	0	0	0	0	0	0	0	0	0	0	0	0	0	0	0	0	0
Corynebacterium_renale	0	0.5	0	0	0	0	0	0	0	0	0	0	0	0	0	0	0	0	0	0	0.022727272727272728	0.045454545454545456	0.022727272727272728	0.0	0.022727272727272728	0.022727272727272728	0.022727272727272728	0.0	0.0	0.0	0.022727272727272728	0.0	0.022727272727272728	0.0	0.022727272727272728	0.0	0.0	0.022727272727272728	0.0	0.022727272727272728	4
Corynebacterium_segmentosum	0	0	0	0	0	0	0	0	0	0	0	0	1.0	0	0.5	0	0	0	0	0	0.0	0.020202020202020204	0.0	0.0	0.0	0.020202020202020204	0.0	0.0	0.020202020202020204	0.0	0.04040404040404041	0.0	0.0303030303030303	0.010101010101010102	0.020202020202020204	0.020202020202020204	0.0303030303030303	0.010101010101010102	0.020202020202020204	0.010101010101010102	9
Corynebacterium_sphenisci	0	0	0	0	0	0	0	0	0	0	0	0	0	0	0	0	0	0	0	0	0	0	0	0	0	0	0	0	0	0	0	0	0	0	0	0	0	0	0	0	0
Corynebacterium_sphenisci_DSM_44792	0.045454545454545456	0.015625	0.015384615384615385	0.04878048780487805	0	0.018518518518518517	0.0196078431372549	0.019230769230769232	0.03333333333333333	0.02	0	0.014492753623188406	0	0	0.046511627906976744	0	0	0	0.02127659574468085	0.046153846153846156	0.011296395911780527	0.00860677783754707	0.013448090371167296	0.008068854222700376	0.006993006993006993	0.00914470145239376	0.011296395911780527	0.0053792361484669175	0.014523937600860678	0.0037654653039268424	0.011834319526627219	0.006455083378160301	0.007530930607853685	0.006455083378160301	0.006455083378160301	0.008068854222700376	0.008068854222700376	0.006455083378160301	0.009682625067240453	0.012910166756320602	169
Corynebacterium_stationis	0	0	0	0	0	0	0	0	0	0	0	0	0	0	0	0	0	0	0.5	0	0.030303030303030304	0.030303030303030304	0.030303030303030304	0.030303030303030304	0.0	0.0	0.030303030303030304	0.0	0.0	0.0	0.0	0.0	0.0	0.0	0.0	0.0	0.0	0.0	0.030303030303030304	0.0	3
Corynebacterium_striatum	0	0	0	0	0	0.5	0.3333333333333333	0	0	0	0	0	0	0	0	0	0	0	0	0	0.0303030303030303	0.005050505050505051	0.0	0.0	0.0303030303030303	0.04040404040404041	0.03535353535353535	0.020202020202020204	0.010101010101010102	0.03535353535353535	0.0	0.01515151515151515	0.005050505050505051	0.005050505050505051	0.010101010101010102	0.005050505050505051	0.005050505050505051	0.005050505050505051	0.0	0.0	18
Corynebacterium_urealyticum	0	0.1	0.14285714285714285	0	0.14285714285714285	0	0	0	0	0	0.2	0	0	0	0.125	0	0	0	0	0	0.0	0.019762845849802372	0.023715415019762844	0.011857707509881422	0.007905138339920948	0.019762845849802372	0.003952569169960474	0.0	0.007905138339920948	0.003952569169960474	0.011857707509881422	0.007905138339920948	0.015810276679841896	0.011857707509881422	0.015810276679841896	0.003952569169960474	0.019762845849802372	0.003952569169960474	0.007905138339920948	0.007905138339920948	23
Corynebacterium_ureicelerivorans	0	0	0	0	0	0	0	0	0	0.3333333333333333	0	0	0	0	0	0	0	0	0	0	0.005681818181818182	0.0	0.005681818181818182	0.011363636363636364	0.005681818181818182	0.011363636363636364	0.011363636363636364	0.005681818181818182	0.005681818181818182	0.028409090909090908	0.0	0.0	0.0	0.017045454545454544	0.0	0.005681818181818182	0.0	0.005681818181818182	0.0	0.028409090909090908	16
Corynebacterium_xerosis	0	0.05555555555555555	0	0.20689655172413793	0.0625	0	0	0.05263157894736842	0	0.05555555555555555	0.13333333333333333	0.04	0.038461538461538464	0	0.09090909090909091	0.05	0	0	0	0	0.017316017316017316	0.0101010101010101	0.01443001443001443	0.015873015873015872	0.015873015873015872	0.017316017316017316	0.01443001443001443	0.007215007215007215	0.0101010101010101	0.01875901875901876	0.005772005772005772	0.017316017316017316	0.008658008658008658	0.012987012987012988	0.011544011544011544	0.01443001443001443	0.004329004329004329	0.017316017316017316	0.008658008658008658	0.004329004329004329	63
Cowpox_virus	0	0	0	0	0	0	0	0	0	0	0	0	0	0	0	0	0	0	0	0	0	0	0	0	0	0	0	0	0	0	0	0	0	0	0	0	0	0	0	0	0
Coxiella_burnetii	0.2127659574468085	0	0	0	0	0	0	0	0	0	0	0	0	0	0	0	0	0	0	0	0.014354066985645933	0.005468215994531784	6.83526999316473E-4	0.005468215994531784	0.007518796992481203	0.010936431989063569	0.00683526999316473	0.004101161995898838	0.0	0.0	0.004101161995898838	0.004101161995898838	0.0	0.00888585099111415	0.01161995898838004	0.008202323991797676	0.00683526999316473	0.004101161995898838	0.0	0.0	133
Coxiella_burnetii_Dugway_5J108-111	0	0	0	0	0	0	0	0	0	1.0	0	0	0	0	0	0	0	0	0	0	0.0	0.0	0.0	0.0	0.0	0.0	0.0	0.0	0.0	0.03305785123966942	0.0	0.0	0.024793388429752063	0.024793388429752063	0.0	0.03305785123966942	0.024793388429752063	0.0	0.0	0.024793388429752063	11
Coxiella_burnetii_str._Schperling	0	0	0	0	0	0	0	0	0	0	0	0	0	0	0	0	0	0	0	0	0.0	0.0	0.0	0.0	0.09090909090909091	0.0	0.0	0.0	0.0	0.0	0.0	0.0	0.0	0.09090909090909091	0.0	0.0	0.0	0.0	0.0	0.0	1
Cryptosporidium	0	0	0	0	0	0	0	0	0	0	0	0	0	0	0	0	0	0	0	0	0	0	0	0	0	0	0	0	0	0	0	0	0	0	0	0	0	0	0	0	0
Cryptosporidium_parvum	0	0	0	0	0	0	0	0	0	0	0	0	0	0	0	0	0	0	0	0	0	0	0	0	0	0	0	0	0	0	0	0	0	0	0	0	0	0	0	0	0
Deltaretrovirus	0	0	0	0	0	0	0	0	0	0	0	0	0	0	0	0	0	0	0	0	0	0	0	0	0	0	0	0	0	0	0	0	0	0	0	0	0	0	0	0	0
Ehrlichia_canis	0	0	0	0	0	0	0	0	0	0	0	0	0	0	0	0	0	0	0	0	0	0	0	0	0	0	0	0	0	0	0	0	0	0	0	0	0	0	0	0	0
Enterococcus_avium	0	0	0	0	0	0	0	0	0	0	0	0	0	0	0	0	0	0	0	0	0	0	0	0	0	0	0	0	0	0	0	0	0	0	0	0	0	0	0	0	0
Enterococcus_casseliflavus	0	0	0	0	0	0	0	0	0	0	0	0	0	0	0	0	0	0	0	0	0.0	0.0	0.0	0.0	0.0	0.0	0.0	0.0	0.09090909090909091	0.0	0.0	0.0	0.0	0.0	0.0	0.0	0.0	0.09090909090909091	0.0	0.0	1
Enterococcus_cecorum	0	0	0	0	0	0	0	0	0	0	0	0	0	0	0	0	0	0	0	0	0	0	0	0	0	0	0	0	0	0	0	0	0	0	0	0	0	0	0	0	0
Enterococcus_durans	0	0	0	0	0	0	0	0	0	0	0	0	0	0	0	0	0	0	0	0	0	0	0	0	0	0	0	0	0	0	0	0	0	0	0	0	0	0	0	0	0
Enterococcus_faecalis	0	0	0	0	0	0	0	0	0	0	0	0	0	0	0	0	0	0	0	0	0	0	0	0	0	0	0	0	0	0	0	0	0	0	0	0	0	0	0	0	0
Enterococcus_faecium	0	0	0	0	0	0	0	0	0	0	0	0	0	0	0	0	0	0	0	0	0.0	0.08080808080808081	0.0	0.0	0.0	0.08080808080808081	0.0	0.0	0.08080808080808081	0.0	0.08080808080808081	0.0	0.0	0.0707070707070707	0.0	0.0	0.0	0.0	0.010101010101010102	0.0	9
Enterococcus_faecium_Com15	0	0	0	0	0	0	0	0	0	0	0	0	0	0	0	0	0	0	0	0	0.0909090909090909	0.0	0.0	0.0	0.0	0.0	0.0	0.0	0.0	0.0	0.0	0.0	0.0	0.06060606060606061	0.0	0.0	0.0	0.0	0.0	0.0	3
Enterococcus_hirae	0	0	0	0	0	0	0	0	0	0	0	0	0	0	0	0	0	0	0	0	0	0	0	0	0	0	0	0	0	0	0	0	0	0	0	0	0	0	0	0	0
Enterococcus_mundtii	0	0	0	0	0	0	0	0	0	0	0	0	0	0	0	0	0	0	0	0	0	0	0	0	0	0	0	0	0	0	0	0	0	0	0	0	0	0	0	0	0
Enterovirus_B	0	0	0	0	0	0	0	0	0	0	0	0	0	0	0	0	0	0	0	0	0	0	0	0	0	0	0	0	0	0	0	0	0	0	0	0	0	0	0	0	0
Epizootic_hemorrhagic_disease_virus_(serotype_1_/_strain_New_Jersey)	0	0	0	0	0	0	0	0	0	0	0	0	0	0	0	0	0	0	0	0	0	0	0	0	0	0	0	0	0	0	0	0	0	0	0	0	0	0	0	0	0
Equine_rhinitis_A_virus	0	0	0	0	0	0	0	0	0	0	0	0	0	0	0	0	0	0	0	0	0	0	0	0	0	0	0	0	0	0	0	0	0	0	0	0	0	0	0	0	0
Erysipelothrix_rhusiopathiae	0	0	0	0	0	0	0	0	0	0	0	0	0	0	0	0	0	0	0	0	0	0	0	0	0	0	0	0	0	0	0	0	0	0	0	0	0	0	0	0	0
Erythroparvovirus	0	0	0	0	0	0	0	0	0	0	0	0	0	0	0	0	0	0	0	0	0	0	0	0	0	0	0	0	0	0	0	0	0	0	0	0	0	0	0	0	0
Escherichia_coli	0	0.2	0	0	0	0	0	0	0	0	0	0	0	0	0.15789473684210525	0	0	0	0.2857142857142857	0	0.014834537847090148	0.002282236591860023	0.0030429821224800305	0.0026626093571700264	0.0011411182959300114	0.0026626093571700264	7.607455306200076E-4	0.0041841004184100415	0.0011411182959300114	0.06124001521491061	0.007607455306200076	0.0011411182959300114	0.0026626093571700264	0.06314187904146064	0.001901863826550019	0.0034233548877900346	7.607455306200076E-4	0.0015214910612400153	0.0011411182959300114	0.0015214910612400153	239
Escherichia_coli_O111	0	0	0	0	0	0	0	0	0	0	0	0	0	0	0	0	0	0	0	0	0	0	0	0	0	0	0	0	0	0	0	0	0	0	0	0	0	0	0	0	0
Escherichia_coli_O139	0	0	0	0	0	0	0	0	0	0	0	0	0	0	0	0	1.0	0	0	0	0.0	0.0	0.0	0.0	0.0	0.0	0.0	0.0	0.0	0.0	0.0	0.08741258741258742	0.0	0.08741258741258742	0.0	0.08741258741258742	0.09090909090909091	0.0	0.0	0.09090909090909091	26
Escherichia_coli_O157:H7	0	0	0	0	0	0	0	0	0	0	0	0	0	0	0	0	0	0	0	0	0.0	0.0	0.0	0.0	0.0	0.0	0.0	0.0	0.0	0.0	0.0	0.0	0.0	0.0	0.0	0.09090909090909091	0.07272727272727272	0.07272727272727272	0.0	0.01818181818181818	5
Escherichia_coli_O25b:H4	0	0	0	0	0	0	0	0	0	0	0	0	0	0	0	0	0	0	0	0	0.0	0.0	0.0	0.0	0.09090909090909091	0.09090909090909091	0.0	0.0	0.0	0.0	0.0	0.0	0.002840909090909091	0.0	0.002840909090909091	0.0	0.0	0.0	0.002840909090909091	0.0	32
Escherichia_coli_O26	0	0	0	0	0	0	0	0	0	0	0	0	0	0	0	0	0	0	0	0	0	0	0	0	0	0	0	0	0	0	0	0	0	0	0	0	0	0	0	0	0
Francisella_tularensis	0	0	0	0	0	0	0	0	0	0	0	0	0	0	0	0	0	0	0	0	0.0	0.0	0.0	0.0	0.0	0.0	0.0	0.0	0.0	0.09090909090909091	0.0	0.0	0.0	0.09090909090909091	0.0	0.0	0.0	0.0	0.0	0.0	1
Francisella_tularensis_subsp._novicida	0	0	0	0	0	0	0	0	0	0	0	0	0	0	0	0	0	0	0	0	0.0	0.09090909090909091	0.0	0.09090909090909091	0.0	0.0	0.0	0.0	0.0	0.0	0.09090909090909091	0.0	0.0	0.0	0.0	0.0	0.09090909090909091	0.0	0.0	0.0	1
Fusobacterium	0	0	0	0	0	0	0	0	0	0	0	0	0	0	0	0	0	0	0	0	0.0022727272727272726	0.0	0.0	0.0	0.0	0.0	0.0	0.0	0.0	0.0	0.0	0.0	0.0	0.00909090909090909	0.0	0.0	0.0	0.0	0.0	0.0	40
Fusobacterium_gastrosuis	0	1.0	0	0	0	0	0	0	0	0	0	0	0	0	0	0	0	0	0	0	0.0	0.09090909090909091	0.0	0.0	0.0	0.0	0.09090909090909091	0.09090909090909091	0.0	0.09090909090909091	0.0	0.0	0.045454545454545456	0.0	0.045454545454545456	0.0	0.045454545454545456	0.0	0.0	0.045454545454545456	2
Fusobacterium_nucleatum	0	0	0	0	0	0	0	0	0	0	0	0	0	0	0	0	0	0	0	0	0	0	0	0	0	0	0	0	0	0	0	0	0	0	0	0	0	0	0	0	0
Fusobacterium_nucleatum_subsp._vincentii	0	0	0	0	0	0	0	0	0	0	0	0	0	0	0	0	0	0	0	0	0.0	0.09090909090909091	0.0	0.0	0.01818181818181818	0.0	0.0	0.0	0.07272727272727272	0.0	0.01818181818181818	0.0	0.0	0.0	0.0	0.0	0.01818181818181818	0.0	0.0	0.0	5
Fusobacterium_periodonticum	0	0	0	0	0	0	0	0	0	0	0	0	0	0	0	0	0	0	0	0	0.0	0.0	0.0	0.0	0.0	0.0	0.0	0.0	0.0	0.0	0.0	0.0	0.0	0.0	0.0	0.0	0.0	0.0	0.0	0.0	1
Fusobacterium_pseudoperiodonticum	0	0	0	0	0	0	0	0	0	0	0	0	0	0	0	0	0	0	0	0	0.0	0.0	0.09090909090909091	0.0	0.0	0.0	0.0	0.0	0.09090909090909091	0.0	0.0	0.06818181818181818	0.0	0.0	0.0	0.06818181818181818	0.0	0.0	0.0	0.0	4
Fusobacterium_ulcerans_ATCC_49185	0	0	0	0	0	0	0	0	0	0	0	0	0	0	1.0	0	0	0	0	0	0.0	0.0	0.0	0.0	0.0909090909090909	0.0	0.0	0.0	0.0	0.0	0.0	0.0	0.0	0.030303030303030304	0.030303030303030304	0.0	0.0	0.0	0.030303030303030304	0.0	3
Fusobacterium_varium	0	0	0	0	0	0	0	0	0	0	0	0	0	0	0	0	0	0	0	0	0.09090909090909091	0.0	0.0	0.09090909090909091	0.0	0.0	0.0	0.0	0.0	0.09090909090909091	0.0	0.0	0.045454545454545456	0.0	0.0	0.0	0.0	0.0	0.0	0.0	2
Goatpox_virus	0	0	0	0	0	0	0	0	0	0	0	0	0	0	0	0	0	0	0	0	0	0	0	0	0	0	0	0	0	0	0	0	0	0	0	0	0	0	0	0	0
Haemophilus_influenzae	0	0	0	0	0	0	0	0	0	0	0	0	0	0	0	0	0	1.0	0	0	0.0	0.0	0.0532150776053215	0.0	0.0	0.03325942350332594	0.0	0.0	0.0	0.0	0.0	0.0	0.0	0.0	0.0376940133037694	0.0	0.0	0.004434589800443459	0.0	0.004434589800443459	41
Helicobacter_cinaedi	0	0	0	0	0	0	0	0	0	0	0	0	0	0	0	0	0	0	0	0	0	0	0	0	0	0	0	0	0	0	0	0	0	0	0	0	0	0	0	0	0
Helicobacter_pylori	0	0	0	0	0	0	0	0	0	0	0	0	0	0	0	0	0	0	0	0	0.003325942350332594	0.005543237250554323	0.0011086474501108647	0.08093126385809313	0.0	0.0011086474501108647	0.0011086474501108647	0.0598669623059867	0.06097560975609756	0.017738359201773836	0.0022172949002217295	0.019955654101995568	0.0022172949002217295	0.003325942350332594	0.0011086474501108647	0.0	0.003325942350332594	0.0022172949002217295	0.003325942350332594	0.0011086474501108647	82
Helicobacter_pylori_Shi112	0	0	0	0	0	0	1.0	0	0	0	0	0	0	0	0	0	0	0	0	0	0.0	0.0	0.0	0.0	9.000900090009002E-4	0.0	0.09000900090009002	0.0	0.0	0.0	0.0	0.0	0.0	0.0	0.0	0.0	0.0	0.0	0.0	0.0	101
Hepatitis_B_virus	0	0	0	0	0	0	0	0	0	0	0	0	0	0	0	0	0	0	0	0	0	0	0	0	0	0	0	0	0	0	0	0	0	0	0	0	0	0	0	0	0
Hepatitis_E_virus	0	0	0	0	0	0	0	0	0	0	0	0	0	0	0	0	0	0	0	0	0	0	0	0	0	0	0	0	0	0	0	0	0	0	0	0	0	0	0	0	0
Hepatitis_delta_virus	0	0	0	0	0	0	0	0	0	0	0	0	0	0	0	0	0	0	0	0	0	0	0	0	0	0	0	0	0	0	0	0	0	0	0	0	0	0	0	0	0
Human_adenovirus_1	0	0	0	0	0	0	0	0	0	0	0	0	0	0	0	0	0	0	0	0	0	0	0	0	0	0	0	0	0	0	0	0	0	0	0	0	0	0	0	0	0
Human_adenovirus_2	0	0	0	0	0	0	0	0	0	0	0	0	0	0	0	0	0	0	0	0	0	0	0	0	0	0	0	0	0	0	0	0	0	0	0	0	0	0	0	0	0
Human_adenovirus_35	0	0	0	0	0	0	0	0	0	0	0	0	0	0	0	0	0	0	0	0	0	0	0	0	0	0	0	0	0	0	0	0	0	0	0	0	0	0	0	0	0
Human_adenovirus_5	0	0	0	0	0	0	0	0	0	0	0	0	0	0	0	0	0	0	0	0	0	0	0	0	0	0	0	0	0	0	0	0	0	0	0	0	0	0	0	0	0
Human_adenovirus_54	0	0	0	0	0	0	0	0	0	0	0	0	0	0	0	0	0	0	0	0	0	0	0	0	0	0	0	0	0	0	0	0	0	0	0	0	0	0	0	0	0
Human_adenovirus_7	0	0	0	0	0	0	0	0	0	0	0	0	0	0	0	0	0	0	0	0	0	0	0	0	0	0	0	0	0	0	0	0	0	0	0	0	0	0	0	0	0
Human_alphaherpesvirus_1	0	0	0	0	0	0	0	0	0	0	0	0	0	0	0	0	0	0	0	0	0	0	0	0	0	0	0	0	0	0	0	0	0	0	0	0	0	0	0	0	0
Human_alphaherpesvirus_2	0	0	0	0	0	0	0	0	0	0	0	0	0	0	0	0	0	0	0	0	0	0	0	0	0	0	0	0	0	0	0	0	0	0	0	0	0	0	0	0	0
Human_alphaherpesvirus_3	0	0	0	0	0	0	0	0	0	0	0	0	0	0	0	0	0	0	0	0	0	0	0	0	0	0	0	0	0	0	0	0	0	0	0	0	0	0	0	0	0
Human_gammaherpesvirus_4	0	0	0	0	0	0	0	0	0	0	0	0	0	0	0	0	0	0	0	0	0	0	0	0	0	0	0	0	0	0	0	0	0	0	0	0	0	0	0	0	0
Human_herpesvirus_4_type_2	0	0	0	0	0	0	0	0	0	0	0	0	0	0	0	0	0	0	0	0	0	0	0	0	0	0	0	0	0	0	0	0	0	0	0	0	0	0	0	0	0
Human_mastadenovirus_C	0	0	0	0	0	0	0	0	0	0	0	0	0	0	0	0	0	0	0	0	0	0	0	0	0	0	0	0	0	0	0	0	0	0	0	0	0	0	0	0	0
JC_polyomavirus	0	0	0	0	0	0	0	0	0	0	0	0	0	0	0	0	0	0	0	0	0	0	0	0	0	0	0	0	0	0	0	0	0	0	0	0	0	0	0	0	0
Klebsiella_aerogenes	0	0	0.10526315789473684	0	0	0	0	0	0	0	0.21052631578947367	0	0	0	0	0	0	0	0	0	0.005145797598627787	0.008576329331046312	0.024013722126929673	0.020583190394511147	0.017152658662092625	0.0	0.005145797598627787	0.018867924528301886	0.0	0.024013722126929673	0.0137221269296741	0.005145797598627787	0.005145797598627787	0.005145797598627787	0.012006861063464836	0.003430531732418525	0.003430531732418525	0.022298456260720412	0.012006861063464836	0.012006861063464836	53
Klebsiella_aerogenes_EA1509E	0	0	0	0	0	0	0	0	0	0	0	0	0	0	0	0	0	0	0	0	0.0	0.0	0.09090909090909091	0.0	0.0	0.09090909090909091	0.0	0.09090909090909091	0.0	0.0	0.0	0.0	0.0	0.0	0.07792207792207792	0.0	0.07792207792207792	0.0	0.0	0.07792207792207792	7
Klebsiella_michiganensis	0	1.0	0	0	0	0	0.25	0	0	0	0	0	0.375	0	0	0	0	0	0	0	0.023715415019762844	0.011857707509881422	0.019762845849802372	0.0	0.011857707509881422	0.03162055335968379	0.007905138339920948	0.0	0.007905138339920948	0.0	0.0	0.0	0.019762845849802372	0.023715415019762844	0.011857707509881422	0.023715415019762844	0.0	0.03557312252964427	0.007905138339920948	0.019762845849802372	23
Klebsiella_michiganensis_HKOPL1	0	0	0	0	0	0	0	0	0	0	0	0	0	0	0	0	0	0.16666666666666666	0	0	0.0	0.0	0.0	0.0	0.0	0.0	0.0	0.0	0.0	0.0	0.0	0.0	0.0	0.0	0.07575757575757576	0.07575757575757576	0.0	0.015151515151515152	0.0	0.0	6
Klebsiella_michiganensis_KCTC_1686	0	0	0	0	0	0	0	0	0	0	0	0	0	0	0	0	0	0	0	0	0.0	0.0	0.020979020979020976	0.0	0.020979020979020976	0.0	0.0	0.0	0.04195804195804195	0.055944055944055944	0.0	0.0	0.04195804195804195	0.0	0.020979020979020976	0.0	0.0	0.0	0.006993006993006993	0.0	13
Klebsiella_oxytoca	0	0	0	0	0	0	0	0	0	0	0	0	0	0	0	0	0	0	0	0	0.01759530791788856	0.002932551319648094	0.014662756598240468	0.00879765395894428	0.0	0.01759530791788856	0.002932551319648094	0.011730205278592375	0.03519061583577712	0.005865102639296188	0.002932551319648094	0.01759530791788856	0.002932551319648094	0.002932551319648094	0.014662756598240468	0.026392961876832845	0.014662756598240468	0.00879765395894428	0.00879765395894428	0.0	31
Klebsiella_pneumoniae	0	0.08333333333333333	0	0.009708737864077669	0	0	0	0	0.018518518518518517	0	0.008547008547008548	0	0	0	0	0	0	0	0.46153846153846156	0	0.054699537750385205	0.019453004622496148	0.016178736517719568	0.0015408320493066256	0.03216486902927581	3.852080123266564E-4	1.926040061633282E-4	5.778120184899845E-4	0.01694915254237288	3.852080123266564E-4	5.778120184899845E-4	7.704160246533128E-4	0.051232665639445306	0.019645608628659477	0.015986132511556242	0.05450693374422188	5.778120184899845E-4	0.0	0.05296610169491525	0.0	472
Klebsiella_pneumoniae_subsp._pneumoniae	0	0	0	0	0	0	0	0	0	0	0	0	0	0	0	0	0	0	0	0	4.318721658389117E-4	0.0	0.0	0.0	0.0	0.0021593608291945584	0.015331461887281364	0.0	0.004966529907147484	0.0	0.0019434247462751027	2.1593608291945585E-4	0.0	0.014899589721442452	0.022025480457784498	4.318721658389117E-4	0.0	0.021593608291945586	0.0	0.0	421
Klebsiella_pneumoniae_subsp._rhinoscleromatis	0	0	0	0	0	0	0	0	0	0	0	0	0	0	0	0	0	0	0	0	0	0	0	0	0	0	0	0	0	0	0	0	0	0	0	0	0	0	0	0	0
Legionella_anisa	0	0	0	0	0	0	0	0	0	0	0	0	0	0	0	0	0	0	0	0	0.09090909090909091	0.09090909090909091	0.0	0.0	0.0	0.0	0.09090909090909091	0.0	0.0	0.0	0.0	0.0	0.0	0.0	0.0	0.0	0.0	0.0	0.0	0.045454545454545456	2
Legionella_lansingensis	0	0	0	0	0	0	0	0	0	0	0	0	0	0	0	0	0	0	0	0	0.0	0.045454545454545456	0.0	0.0	0.0	0.0	0.0	0.0	0.0	0.0	0.0	0.0	0.0	0.0	0.0	0.0	0.0	0.045454545454545456	0.045454545454545456	0.0	2
Legionella_pneumophila	0	0	0	0	0	0	0	0	0	0	0	0	0	0	0	0	0	0	0	0	0.0	0.0	0.0	0.08080808080808081	0.0	0.0	0.010101010101010102	0.0	0.0	0.0	0.0	0.0	0.0	0.0	0.0	0.0	0.08585858585858586	0.0	0.08585858585858586	0.0	18
Legionella_pneumophila_subsp._pneumophila	0	0	0	0	0	0	0	0	0	0	0	0	0	0	0	0	0	0	0	0	0.0	0.0	0.0	0.0	0.0	0.0	0.0	0.0	0.0	0.0	0.0	0.0	0.0	0.0	0.0	0.0	0.0	0.0	0.0	0.0	1
Leptospira_alexanderi	0	0	0	0	0	0	0	0	0	0	0	0	0	0	0	0	0	0	0	0	0	0	0	0	0	0	0	0	0	0	0	0	0	0	0	0	0	0	0	0	0
Leptospira_alstonii	0	0	0	0	0	0	0	0	0	0	0	0	0	0	0	0	0	0	0	0	0	0	0	0	0	0	0	0	0	0	0	0	0	0	0	0	0	0	0	0	0
Leptospira_biflexa	0	0	0	0	0	0	0	0	0	0	0	0	0	0	0	0	0	0	0	0	0	0	0	0	0	0	0	0	0	0	0	0	0	0	0	0	0	0	0	0	0
Leptospira_borgpetersenii	1.0	0	0	0	0	0	0	0	0	0	0	0	0	0.5	0.25	0	0	0	0.5	0	0.03636363636363636	0.01818181818181818	0.0	0.0	0.0	0.00909090909090909	0.01818181818181818	0.0	0.0	0.01818181818181818	0.00909090909090909	0.0	0.00909090909090909	0.045454545454545456	0.01818181818181818	0.00909090909090909	0.01818181818181818	0.03636363636363636	0.03636363636363636	0.02727272727272727	10
Leptospira_borgpetersenii_serovar_Ceylonica	0.3333333333333333	0	0.5625	0.6666666666666666	0	0	0.8888888888888888	1.0	0	0	0	0	0	0	0	0	0	0	0	0	0.020979020979020976	0.033216783216783216	0.015734265734265736	0.013986013986013986	0.006993006993006993	0.0	0.020979020979020976	0.005244755244755244	0.013986013986013986	0.006993006993006993	0.020979020979020976	0.0	0.0	0.0	0.0017482517482517483	0.0	0.012237762237762238	0.0	0.006993006993006993	0.015734265734265736	52
Leptospira_broomii	0	0	0	0	0	0	0	0	0	0	0	0	0	0	0	0	0	0	0	0	0	0	0	0	0	0	0	0	0	0	0	0	0	0	0	0	0	0	0	0	0
Leptospira_fainei	0	0	0	0	0	0	0	0	0	0	0	0	0	0	0	0	0	0	0	0	0	0	0	0	0	0	0	0	0	0	0	0	0	0	0	0	0	0	0	0	0
Leptospira_inadai	0	0	0	0	0	0	0	0	0	0	0	0	0	0	0	0	0	0	0	0	0	0	0	0	0	0	0	0	0	0	0	0	0	0	0	0	0	0	0	0	0
Leptospira_interrogans	0	0	0	0	0.11538461538461539	0	0	0	0	0	0	0	0	0	0	0	0	0	0	0	0.0	0.0	0.026363636363636363	0.02	0.002727272727272727	0.0	0.02	0.0	0.007272727272727273	0.004545454545454545	0.035454545454545454	0.0	0.01818181818181818	0.01	0.012727272727272728	0.0	0.0	0.0	0.0	0.015454545454545453	100
Leptospira_kirschneri	0	0	0	0	0	0	0	0	0	0	0	0	0	0	0	0	0	0	0	0	0	0	0	0	0	0	0	0	0	0	0	0	0	0	0	0	0	0	0	0	0
Leptospira_kmetyi	0	0	0	0	0	0	0	0	0	0	0	0	0	0	0	0	0	0	0	0	0.0	0.0	0.0	0.0	0.0	0.0	0.09090909090909091	0.0	0.0	0.0	0.0	0.0	0.0	0.0	0.0	0.09090909090909091	0.0	0.0	0.09090909090909091	0.0	1
Leptospira_licerasiae	0	0	0	0	0	0	0	0	0	0	0	0	0	0	0	0	0	0	0	0	0	0	0	0	0	0	0	0	0	0	0	0	0	0	0	0	0	0	0	0	0
Leptospira_noguchii	0	0	0	0	0	0	0	0	0	0	0	0	0	0	0	0	0	0	0	0	0.045454545454545456	0.0	0.0	0.0	0.0	0.0	0.0	0.045454545454545456	0.0	0.0	0.0	0.0	0.0	0.0	0.0	0.0	0.0	0.0	0.045454545454545456	0.045454545454545456	2
Leptospira_santarosai	0	0	0	0	0	0	0	0	0	0	0	0	0	0	0	0	0	0	0	0	0.0	0.0	0.0	0.0	0.0	0.030303030303030304	0.0	0.030303030303030304	0.0	0.0	0.0	0.0	0.030303030303030304	0.0	0.030303030303030304	0.030303030303030304	0.0	0.030303030303030304	0.030303030303030304	0.0	3
Leptospira_weilii	0	0	0	0	0.13636363636363635	0	0	0	0.21428571428571427	0	0	0	0	0	0	0	0.25	0	0	0	0.01859504132231405	0.006198347107438016	0.022727272727272728	0.004132231404958678	0.006198347107438016	0.006198347107438016	0.012396694214876032	0.012396694214876032	0.012396694214876032	0.01859504132231405	0.0	0.0	0.010330578512396695	0.0	0.006198347107438016	0.004132231404958678	0.012396694214876032	0.0	0.002066115702479339	0.008264462809917356	44
Leptospira_wolffii	0	0	0	0	0	0	0	0	0	0	0	0	0	0	0	0	0	0	0	0	0	0	0	0	0	0	0	0	0	0	0	0	0	0	0	0	0	0	0	0	0
Listeria_monocytogenes	0	0	0	0	0	0	0	0	0	0	0	0	0	0	0	0	0	0	0	0	0.0	0.0	0.0	0.0	0.0	0.0	0.0	0.0	0.0	0.0	0.0	0.0	0.0	0.0	0.0	0.0	0.0	0.0	0.0	0.0	1
Lumpy_skin_disease_virus	0	0	0	0	0	0	0	0	0	0	0	0	0	0	0	0	0	0	0	0	0	0	0	0	0	0	0	0	0	0	0	0	0	0	0	0	0	0	0	0	0
Lymphocryptovirus	0	0	0	0	0	0	0	0	0	0	0	0	0	0	0	0	0	0	0	0	0	0	0	0	0	0	0	0	0	0	0	0	0	0	0	0	0	0	0	0	0
Mannheimia_haemolytica	0	1.0	0.9090909090909091	0	0	0	0	0	0	0	0	0	0	0	0	0	0	1.0	0	0	0.0	0.048027444253859346	0.017152658662092625	0.0	0.0	0.0	0.024013722126929673	0.024013722126929673	0.0	0.0	0.0	0.0	0.0	0.018867924528301886	0.017152658662092625	0.06518010291595197	0.0	0.017152658662092625	0.0	0.0	53
Mannheimia_haemolytica_USDA-ARS-USMARC-183	0	0	0	0	0	0	0	0	0	0	0	0	0	0	0	0	0	0	0	0	0.0	0.0	0.0	0.0	0.0909090909090909	0.0	0.0909090909090909	0.0	0.0	0.0	0.0	0.0	0.0	0.0	0.015151515151515152	0.0909090909090909	0.0	0.0	0.07575757575757576	0.0	6
Measles_morbillivirus	0	0	0	0	0	0	0	0	0	0	0	0	0	0	0	0	0	0	0	0	0	0	0	0	0	0	0	0	0	0	0	0	0	0	0	0	0	0	0	0	0
Methanobrevibacter_oralis	0	0	0	0	0	0	0	0	0	0	0	0	0	0	0	0	0	0	0	0	0	0	0	0	0	0	0	0	0	0	0	0	0	0	0	0	0	0	0	0	0
Moraxella_catarrhalis	0	0	0	0	0	0	0	0	0	0	0	0	0	0	0	0	0	0	0	0	0.0	0.09090909090909091	0.0	0.0	0.0	0.0	0.0	0.0	0.0	0.0	0.0	0.0	0.0	0.0	0.0	0.0	0.09090909090909091	0.0	0.0	0.0	1
Morbillivirus	0	0	0	0	0	0	0	0	0	0	0	0	0	0	0	0	0	0	0	0	0	0	0	0	0	0	0	0	0	0	0	0	0	0	0	0	0	0	0	0	0
Mycobacterium_avium	0.02586206896551724	0	0.00510204081632653	0.014018691588785047	0.05341246290801187	0.04234527687296417	0.005555555555555556	0	0.02754237288135593	0.008658008658008658	0.012690355329949238	0.02030456852791878	0.01876675603217158	0	0	0.004662004662004662	0.01730103806228374	0.052	0.02967359050445104	0.017191977077363897	0.01017277571451639	0.01429032778943969	0.007104795737122558	0.01194897464879703	0.008800258356208622	0.013402228322299372	0.01001130308412724	0.013321492007104795	0.015824317778136605	0.010414984660100112	0.009607621508154368	0.011545293072824156	0.010657193605683837	0.004359761020507024	0.006458905215565961	0.00339092523817213	0.007589213628290004	0.01089940255126756	0.01800419828839012	0.010495720975294687	1126
Mycobacterium_avium_subsp._avium	0.05	0	0	0	0	0	0	0	0	0.14285714285714285	0.16666666666666666	0	0	0	0	0	0	0	0	0.1	0.003134796238244514	0.009404388714733541	0.009404388714733541	0.012539184952978056	0.006269592476489028	0.006269592476489028	0.009404388714733541	0.0	0.003134796238244514	0.018808777429467082	0.012539184952978056	0.006269592476489028	0.018808777429467082	0.006269592476489028	0.006269592476489028	0.006269592476489028	0.0219435736677116	0.006269592476489028	0.009404388714733541	0.006269592476489028	29
Mycobacterium_avium_subsp._hominissuis	0.08108108108108109	0.14285714285714285	0	0.047619047619047616	0.0784313725490196	0.0392156862745098	0	0.061224489795918366	0.0196078431372549	0	0.01694915254237288	0	0	0.05128205128205128	0	0	0.05263157894736842	0.043478260869565216	0.0425531914893617	0.05263157894736842	0.016815554387808723	0.01208617971623752	0.01786652653704677	0.012611665790856541	0.009984235417761429	0.008933263268523384	0.007882291119285338	0.012611665790856541	0.013137151865475566	0.003678402522333158	0.007356805044666316	0.009458749343142408	0.009984235417761429	0.016815554387808723	0.009458749343142408	0.014713610089332632	0.011035207566999475	0.0162900683131897	0.016815554387808723	0.016815554387808723	173
Mycobacterium_avium_subsp._paratuberculosis	0.08695652173913043	0.13636363636363635	0	0	0.2	0.047619047619047616	0	0	0	0	0	0	0.4444444444444444	0	0	0.058823529411764705	0.0625	0	0.14285714285714285	0.21428571428571427	0.007905138339920948	0.01383399209486166	0.001976284584980237	0.011857707509881422	0.011857707509881422	0.001976284584980237	0.01383399209486166	0.005928853754940711	0.005928853754940711	0.0	0.001976284584980237	0.009881422924901186	0.01383399209486166	0.017786561264822136	0.007905138339920948	0.007905138339920948	0.005928853754940711	0.015810276679841896	0.019762845849802372	0.011857707509881422	46
Mycobacterium_canettii	0	0	0	0	0	0.125	0	0	0	0	0	0	0	0	0	0	0	0	0	0	0.03349282296650718	0.009569377990430622	0.009569377990430622	0.004784688995215311	0.004784688995215311	0.019138755980861243	0.004784688995215311	0.004784688995215311	0.009569377990430622	0.004784688995215311	0.009569377990430622	0.019138755980861243	0.0	0.028708133971291863	0.004784688995215311	0.004784688995215311	0.009569377990430622	0.004784688995215311	0.014354066985645932	0.0	19
Mycobacterium_colombiense	0	0	0	0	0	0	0	0	0	0	0	0	0	0	0	0	0	0	0	0	0	0	0	0	0	0	0	0	0	0	0	0	0	0	0	0	0	0	0	0	0
Mycobacterium_colombiense_CECT_3035	0.03225806451612903	0.08695652173913043	0	0.029411764705882353	0	0.034482758620689655	0.03571428571428571	0	0	0	0	0	0	0	0	0	0	0	0.03225806451612903	0.25	0.008762322015334063	0.01533406352683461	0.0065717415115005475	0.012048192771084338	0.0032858707557502738	0.012048192771084338	0.014238773274917854	0.0032858707557502738	0.007667031763417305	0.008762322015334063	0.004381161007667032	0.0065717415115005475	0.0032858707557502738	0.00547645125958379	0.0065717415115005475	0.0	0.01095290251916758	0.012048192771084338	0.00547645125958379	0.019715224534501644	83
Mycobacterium_intracellulare	0.05405405405405406	0	0	0	0.05128205128205128	0	0.06521739130434782	0	0	0	0.02857142857142857	0.08108108108108109	0.17543859649122806	0	0.038461538461538464	0	0	0	0.21621621621621623	0.09090909090909091	0.0131852879944483	0.006939625260235947	0.009715475364330326	0.012491325468424706	0.01734906315058987	0.007633587786259542	0.01040943789035392	0.0131852879944483	0.008327550312283136	0.018043025676613464	0.0131852879944483	0.009021512838306732	0.015961138098542677	0.008327550312283136	0.01040943789035392	0.009021512838306732	0.01943095072866065	0.013879250520471894	0.015961138098542677	0.005551700208188758	131
Mycobacterium_intracellulare_subsp._yongonense	0	0	0	0	0	0.19047619047619047	0	0	0	0.11538461538461539	0	0	0	0	0.06451612903225806	0	0.15384615384615385	0.07142857142857142	0.17391304347826086	0	0.0037488284910965324	0.0018744142455482662	0.010309278350515464	0.013120899718837863	0.005623242736644798	0.016869728209934397	0.014058106841611994	0.00937207122774133	0.005623242736644798	0.01499531396438613	0.014058106841611994	0.011246485473289596	0.011246485473289596	0.005623242736644798	0.013120899718837863	0.01499531396438613	0.004686035613870665	0.016869728209934397	0.008434864104967198	0.007497656982193065	97
Mycobacterium_kansasii	0.13414634146341464	0.041666666666666664	0.039603960396039604	0.014705882352941176	0.023809523809523808	0.04838709677419355	0	0.05357142857142857	0.0847457627118644	0	0.014492753623188406	0	0	0.07692307692307693	0.06666666666666667	0.012987012987012988	0.06153846153846154	0.09433962264150944	0.018867924528301886	0	0.011983471074380164	0.010330578512396695	0.011570247933884297	0.00909090909090909	0.009917355371900825	0.009504132231404958	0.007024793388429752	0.016942148760330577	0.005785123966942148	0.01652892561983471	0.00743801652892562	0.013223140495867768	0.009504132231404958	0.01115702479338843	0.01652892561983471	0.005371900826446281	0.008264462809917356	0.019421487603305785	0.009504132231404958	0.009917355371900825	220
Mycobacterium_leprae	0	0	0	0	0	0	0	0	0	0	0	0	0	0	0	0	0	0	0	0	0	0	0	0	0	0	0	0	0	0	0	0	0	0	0	0	0	0	0	0	0
Mycobacterium_leprae_Kyoto-2	0	0	0	0	0	0.25	1.0	0	0	0	0	0	0	0	0	0	1.0	0	0	0	0.0	0.0	0.0	0.0	0.0	0.011363636363636364	0.03409090909090909	0.022727272727272728	0.03409090909090909	0.045454545454545456	0.0	0.0	0.0	0.011363636363636364	0.0	0.022727272727272728	0.045454545454545456	0.011363636363636364	0.011363636363636364	0.011363636363636364	8
Mycobacterium_marseillense	0.16666666666666666	0	0.09375	0.14285714285714285	0.06896551724137931	0.058823529411764705	0.10526315789473684	0	0.15789473684210525	0	0	0.03333333333333333	0	0	0.2916666666666667	0	0	0.05555555555555555	0	0.05555555555555555	0.015384615384615385	0.013986013986013986	0.018181818181818184	0.008391608391608392	0.012587412587412588	0.008391608391608392	0.006993006993006993	0.005594405594405594	0.015384615384615385	0.005594405594405594	0.020979020979020976	0.011188811188811189	0.006993006993006993	0.012587412587412588	0.020979020979020976	0.023776223776223775	0.015384615384615385	0.013986013986013986	0.00979020979020979	0.004195804195804196	65
Mycobacterium_sp._JS623	0	0.08695652173913043	0.021739130434782608	0.02564102564102564	0	0	0.06818181818181818	0.08333333333333333	0	0.024390243902439025	0.06060606060606061	0.10909090909090909	0	0	0	0.02564102564102564	0	0.05660377358490566	0	0.10810810810810811	0.013755980861244018	0.01854066985645933	0.01076555023923445	0.014952153110047849	0.005382775119617225	0.010167464114832535	0.016148325358851676	0.007177033492822966	0.007177033492822966	0.01076555023923445	0.008971291866028708	0.007775119617224881	0.008971291866028708	0.007775119617224881	0.008373205741626795	0.014952153110047849	0.009569377990430622	0.012559808612440193	0.017942583732057416	0.016148325358851676	152
Mycobacterium_sp._YC-RL4	0.11764705882352941	0.047619047619047616	0	0.16129032258064516	0.02857142857142857	0	0	0.05263157894736842	0	0	0	0.06896551724137931	0.06896551724137931	0.16666666666666666	0	0.06451612903225806	0	0.1	0.038461538461538464	0.045454545454545456	0.00937207122774133	0.007497656982193065	0.0037488284910965324	0.015932521087160263	0.005623242736644798	0.007497656982193065	0.013120899718837863	0.01218369259606373	0.004686035613870665	0.0018744142455482662	0.010309278350515464	0.007497656982193065	0.01218369259606373	0.015932521087160263	0.01218369259606373	0.008434864104967198	0.01218369259606373	0.020618556701030927	0.00937207122774133	0.006560449859418931	97
Mycobacterium_tuberculosis	0.01282051282051282	0.045454545454545456	0.13636363636363635	0.08333333333333333	0.1111111111111111	0	0	0	0.12244897959183673	0.04918032786885246	0.11764705882352941	0.046153846153846156	0.038461538461538464	0	0	0.1509433962264151	0.05357142857142857	0.07142857142857142	0.06060606060606061	0	0.007882291119285338	0.01418812401471361	0.01839201261166579	0.02837624802942722	0.013137151865475566	0.007356805044666316	0.002627430373095113	0.009984235417761429	0.010509721492380452	0.013137151865475566	0.014713610089332632	0.010509721492380452	0.012611665790856541	0.009458749343142408	0.005780346820809248	0.015764582238570676	0.007356805044666316	0.0063058328954282705	0.023121387283236993	0.009984235417761429	173
Mycobacterium_tuberculosis_KZN_1435	0	0	0	0	0	0.06060606060606061	0	0.15555555555555556	0	0	0	0	0	0	0	0.03333333333333333	0	0	0	0	0.015374331550802138	0.0026737967914438505	0.007352941176470588	0.014037433155080214	0.016711229946524065	0.024064171122994655	0.013368983957219251	0.0066844919786096255	0.0020053475935828875	0.0066844919786096255	0.013368983957219251	0.015374331550802138	0.007352941176470588	0.013368983957219251	0.004679144385026738	0.0066844919786096255	0.004010695187165775	0.0160427807486631	0.01270053475935829	0.01804812834224599	136
Mycobacterium_tuberculosis_complex	0.04519774011299435	0.06722689075630252	0	0	0.05555555555555555	0.05128205128205128	0	0.041666666666666664	0.11403508771929824	0	0.0449438202247191	0.05194805194805195	0	0.18421052631578946	0	0	0.07476635514018691	0	0	0	0.011951410658307212	0.017241379310344827	0.012539184952978056	0.010579937304075235	0.011755485893416927	0.014302507836990596	0.0060736677115987465	0.012147335423197493	0.017829153605015677	0.002547021943573668	0.01665360501567398	0.011755485893416927	0.011559561128526645	0.011755485893416927	0.007836990595611285	0.009012539184952978	0.015869905956112852	0.007836990595611285	0.011363636363636364	0.00920846394984326	464
Mycobacterium_tuberculosis_variant_africanum	0	0	0	0	0	0	0	0	0	0	0	0	0	0	0	0	0	0	0	0	0	0	0	0	0	0	0	0	0	0	0	0	0	0	0	0	0	0	0	0	0
Mycobacterium_tuberculosis_variant_bovis	0	0	0	0	0	0	0	0	0	0	0	0	0	0	0	0	0	0	0	0	0	0	0	0	0	0	0	0	0	0	0	0	0	0	0	0	0	0	0	0	0
Mycobacteroides_abscessus	0.24383561643835616	0	0.008152173913043478	0.0020408163265306124	0	0	0.0038910505836575876	0.02622950819672131	0.002577319587628866	0	0	0	0	0.00392156862745098	0	0	0.0023584905660377358	0	0.02349869451697128	0.004830917874396135	0.01170739372986564	0.010843089494774888	0.005735837196511354	0.01265027107723737	0.008093030564940677	0.016421780466724288	0.013593148424609099	0.009821639035122181	0.008171603677221655	0.0032214976035200753	0.00495010607370158	0.006678714543883083	0.018228962049186767	0.010371650821089023	0.008485896126345564	0.018621827610591658	0.008564469238626542	0.005892983421073309	0.0160289149053194	0.008564469238626542	1157
Mycobacteroides_abscessus_subsp._abscessus	0.058823529411764705	0	0	0.07142857142857142	0	0	0	0.14814814814814814	0	0	0	0.041666666666666664	0	0	0	0	0.06896551724137931	0	0.08333333333333333	0.10869565217391304	0.006802721088435374	0.01484230055658627	0.009276437847866418	0.009894867037724181	0.005565862708719852	0.02411873840445269	0.006802721088435374	0.006184291898577612	0.006802721088435374	0.005565862708719852	0.004947433518862091	0.010513296227581941	0.008658008658008658	0.0018552875695732837	0.005565862708719852	0.007421150278293135	0.02535559678416821	0.008658008658008658	0.01422387136672851	0.009276437847866418	147
Mycobacteroides_abscessus_subsp._bolletii	0	0	0	0	0	0	0	0	0	0	0	0	0	0	0	0	0	0	0	0	0.0	0.0	0.0	0.0	0.0	0.01652892561983471	0.01652892561983471	0.01652892561983471	0.024793388429752063	0.0	0.01652892561983471	0.0	0.0	0.05785123966942149	0.05785123966942149	0.0	0.0	0.0	0.024793388429752063	0.0	11
Mycobacteroides_abscessus_subsp._bolletii_50594	0	0	0	0	0	0	0	0	0	0	0	0	0	0	0	1.0	0	0	0	0	0.0	0.0909090909090909	0.0	0.0	0.06060606060606061	0.07575757575757576	0.0	0.0	0.015151515151515152	0.0	0.0	0.0	0.0	0.015151515151515152	0.0	0.04545454545454545	0.015151515151515152	0.0	0.015151515151515152	0.030303030303030304	6
Mycobacteroides_abscessus_subsp._massiliense	0	0	0	0	0	0	0	0	0	0.5106382978723404	0	0	0	0	0	0	0	0	0	0	0.010330578512396695	0.0010330578512396695	0.003099173553719008	0.0	0.008264462809917356	0.0	0.005165289256198347	0.01859504132231405	0.009297520661157025	0.026859504132231406	0.010330578512396695	0.01549586776859504	0.002066115702479339	0.0	0.010330578512396695	0.006198347107438016	0.013429752066115703	0.03512396694214876	0.004132231404958678	0.03099173553719008	88
Mycobacteroides_abscessus_subsp._massiliense_CCUG_48898_=_JCM_15300	0	1.0	0	0	0	0	0	0	0	0	0	0	0	0	0.5	0	0	0	0	0	0.0	0.025252525252525252	0.010101010101010102	0.0	0.0	0.025252525252525252	0.010101010101010102	0.0	0.0	0.0	0.0	0.0	0.005050505050505051	0.0	0.005050505050505051	0.0303030303030303	0.025252525252525252	0.0	0.05555555555555555	0.0	18
Mycoplasma_haemocanis	0	0	0	0	0	0	0	0	0	0	0	0	0	0	0	0	0	0	0	0	0	0	0	0	0	0	0	0	0	0	0	0	0	0	0	0	0	0	0	0	0
Mycoplasma_haemofelis	0	0	0	0	0	0	0	0	0	0	0	0	0	0	0	0	0	0	0	0	0	0	0	0	0	0	0	0	0	0	0	0	0	0	0	0	0	0	0	0	0
Mycoplasma_haemofelis_str._Langford_1	0	0	0	0	0	0	0	0	0	0	0	0.6	0.3333333333333333	0	0	0	0	0	0	0	0.0	0.0	0.0	0.0	0.05194805194805195	0.0	0.05194805194805195	0.0	0.0	0.0	0.012987012987012988	0.03896103896103896	0.012987012987012988	0.0	0.0	0.0	0.012987012987012988	0.03896103896103896	0.03896103896103896	0.0	7
Mycoplasma_mycoides	0	0	0	0	0	0	0	0	0	0	0	0	0	0	0	0	0	0	0	0	0	0	0	0	0	0	0	0	0	0	0	0	0	0	0	0	0	0	0	0	0
Mycoplasma_ovipneumoniae	0	0	0	0	0	0	0	0	0	0	0	0	0	0	0	0	0	0	0	0	0	0	0	0	0	0	0	0	0	0	0	0	0	0	0	0	0	0	0	0	0
Mycoplasma_pneumoniae	0	0	0	0	0	0	0	0	0	0	0	0	0	0	0	0	0	0	0	0	0	0	0	0	0	0	0	0	0	0	0	0	0	0	0	0	0	0	0	0	0
Neisseria_elongata	0	0	0	0	0	0	0	0	0	0	0	0	0	0	0	0	0	0	0	0	0	0	0	0	0	0	0	0	0	0	0	0	0	0	0	0	0	0	0	0	0
Neisseria_elongata_subsp._glycolytica	0	0	0	0	0	0	0	0	0	0	0	0.3333333333333333	0	0	0	0	0	0	0	0	0.0	0.0	0.0	0.0	0.0	0.0	0.045454545454545456	0.0	0.0	0.0	0.0	0.022727272727272728	0.022727272727272728	0.022727272727272728	0.022727272727272728	0.045454545454545456	0.0	0.0	0.0	0.0	4
Neisseria_gonorrhoeae	0	0	0	0	0	0	0	0.2727272727272727	0.7692307692307693	0	0	0.8	0	0	0	0	0	0	0	0	0.06060606060606061	0.0101010101010101	0.0101010101010101	0.03367003367003367	0.0	0.0101010101010101	0.021885521885521887	0.04377104377104377	0.03367003367003367	0.0101010101010101	0.0	0.02693602693602694	0.02693602693602694	0.03367003367003367	0.0	0.0	0.03367003367003367	0.0	0.0101010101010101	0.0	54
Neisseria_gonorrhoeae_NG-k51.05	0.5251798561151079	0	0	0	0	0	0	0	0	0	0	0	0	0	0	0.3333333333333333	0	0	0	0.25	0.03404703404703405	0.0	0.0	0.022113022113022116	0.008424008424008424	0.008424008424008424	0.013338013338013339	0.016848016848016848	0.0	0.016848016848016848	0.04212004212004212	0.0	0.033696033696033696	0.033696033696033696	0.008424008424008424	0.05194805194805195	0.0	0.0	0.025272025272025274	0.030186030186030187	259
Neisseria_meningitidis	0	0	0	0	0	0	0	0	0	0	0	0	0	0	0	0	0	0	0	0	0.0	0.0	0.0	0.006060606060606061	0.024242424242424242	0.01818181818181818	0.0	0.0	0.0	0.006060606060606061	0.0606060606060606	0.006060606060606061	0.0	0.01818181818181818	0.0	0.01818181818181818	0.0	0.0	0.0	0.0	15
Neisseria_meningitidis_LNP21362	0	0	0	0	0	0	0	0	0	0	0	0	0	0	0	0	0	0	0	1.0	0.0	0.0	0.0	0.0	0.0	0.0	0.0	0.0	0.0	0.0	0.0	0.022727272727272728	0.0	0.06818181818181818	0.0	0.0	0.0	0.0	0.0	0.06818181818181818	4
Neisseria_meningitidis_M01-240355	0	0	0	0	0	0	0	0	0	0	0	0	0	0	0	0	0	0	0	0	0.0	0.0	0.0	0.09090909090909091	0.0	0.0	0.0	0.0	0.0	0.09090909090909091	0.09090909090909091	0.0	0.0	0.0	0.0	0.09090909090909091	0.0	0.09090909090909091	0.09090909090909091	0.09090909090909091	1
Neisseria_meningitidis_MC58	0	0	0	0	0	0	0	0	0	0	0	0.3333333333333333	0	0	0	0	0	0	0	0	0.0	0.020202020202020204	0.010101010101010102	0.04040404040404041	0.050505050505050504	0.0	0.0	0.0	0.0	0.0	0.020202020202020204	0.020202020202020204	0.0303030303030303	0.0	0.020202020202020204	0.0	0.020202020202020204	0.0	0.0	0.020202020202020204	9
Neisseria_mucosa	0	0	0	0	0	0	0	0	0	0	0	0	0	0	0	0	0	0	0	0	0.0	0.0	0.030303030303030304	0.0	0.0	0.0	0.030303030303030304	0.030303030303030304	0.06060606060606061	0.030303030303030304	0.0	0.0	0.0	0.0	0.0	0.0	0.0	0.030303030303030304	0.0	0.0	3
Neisseria_sicca	0	0	0	0	0	0	0	0	0	0	0	0	0	0	0	0	0	0	0	0	0.09090909090909091	0.0	0.0	0.0	0.0	0.0	0.09090909090909091	0.0	0.0	0.0	0.0	0.0	0.0	0.0	0.0	0.0	0.0	0.0	0.0	0.0	1
Neisseria_subflava	0	0	0	0	0	0	0	0	0	0	0	0	0	0	0	0	0	0	1.0	0	0.0	0.0	0.0	0.0	0.0	0.0	0.0	0.030303030303030304	0.0	0.0	0.0	0.0	0.06060606060606061	0.0	0.06060606060606061	0.0	0.0	0.0	0.06060606060606061	0.0	3
Neisseria_weaveri	0	0	0	0	0	0	0	0	0	0	0	0	0	0	0	0	0	0	0	0	0.0	0.0	0.0	0.0	0.0	0.0	0.0	0.0	0.0	0.0	0.0	0.0	0.0	0.0	0.0	0.0	0.0	0.0	0.0	0.0	1
Orthohepadnavirus	0	0	0	0	0	0	0	0	0	0	0	0	0	0	0	0	0	0	0	0	0	0	0	0	0	0	0	0	0	0	0	0	0	0	0	0	0	0	0	0	0
Orthopoxvirus	0	0	0	0	0	0	0	0	0	0	0	0	0	0	0	0	0	0	0	0	0	0	0	0	0	0	0	0	0	0	0	0	0	0	0	0	0	0	0	0	0
Paraavulavirus	0	0	0	0	0	0	0	0	0	0	0	0	0	0	0	0	0	0	0	0	0	0	0	0	0	0	0	0	0	0	0	0	0	0	0	0	0	0	0	0	0
Parvimonas_micra	0	0	0	0	0	0	0	0	0	0	0	0	0	0	0	0	0	0	0	0	0.0	0.0	0.045454545454545456	0.09090909090909091	0.0	0.0	0.0	0.0	0.0	0.0	0.0	0.0	0.045454545454545456	0.0	0.0	0.045454545454545456	0.045454545454545456	0.045454545454545456	0.0	0.0	2
Pasteurella_multocida	0	0	0	0	0	0	0	0	0	0	0	0	0	0	0	0	0	0	0	0	0	0	0	0	0	0	0	0	0	0	0	0	0	0	0	0	0	0	0	0	0
Pasteurella_multocida_subsp._multocida_P1062	0	0	0	0	0	0	0	0	0	0	0	0	0	0	0	0	0	0	0	0	0.0	0.0	0.0	0.0	0.0	0.0	0.0	0.09090909090909091	0.0	0.0	0.07954545454545454	0.0	0.0	0.0	0.0	0.0	0.0	0.0	0.0	0.0	8
Peptostreptococcus_anaerobius	0	0	0	0	0	0	0	0	0	0	0	0	0	0	0	0	0	0	0	0	0	0	0	0	0	0	0	0	0	0	0	0	0	0	0	0	0	0	0	0	0
Polyomaviridae	0	0	0	0	0	0	0	0	0	0	0	0	0	0	0	0	0	0	0	0	0	0	0	0	0	0	0	0	0	0	0	0	0	0	0	0	0	0	0	0	0
Porphyromonas_gingivalis	0	0	0	0	0	0	0.2631578947368421	0	0.9333333333333333	0	0	0	0.375	0	0	0	0	0	0	0	0.0	0.04090909090909091	0.04090909090909091	0.02727272727272727	0.0	0.045454545454545456	0.02727272727272727	0.02727272727272727	0.06363636363636363	0.0	0.0	0.0	0.01818181818181818	0.0	0.0	0.0	0.004545454545454545	0.004545454545454545	0.0	0.0	20
Porphyromonas_gingivalis_A7A1-28	0	0	0	0	0	0	0	0	0	0	0	0	0	0	0	0	0	0	0	0	0.0	0.0	0.0	0.0	0.09090909090909091	0.0	0.0	0.0	0.0	0.0	0.045454545454545456	0.045454545454545456	0.0	0.045454545454545456	0.0	0.0	0.0	0.0	0.0	0.0	2
Porphyromonas_gingivalis_AJW4	0	0	0	0	0	0	0	0	0	0	0	0	0	0	0	0	0	0	0	0	0.0	0.0	0.0	0.0	0.0	0.0	0.0	0.09090909090909091	0.0	0.0	0.005681818181818182	0.005681818181818182	0.0	0.0	0.0	0.005681818181818182	0.0	0.005681818181818182	0.005681818181818182	0.0	16
Porphyromonas_gingivalis_ATCC_33277	0	0	0	0	0	0	0	0	0	0	0	0	0	0	0	0	0	0	0	0	0.0	0.0	0.0	0.0	0.0	0.0	0.0	0.0	0.0	0.0909090909090909	0.07575757575757576	0.07575757575757576	0.07575757575757576	0.0	0.0	0.0	0.0	0.0	0.0	0.0	6
Porphyromonas_gingivalis_W83	0	0	0	0	0	0	0	0	0	0	0	0	0.3333333333333333	0	0	0	0	0	0	0	0.022727272727272728	0.0	0.03409090909090909	0.011363636363636364	0.022727272727272728	0.022727272727272728	0.0	0.011363636363636364	0.03409090909090909	0.0	0.011363636363636364	0.022727272727272728	0.03977272727272727	0.0	0.0	0.022727272727272728	0.017045454545454544	0.005681818181818182	0.03409090909090909	0.005681818181818182	16
Rickettsia_africae	0	0	0	0	0	0	0	0	0	0	0	0	0	0	0	0	0	0	0	0	0	0	0	0	0	0	0	0	0	0	0	0	0	0	0	0	0	0	0	0	0
Rickettsia_akari	0	0	0	0	0	0	0	0	0	0	0	0	0	0	0	0	0	0	0	0	0	0	0	0	0	0	0	0	0	0	0	0	0	0	0	0	0	0	0	0	0
Rickettsia_conorii	0	0	0	0	0	0	0	0	0	0	0	0	0	0	0	0	0	0	0	0	0.09090909090909091	0.0	0.0	0.0	0.0	0.0	0.0	0.0	0.0	0.0	0.0	0.0	0.0	0.0	0.0	0.0	0.0	0.0	0.0	0.0	1
Rickettsia_felis	0	0	0	0	0	0	0	0	0	0	0	0	0	0	0	0	0	0	0	0	0	0	0	0	0	0	0	0	0	0	0	0	0	0	0	0	0	0	0	0	0
Rickettsia_japonica	0	0	0	0	0	0	0	0	0	0	0	0	0	0	0	0	0	0	0	0	0	0	0	0	0	0	0	0	0	0	0	0	0	0	0	0	0	0	0	0	0
Rickettsia_prowazekii	0	0	0	0	0	0	0	0	0	0	0	0	0	0	0	0	0	0	0	0	0	0	0	0	0	0	0	0	0	0	0	0	0	0	0	0	0	0	0	0	0
Rickettsia_rickettsii	0	0	0	0	0	0	0	0	0	0	0	0	0	0	0	0	0	0	0	0	0	0	0	0	0	0	0	0	0	0	0	0	0	0	0	0	0	0	0	0	0
Rickettsia_sibirica	0	0	0	0	0	0	0	0	0	0	0	0	0	0	0	0	0	0	0	0	0	0	0	0	0	0	0	0	0	0	0	0	0	0	0	0	0	0	0	0	0
Rickettsia_typhi	0	0	0	0	0	0	0	0	0	0	0	0	0	0	0	0	0	0	0	0	0	0	0	0	0	0	0	0	0	0	0	0	0	0	0	0	0	0	0	0	0
Salmonella_enterica	0	0	0	0	0	0	0	0	0	0	0	0	0	0	0	0	0.014492753623188406	0	0	0	0.0061228725612287255	0.0	0.020755500207555004	6.226650062266501E-4	0.0	0.010377750103777502	6.226650062266501E-4	0.015877957658779574	0.011104192611041926	7.26442507264425E-4	0.031133250311332503	0.011104192611041926	0.026255707762557076	7.26442507264425E-4	0.0112079701120797	0.006330427563304276	8.302200083022001E-4	0.021481942714819426	0.011104192611041926	0.04151100041511001	876
Salmonella_enterica_subsp._VII	0	0	0	0	0	0	0	0	0	0	0	0	0	0	0	0	0	0	0	0	0.0	0.0	0.0	0.045454545454545456	0.045454545454545456	0.045454545454545456	0.045454545454545456	0.0	0.045454545454545456	0.0	0.0	0.0	0.045454545454545456	0.0	0.0	0.045454545454545456	0.045454545454545456	0.0	0.0	0.0	2
Salmonella_enterica_subsp._enterica	0.015527950310559006	0.4166666666666667	0	0	0.008403361344537815	0	0	0	0	0	0	0	0	0	0	0	0.007142857142857143	0	0	0	0.006349206349206349	0.022222222222222223	0.00202020202020202	7.215007215007215E-4	7.215007215007215E-4	0.0	0.00505050505050505	0.0017316017316017314	7.215007215007215E-4	0.028860028860028863	0.014862914862914862	0.01717171717171717	0.01847041847041847	0.017604617604617605	0.003607503607503608	0.0	0.01515151515151515	0.01948051948051948	0.0	0.001443001443001443	630
Salmonella_enterica_subsp._enterica_serovar_India_str._SA20085604	0	0	0	0	0	0	0	0	0	0	0	0	0	0	0	0	0	0	0	0	0.0	0.0	0.0	0.0	0.0	0.0	0.0	0.0	0.0	0.0	0.0	0.003787878787878788	0.0	0.0	0.0	0.0	0.0	0.056818181818181816	0.030303030303030304	0.0	24
Salmonella_enterica_subsp._enterica_serovar_Indiana	0	0	0	0	0	0	0	0	0	0	0	0	0	0	0	0	0	0	0	0	0.0	0.0	0.0	0.0	0.0	0.0	0.0	0.0	0.0	0.0	0.0	0.07272727272727272	0.0	0.0	0.0	0.07272727272727272	0.0	0.01818181818181818	0.0	0.01818181818181818	5
Salmonella_enterica_subsp._enterica_serovar_Napoli	0	0	0	0	0	1.0	0	1.0	0	0	0	0	1.0	0	0	0	0	0	0	0	0.0	0.0	0.09090909090909091	0.0	0.09090909090909091	0.09090909090909091	0.0	0.09090909090909091	0.0	0.0	0.0	0.0	0.09090909090909091	0.0	0.0	0.0	0.0	0.0	0.0	0.0	1
Salmonella_enterica_subsp._enterica_serovar_Panama_str._ATCC_7378	0	0	0	0	0	0	0	0	0	0	0	0	0	0	0	0	0	0	0	0	0.0	0.0	0.0	0.0	0.0	0.0	0.0	0.0	0.0	0.0	0.0	0.0	0.0	0.0	0.0	0.0	0.045454545454545456	0.0	0.0	0.0	2
Salmonella_enterica_subsp._enterica_serovar_Reading	0	0	0	0	0	0	0	0	0	0	0	0	0	0	0	0	0	0	0	0	0.0	0.0	0.0	0.0	0.0	0.0	0.0	0.0	0.0	0.0	0.0	0.0	0.0	0.0	0.0	0.0	0.0	0.0	0.0	0.09090909090909091	1
Salmonella_enterica_subsp._enterica_serovar_Rubislaw	0	0	0	0	0	0	0	0	0	0	0	0	0	0	0	0	0	0	0	0	0.0	0.09090909090909091	0.0	0.0	0.0	0.0	0.09090909090909091	0.0	0.0	0.0	0.0	0.0	0.0	0.0	0.0	0.0	0.0	0.0	0.0	0.0	1
Salmonella_enterica_subsp._enterica_serovar_Typhimurium	0	0	1.0	0	0	0	0	0	0	0	0	0	0	0	0	0	0	0	0	0	0.0	0.0	0.030303030303030304	0.030303030303030304	0.0	0.0	0.0	0.0	0.0	0.0	0.0	0.0	0.0	0.0	0.0	0.0	0.0	0.030303030303030304	0.0	0.0	6
Salmonella_enterica_subsp._salamae	0	0	0	0	0	0	0	0	0	0	0	0	1.0	0	0	0	0	0	0	0	0.0	0.0	0.0	0.09090909090909091	0.0	0.0	0.0	0.0	0.0	0.0	0.0	0.0	0.09090909090909091	0.0	0.0	0.0	0.0	0.0	0.0	0.0	1
Sheeppox_virus	0	0	0	0	0	0	0	0	0	0	0	0	0	0	0	0	0	0	0	0	0	0	0	0	0	0	0	0	0	0	0	0	0	0	0	0	0	0	0	0	0
Shigella_boydii	0	0	0	0	0	0	0	0	0	0	0	0	0	0	0	0	0	0	0	0	0	0	0	0	0	0	0	0	0	0	0	0	0	0	0	0	0	0	0	0	0
Shigella_dysenteriae	0	0	0	0	0	0	0	0	0	0	0	0	0	0	0	0	0	0	0	0	0	0	0	0	0	0	0	0	0	0	0	0	0	0	0	0	0	0	0	0	0
Shigella_flexneri	0	0	0	0	0	0	0	0	0	0	0	0	0	0	0	0	0	0	0	0	0	0	0	0	0	0	0	0	0	0	0	0	0	0	0	0	0	0	0	0	0
Shigella_sonnei	0	0	0	0	0	0	0	0	0	0	0	0	0	0	0	0	0	0	0	0	0	0	0	0	0	0	0	0	0	0	0	0	0	0	0	0	0	0	0	0	0
Simian_virus_12	0	0	0	0	0	0	0	0	0	0	0	0	0	0	0	0	0	0	0	0	0	0	0	0	0	0	0	0	0	0	0	0	0	0	0	0	0	0	0	0	0
Staphylococcus_aureus	0.25	0	0	0.4	0	0	0	0	0	0	0	0	0	0	0	0	0	0	0	0	6.647831145088915E-4	0.0	0.0	0.001329566229017783	0.0	0.0	0.0	0.0014957620076450058	8.309788931361143E-4	0.0	0.00116337045039056	1.6619577862722287E-4	1.6619577862722287E-4	1.6619577862722287E-4	3.3239155725444574E-4	0.0	9.971746717633372E-4	0.0	1.6619577862722287E-4	1.6619577862722287E-4	547
Staphylococcus_aureus_subsp._aureus_LGA251	0	0	0	0	0	0	0	0	0	0	0	0	0	0	0	0	0	0	0	0	0.0	0.0	0.0	0.0	0.0	0.0	0.0	0.0	0.0	0.0	0.0	0.0	0.0	0.0	0.0	0.0	0.0	0.0	0.0	0.0	46
Staphylococcus_aureus_subsp._aureus_NCTC_8325	0	0	0	0	0	0	0	0	0	0	0	0	0	0	0	0	0	0	0	0	0.0	0.0	0.0	0.0	0.0	0.0	0.0	0.0	0.0	0.0	0.0	0.0	0.0	0.0	0.0	0.0	0.0	0.0	0.0	0.0	300
Staphylococcus_cohnii	0	0	0	0	0	0	0	0	0	0	0	0	0	0	0	0	0	0	0	0	0.0	0.0	0.0	0.0	0.0	0.0	0.0	0.0	0.0	0.0	0.0	0.0	0.0	0.0	0.0	0.0	0.0	0.00909090909090909	0.0	0.0	10
Staphylococcus_epidermidis	0	0.004201680672268907	0	0	0	0	0	0	0	0	0	0	0	0	0	0	0	0	0	0	0.001457614115841964	7.671653241273494E-5	3.0686612965093976E-4	3.0686612965093976E-4	0.0	7.671653241273494E-5	0.0	0.0	0.0	0.0	0.0	0.0	1.5343306482546988E-4	0.0	0.0	0.0	0.0	0.0	7.671653241273494E-5	0.0	1185
Staphylococcus_epidermidis_ATCC_12228	0	0	0	0	0	0	0	0	0	0	0	0	0	0	0	0	0	0	0	0	0.0	0.0	0.0	0.0	0.0	0.0	0.0	0.0	0.0	0.0	0.0	0.0	0.0	0.0	0.0	0.0	0.0	0.0	0.0	0.0	29
Staphylococcus_epidermidis_PM221	0	0	0	0	0	0	0	0	0	0	0	0	0	0	0	0	0	0	0	0	0.0	0.0	0.0	0.0	0.0	0.0	0.007575757575757576	0.007575757575757576	0.0	0.0	0.0	0.0	0.0	0.0	0.0	0.0	0.0	0.0	0.0	0.007575757575757576	24
Staphylococcus_equorum	0	0	0	0	0	0	0	0	0	0	0	0	0	0	0	0	0	0	0	0	0	0	0	0	0	0	0	0	0	0	0	0	0	0	0	0	0	0	0	0	0
Staphylococcus_hominis	0	0	0	0	0	0	0	0	0	0	0	0	0	0	0	0	0	0	0	0	0.0	0.0	0.0	0.0	0.0	0.0	0.0	0.0	0.0	0.0	0.0	0.0	0.0	0.0	0.0	0.0	0.0	0.0	0.0	0.0	11
Staphylococcus_hominis_subsp._hominis	0	0	0	0	0	0	0	0	0	0	0	0	0	0	0	0	0	0	0	0	0.0	0.0	0.0	0.0	0.0	0.0	0.0	0.0	0.0	0.0	0.0	0.0	0.0	0.0	0.0	0.0	0.0	0.0	0.0	0.0	12
Staphylococcus_nepalensis	0	0	0	0	0	0	0	0	0	0	0	0	0	0	0	0	0	0	0	0	0	0	0	0	0	0	0	0	0	0	0	0	0	0	0	0	0	0	0	0	0
Staphylococcus_saprophyticus	0	0	0	0	0	0	0	0	0	0	0	0	0	0	0	0	0	0	0	0	0.0	0.0	0.0	0.0	0.0	0.0	0.0	0.0	0.0	0.0	0.0	0.0	0.0	0.0	0.0	0.0	0.0	0.0	0.0	0.0	2
Staphylococcus_simulans	0	0	0	0	0	0	0	0	0	0	0	0	0	0	0	0	0	0	0	0	0.0	0.0	0.0	0.0	0.0	0.0	0.0	0.0	0.0	0.0	0.09090909090909091	0.0	0.0	0.0	0.0	0.0	0.0	0.0	0.0	0.0	1
Staphylococcus_succinus	0	0	0	0	0	0	0	0	0	0	0	0	0	0	0	0	0	0	0	0	0.0	0.0	0.0	0.0	0.0	0.0	0.0	0.0	0.0	0.0	0.0	0.0	0.0	0.0	0.0	0.0	0.0	0.0	0.0	0.0	1
Streptococcus_agalactiae	0	0	0	0	0	0	0	0	0	0	0	0	0	0	0	0	0	0	0	0	0	0	0	0	0	0	0	0	0	0	0	0	0	0	0	0	0	0	0	0	0
Streptococcus_anginosus	0	0	0	0	0	0	0	0	0	0	0	0	0	0	0	0	0	0	0	0	0	0	0	0	0	0	0	0	0	0	0	0	0	0	0	0	0	0	0	0	0
Streptococcus_anginosus_C1051	0	0	0	0	0	0	0	0	0	0	0	0	0	0	0	0	0	0	0	0	0.0	0.0	0.0	0.0	0.0	0.0	0.0	0.0	0.0	0.0	0.0	0.0	0.0	0.0	0.0	0.0	0.0	0.0	0.0	0.0	1
Streptococcus_canis	0	0	0	0	0	0	0	0	0	0	0	0	0	0	0	0	0	0	0	0	0	0	0	0	0	0	0	0	0	0	0	0	0	0	0	0	0	0	0	0	0
Streptococcus_cristatus	0	0	0	0	0	0	0	0	0	0	0	0	0	0	0	0	0	0	0	0	0	0	0	0	0	0	0	0	0	0	0	0	0	0	0	0	0	0	0	0	0
Streptococcus_cristatus_AS_1.3089	0	0	0	0	0	0	0	0	0	0	0	0	0	0	0	0	0	0	0	0	0.0	0.0	0.0	0.0	0.0	0.0	0.09090909090909091	0.0	0.0	0.09090909090909091	0.0	0.0	0.045454545454545456	0.045454545454545456	0.0	0.0	0.0	0.045454545454545456	0.0	0.0	2
Streptococcus_cristatus_ATCC_51100	0	0	0	0	0	0	0	0	0	0	0	0	0	0	0	0	0	0	0	0	0.0	0.0	0.0	0.0	0.0	0.0	0.0	0.0	0.0	0.0	0.0	0.0	0.0	0.0	0.09090909090909091	0.0	0.0	0.09090909090909091	0.0	0.0	1
Streptococcus_dysgalactiae	0	0	0	0	0	0	0	0	0	0	0	0	0	0	0	0	0	0	0	0	0	0	0	0	0	0	0	0	0	0	0	0	0	0	0	0	0	0	0	0	0
Streptococcus_equi	0	0	0	0	0	0	0	0	0	0	0	0	0	0	0	0	0	0	0	0	0	0	0	0	0	0	0	0	0	0	0	0	0	0	0	0	0	0	0	0	0
Streptococcus_equi_subsp._equi	0	0	0	0	0	0	0	0	0	0	0	0	0	0	0	0	0	0	0	0	0.0	0.0	0.0	0.0	0.0	0.0	0.0	0.0	0.09090909090909091	0.0	0.0	0.045454545454545456	0.0	0.0	0.0	0.0	0.0	0.0	0.0	0.045454545454545456	2
Streptococcus_equi_subsp._zooepidemicus	0	0	0	0	0	0	0	0	0	0	0	0	0	0	0	0	0	0	0	0	0.0	0.0	0.045454545454545456	0.045454545454545456	0.045454545454545456	0.0	0.0	0.045454545454545456	0.0	0.0	0.0	0.045454545454545456	0.045454545454545456	0.045454545454545456	0.045454545454545456	0.0	0.0	0.0	0.045454545454545456	0.0	2
Streptococcus_gallolyticus	0	0	0	0	0	0	0	0	0	0	0	0	0	0	0	0	0	0	0	0	0	0	0	0	0	0	0	0	0	0	0	0	0	0	0	0	0	0	0	0	0
Streptococcus_gordonii	0	0	0	0	0	0	0	0	0	0	0	0	0	0	0	0	0	0	0	0	0.0	0.0	0.0	0.09090909090909091	0.0	0.09090909090909091	0.09090909090909091	0.0	0.0	0.0	0.0	0.0	0.0	0.0	0.0	0.0	0.045454545454545456	0.045454545454545456	0.0	0.045454545454545456	2
Streptococcus_gordonii_str._Challis_substr._CH1	0	0	0	0	0	0	0	0	0	0	0	0	0	0	0	0	0	0	0	0	0	0	0	0	0	0	0	0	0	0	0	0	0	0	0	0	0	0	0	0	0
Streptococcus_intermedius	0	0	0	0	0	0	0	0	0	0	0	0	0	0	0	0	0	0	0	0	0	0	0	0	0	0	0	0	0	0	0	0	0	0	0	0	0	0	0	0	0
Streptococcus_lutetiensis	0	0	0	0	0	0	0	0	0	0	0	0	0	0	0	0	0	0	0	0	0	0	0	0	0	0	0	0	0	0	0	0	0	0	0	0	0	0	0	0	0
Streptococcus_milleri	0	0	0	0	0	0	0	0	0	0	0	0	0	0	0	0	0	0	0	0	0	0	0	0	0	0	0	0	0	0	0	0	0	0	0	0	0	0	0	0	0
Streptococcus_mitis	0	0	0	0	0	0	0	0	0	0	0	0	0	0	0	0	0	0.3333333333333333	0	0	0.013986013986013986	0.013986013986013986	0.013986013986013986	0.0	0.0	0.0	0.0	0.0	0.0	0.0	0.0	0.0	0.0	0.0	0.0	0.0	0.0	0.013986013986013986	0.0	0.006993006993006993	13
Streptococcus_mitis_B6	0	0	0	0	0	0	0	0	0	0	0	0	0	0	0	0	0	0	0	0	0.0	0.0	0.0	0.0	0.0	0.0	0.0	0.0	0.0	0.0	0.0	0.0	0.0	0.0	0.0	0.0	0.0	0.0	0.0	0.045454545454545456	2
Streptococcus_mutans	0	0	0	0	0	0	0	0	0	0	0	0	0	0	0	0	0	0	0	0	0	0	0	0	0	0	0	0	0	0	0	0	0	0	0	0	0	0	0	0	0
Streptococcus_mutans_UA159	0	0	0	0	0	0	0	0	0	0	0	0	0	0	0	0	0	0	0	0	0.0	0.0	0.0	0.0	0.0	0.0	0.0	0.0	0.0	0.0	0.0	0.0	0.0	0.0	0.0	0.0	0.0	0.0	0.0	0.0	6
Streptococcus_oralis	0	0	0	0	0	0	0	0	0	0	0	0	0	0	0	0	0	0	0	0	0.0	0.0	0.0	0.0	0.022727272727272728	0.022727272727272728	0.022727272727272728	0.0	0.0	0.0	0.0	0.0	0.0	0.0	0.0	0.0	0.0	0.0	0.0	0.0	4
Streptococcus_oralis_subsp._tigurinus	0	0	0	0	0	0	0	0	0	0	1.0	0	0	0	0	0	0	0	0	0	0.0	0.0	0.0	0.0	0.0	0.0	0.0	0.0	0.0	0.0	0.030303030303030304	0.0	0.0	0.0	0.0	0.0	0.0	0.0	0.0	0.0	3
Streptococcus_parauberis	0	0	0	0	0	0	0	0	0	0	0	0	0	0	0	0	0	0	0	0	0	0	0	0	0	0	0	0	0	0	0	0	0	0	0	0	0	0	0	0	0
Streptococcus_parauberis_NCFD_2020	0	0	0	0	1.0	0	0	0	0	0	0	0	0	0	0	0	0	0	0	0	0.045454545454545456	0.0	0.0	0.045454545454545456	0.045454545454545456	0.0	0.0	0.0	0.0	0.0	0.0	0.0	0.045454545454545456	0.0	0.0	0.045454545454545456	0.045454545454545456	0.0	0.045454545454545456	0.0	2
Streptococcus_pneumoniae	0	0	0	0	0	0	0	0	0	0	0	0	0	0	0	0	0	0	0	0	0.0	0.0	0.0909090909090909	0.0	0.0	0.0	0.0	0.0	0.0	0.0	0.0	0.0	0.0	0.0	0.0	0.0	0.0	0.0	0.0	0.0	30
Streptococcus_pyogenes	0	0	0	0	0	0	0	0	0	0	0	0	0	0	0	0	0	0	0	0	0	0	0	0	0	0	0	0	0	0	0	0	0	0	0	0	0	0	0	0	0
Streptococcus_salivarius	0	0	0	0	0	0	0	0	0	0	0	0	0	0	0	0	0	0	0	0	0.0	0.0	0.0	0.0	0.0	0.0	0.0	0.0	0.0	0.0	0.0	0.0	0.0	0.0	0.0	0.0	0.0	0.0	0.0	0.0	10
Streptococcus_salivarius_JIM8777	0	0	0	0	0	0	0	0	0	0	0	0	0	0	0	0	0	0	0	0	0.0	0.0	0.0	0.0	0.0	0.0	0.0	0.0	0.0	0.0	0.0	0.0	0.0	0.0	0.0	0.0	0.0	0.0	0.0	0.0	30
Streptococcus_sanguinis	0	0	0	0	0	0	0	0	0	0	0	0	0	0	0	0	0	0	0	0	0.0	0.0	0.0303030303030303	0.0	0.0	0.0	0.0	0.0	0.0	0.0	0.010101010101010102	0.020202020202020204	0.0	0.0	0.010101010101010102	0.010101010101010102	0.010101010101010102	0.020202020202020204	0.0	0.010101010101010102	9
Streptococcus_sanguinis_SK36	0	0	0	0	0	0	0	0	0	0	0	0	0	0	0	0	0	0	0	0	0.0	0.045454545454545456	0.0	0.0	0.0	0.0	0.0	0.0	0.0	0.0	0.0	0.0	0.0	0.0	0.0	0.0	0.0	0.0	0.0	0.0	2
Streptococcus_sp._HSISM1	0	0	0	0	0	0	0	0	0	0	0	0	0	0	0	0	0	0	0	0	0.0	0.0	0.0	0.0	0.0	0.0	0.0	0.0	0.0	0.0	0.0	0.0	0.0	0.0	0.0	0.0	0.0	0.0	0.0	0.0	1
Streptococcus_suis	0	0	0	0	0	0	0	0	0	0	0	0	0	0	0	0	0	0	0	0	0.0	0.03977272727272727	0.0	0.002840909090909091	0.011363636363636364	0.0	0.008522727272727272	0.0	0.0	0.0	0.0	0.0	0.0	0.0	0.0	0.0	0.0	0.0	0.045454545454545456	0.03977272727272727	32
Streptococcus_thermophilus	0	0	0	0	0	0	0	0	0	0	0	0	0	0	0	0	0	0	0	0	0.0	0.0	0.0	0.0	0.0	0.0	0.0	0.0	0.0	0.0	0.0	0.0	0.0	0.0	0.0	0.0	0.0	0.0	0.0	0.0	21
Streptococcus_thermophilus_1F8CT	0	0	0	0	0	0	0	0	0	0	0	0	0	0	0	0	0	0	0	0	0.0	0.0	0.0	0.0	0.0	0.0	0.0	0.0	0.0	0.0	0.0	0.0	0.0	0.0	0.0	0.0	0.0	0.0	0.0	0.0	3
Streptococcus_thermophilus_ND03	0	0	0	0	0	0	0	0	0	0	0	0	0	0	0	0	0	0	0	0	0.0	0.0	0.0	0.0	0.0	0.0	0.0	0.0	0.0	0.0	0.0	0.0	0.0	0.0	0.0	0.0	0.0	0.0	0.0	0.0	1
Tannerella_forsythia	0	0	0	0	0	0	0	0	0	0	0	0	0	0	0	0	0	0	0	0	0.0	0.0	0.0	0.0	0.045454545454545456	0.045454545454545456	0.0	0.0	0.0	0.0	0.0	0.0	0.0	0.045454545454545456	0.0	0.0	0.0	0.0	0.0	0.0	4
Tannerella_forsythia_92A2	0	0	0	0	0	0	0	0	1.0	0	0	0	0	0	0	0	0	0	0	0	0.0	0.022727272727272728	0.022727272727272728	0.0	0.022727272727272728	0.022727272727272728	0.0	0.045454545454545456	0.022727272727272728	0.0	0.0	0.045454545454545456	0.0	0.045454545454545456	0.022727272727272728	0.0	0.0	0.022727272727272728	0.0	0.0	4
Treponema	0	0	0	0	0	0	0	0	0	0	0	0	0	0	0	0	0	0	0	0	0.012121212121212121	0.01515151515151515	0.04242424242424243	0.006060606060606061	0.01818181818181818	0.01818181818181818	0.0030303030303030303	0.006060606060606061	0.0	0.006060606060606061	0.006060606060606061	0.006060606060606061	0.0	0.0030303030303030303	0.006060606060606061	0.00909090909090909	0.012121212121212121	0.027272727272727275	0.01515151515151515	0.01818181818181818	30
Treponema_azotonutricium_ZAS-9	0	0	0	0	0	0	0	0	0	0	0	0	0	0	0	0	0	0	0	0	0.030303030303030304	0.06060606060606061	0.0	0.0	0.030303030303030304	0.0	0.0	0.0	0.0	0.0	0.0	0.0	0.0	0.0	0.030303030303030304	0.0	0.0	0.030303030303030304	0.030303030303030304	0.030303030303030304	3
Treponema_brennaborense_DSM_12168	0	0	1.0	0	0	0	0	0	0	0	0	0	0	0	0	0	0	0	0	0	0.0	0.030303030303030304	0.06060606060606061	0.0	0.030303030303030304	0.0	0.0	0.030303030303030304	0.0	0.030303030303030304	0.030303030303030304	0.0	0.0	0.0	0.0	0.0	0.06060606060606061	0.0	0.0	0.06060606060606061	3
Treponema_caldarium_DSM_7334	0	0	0	0	0	0	0	0	0	0	0	0	0	0	0	0	0	0	0	0	0.0	0.0	0.0	0.0	0.0	0.0	0.0	0.0	0.0	0.0	0.0	0.0	0.0	0.0	0.0	0.0	0.0	0.0	0.0	0.0	1
Treponema_denticola	0	0	0	0	0	0	0	0	0	0	0	0	0	0	0	0	0	0	0	0	0.0	0.0	0.0	0.0	0.0	0.0	0.0	0.0	0.0	0.0	0.0	0.0	0.0	0.0	0.0	0.06818181818181818	0.06818181818181818	0.0	0.06818181818181818	0.022727272727272728	4
Treponema_denticola_ATCC_35405	0	0	0	0	0	0	0	0	0	0	0	0	0	0	0	0	0	0	0	0	0	0	0	0	0	0	0	0	0	0	0	0	0	0	0	0	0	0	0	0	0
Treponema_medium	0	0	0	0	0	0	0	0	0	0	0	0	0	0	0	0	0	0	0	0	0.0	0.0	0.0	0.0	0.0	0.0	0.0	0.0	0.0	0.0	0.09090909090909091	0.0	0.0	0.09090909090909091	0.0	0.0	0.09090909090909091	0.0	0.09090909090909091	0.0	1
Treponema_pallidum	0	0	0	0	0	0	0	0	0	0	0	0	0	0	0	0	0	0	0	0	0	0	0	0	0	0	0	0	0	0	0	0	0	0	0	0	0	0	0	0	0
Treponema_pallidum_subsp._pallidum	0	0	0	0	0	0	0	0	0	0	0	0	0	0	0	0	0	0	0	0	0	0	0	0	0	0	0	0	0	0	0	0	0	0	0	0	0	0	0	0	0
Treponema_pallidum_subsp._pertenue	0	0	0	0	0	0	0	0	0	0	0	0	0	0	0	0	0	0	0	0	0	0	0	0	0	0	0	0	0	0	0	0	0	0	0	0	0	0	0	0	0
Treponema_parvum	0	0	0	0	0	0	0	0	0	0	0	0	0	0	0	0	0	0	0	0	0.0	0.0	0.0	0.06060606060606061	0.030303030303030304	0.0	0.06060606060606061	0.06060606060606061	0.06060606060606061	0.0	0.0	0.030303030303030304	0.0	0.0	0.0	0.0	0.06060606060606061	0.06060606060606061	0.0	0.0	3
Treponema_phagedenis	0	0	0	0	0	0.5	0	0	0	1.0	0	0	0	0	0	0	0	0	0	0	0.0	0.015151515151515152	0.015151515151515152	0.0	0.030303030303030304	0.015151515151515152	0.015151515151515152	0.0	0.015151515151515152	0.030303030303030304	0.0	0.0	0.022727272727272724	0.007575757575757576	0.0	0.015151515151515152	0.03787878787878788	0.015151515151515152	0.04545454545454545	0.007575757575757576	12
Treponema_primitia_ZAS-2	0	0	0	0	0	0.25	0	0	0	0	0.6666666666666666	0	0	0	0	0	0	0	0	0	0.0	0.0	0.0	0.0	0.0	0.015151515151515152	0.0	0.030303030303030304	0.015151515151515152	0.0	0.030303030303030304	0.0	0.0	0.0	0.030303030303030304	0.030303030303030304	0.0	0.0	0.030303030303030304	0.0	6
Treponema_socranskii_subsp._buccale	0	0	0	0	0	0	0	0	0	0	0	0	0	0	0	0	0	0	0	0	0.012987012987012988	0.012987012987012988	0.0	0.012987012987012988	0.05194805194805195	0.025974025974025976	0.0	0.0	0.0	0.012987012987012988	0.0	0.012987012987012988	0.012987012987012988	0.0	0.012987012987012988	0.012987012987012988	0.012987012987012988	0.0	0.012987012987012988	0.012987012987012988	7
Treponema_succinifaciens_DSM_2489	0	0	0	0	0	0	0	0	0	0	0	0	0	0	0	0	0	0	0	0	0.0	0.0	0.0	0.0	0.0	0.0	0.0	0.0	0.0	0.0	0.0	0.0	0.0	0.0	0.0	0.0	0.0	0.0	0.09090909090909091	0.0	1
Veillonella_parvula	0	0	0	0	0	0	0	0	0	0	0	0	0	0	0	0	0	0	0	0	0.0	0.0	0.0	0.0	0.0	0.0	0.0	0.0	0.0	0.0	0.0	0.0	0.0	0.0	0.0	0.0	0.0	0.0	0.0	0.0	3
Veillonella_parvula_HSIVP1	0	0	0	0	0	0	0	0	0	0	0	0	0	0	0	0	0	0	0	0	0.0	0.0	0.0	0.0	0.0	0.0	0.0	0.0	0.0	0.0	0.0	0.0	0.0	0.0	0.0	0.0	0.0	0.0	0.0	0.0	5
Vesicular_stomatitis_Indiana_virus	0	0	0	0	0	0	0	0	0	0	0	0	0	0	0	0	0	0	0	0	0	0	0	0	0	0	0	0	0	0	0	0	0	0	0	0	0	0	0	0	0
Vibrio_anguillarum	0	0	0	0	0	0	0	0	0	0	0	0	0	0	0	0	0	0	0	0	0.0	0.0	0.0	0.0	0.0	0.0	0.0	0.0	0.03496503496503496	0.0	0.0	0.0	0.04895104895104895	0.0	0.0	0.0	0.0	0.04895104895104895	0.0	0.020979020979020976	13
Vibrio_anguillarum_775	0	0	0	0	0	0	0	0	0	0	0	0	0	0	0	0	0	0	0	0	0.09090909090909091	0.0	0.0	0.0	0.0	0.0	0.0	0.0	0.0	0.0	0.0	0.0	0.0	0.0	0.0	0.0	0.0	0.09090909090909091	0.09090909090909091	0.0	1
Vibrio_cholerae	0	0	0	0	0	0	0	0	0	0	0	0	0	0	0	0	0	0	0	0	0.0	0.07272727272727272	0.0	0.0	0.0	0.0	0.0	0.0	0.0	0.0	0.0	0.0	0.00909090909090909	0.0	0.0	0.08181818181818182	0.0	0.00909090909090909	0.08181818181818182	0.0	10
Vibrio_cholerae_O1_biovar_El_Tor	0	0	0	0	0	0	0	0	0	0	0	0	0	0	0	0	0	0	0	0	0.0	0.06818181818181818	0.045454545454545456	0.0	0.045454545454545456	0.0	0.0	0.0	0.0	0.022727272727272728	0.0	0.0	0.0	0.0	0.0	0.0	0.0	0.0	0.0	0.0	4
Vibrio_furnissii	0	0	0	0	0	0	0	0	0	0	0	0	0	0	0	0	0	0	0	0	0.030303030303030304	0.0	0.0	0.0	0.0	0.030303030303030304	0.0	0.0	0.0	0.0	0.0	0.030303030303030304	0.0	0.0	0.030303030303030304	0.0	0.0	0.0	0.0	0.0	3
Vibrio_furnissii_NCTC_11218	0	0.5714285714285714	0	0	0	0	0	0	0	0	0	0	0	0	0	0	0	0	0	0	0.0	0.03636363636363636	0.0	0.0	0.0	0.0	0.0	0.0	0.02727272727272727	0.05454545454545454	0.0	0.00909090909090909	0.0	0.0	0.0	0.0	0.0	0.0	0.0	0.0	10
Vibrio_parahaemolyticus	0	0	0	0	0	0	0	0	1.0	1.0	0	0	0	0	0	0	0	0	0.5	0	0.022727272727272728	0.03409090909090909	0.03409090909090909	0.0	0.0	0.0	0.03409090909090909	0.03409090909090909	0.022727272727272728	0.06818181818181818	0.0	0.011363636363636364	0.0	0.0	0.0	0.011363636363636364	0.03409090909090909	0.022727272727272728	0.011363636363636364	0.011363636363636364	8
Vibrio_splendidus	0	0	0	0	0	1.0	0	0	0	0	0	0	0	0	0	0	0	0	0	0	0.0	0.0	0.0	0.0	0.0	0.012987012987012988	0.07792207792207792	0.0	0.012987012987012988	0.03896103896103896	0.0	0.0	0.0	0.03896103896103896	0.025974025974025976	0.012987012987012988	0.0	0.0	0.0	0.0	7
Vibrio_vulnificus	0	0	0	0	0	0.3333333333333333	0	0	0	0	0	0	0	0	0	1.0	0	0	0	0	0.0017152658662092624	0.020583190394511147	0.0017152658662092624	0.0	0.0	0.003430531732418525	0.024013722126929673	0.003430531732418525	0.0017152658662092624	0.0017152658662092624	0.0017152658662092624	0.020583190394511147	0.0017152658662092624	0.024013722126929673	0.0	0.024013722126929673	0.0	0.0	0.003430531732418525	0.032590051457975985	53
Vibrio_vulnificus_VVyb1(BT3)	0	0	0	0	0	0	0	0	0	0	0	0	0	0	0	0.2	0.2	0	0	0	0.020979020979020976	0.0	0.020979020979020976	0.027972027972027972	0.013986013986013986	0.013986013986013986	0.0	0.0	0.0	0.0	0.027972027972027972	0.0	0.027972027972027972	0.006993006993006993	0.020979020979020976	0.03496503496503496	0.04195804195804195	0.04895104895104895	0.013986013986013986	0.0	13
Vibrio_vulnificus_YJ016	0	0	0	0	0	0	0	0	0	0	0	0	0	0	0	0	0	0	0	0	0.0	0.045454545454545456	0.0	0.0	0.0	0.0	0.0	0.0	0.0	0.0	0.0	0.0	0.045454545454545456	0.0	0.045454545454545456	0.0	0.0	0.0	0.0	0.0	2
Yersinia_aldovae	0	0	0	0	0	0	0	0	0	0	0	0	0	0	0	0	0	0	0	0	0	0	0	0	0	0	0	0	0	0	0	0	0	0	0	0	0	0	0	0	0
Yersinia_aldovae_670-83	0	0	0	0	0	0	0	0	0	0	0	0	0	0	0	1.0	0	0	0	0	0.09090909090909091	0.0	0.0	0.0	0.09090909090909091	0.0	0.09090909090909091	0.0	0.0	0.0	0.0	0.09090909090909091	0.0	0.0	0.0	0.09090909090909091	0.0	0.0	0.09090909090909091	0.0	1
Yersinia_aleksiciae	0	0	0	0	0	0	0	0	0	0	0	0	0	0	0	0	0	0	0	0	0	0	0	0	0	0	0	0	0	0	0	0	0	0	0	0	0	0	0	0	0
Yersinia_enterocolitica	0	0	0	0	0	0	0	0	0	0	0	0	0	0	0	0	0	0	0	0	0	0	0	0	0	0	0	0	0	0	0	0	0	0	0	0	0	0	0	0	0
Yersinia_enterocolitica_(type_O:5)_str._YE53/03	0	0	0	0	0	0	0	0	0	0	0	0	0	0	0	0	0	0	0	0	0.0	0.0	0.0	0.0	0.0	0.0	0.0	0.0	0.0	0.0	0.0	0.045454545454545456	0.0	0.0	0.0	0.045454545454545456	0.0	0.0	0.0	0.045454545454545456	2
Yersinia_intermedia	0	0	0	0	0	0	0	0	1.0	0	0	0	0	0	0	0	0	0	0	0	0.0	0.0	0.0	0.0	0.0	0.0	0.0	0.045454545454545456	0.045454545454545456	0.0	0.0	0.045454545454545456	0.0	0.0	0.045454545454545456	0.0	0.045454545454545456	0.0	0.0	0.0	2
Yersinia_pestis	0	0	0	0	0	0	0	0	0	0	0	0	0	0	0	0	0	0	0	0	0.045454545454545456	0.0	0.045454545454545456	0.0	0.0	0.0	0.0	0.0	0.0	0.0	0.0	0.0	0.0	0.045454545454545456	0.0	0.0	0.045454545454545456	0.0	0.0	0.0	2
Yersinia_pestis_CO92	0	0	0	0	0	0	0	0	0	0	0	0	0	0	0	0	0	0	0	0	0	0	0	0	0	0	0	0	0	0	0	0	0	0	0	0	0	0	0	0	0
Yersinia_pseudotuberculosis	0	0	0	0	0	0	0	0	0	0	0	0	0	0	0	0	0	0	0	0	0	0	0	0	0	0	0	0	0	0	0	0	0	0	0	0	0	0	0	0	0
Yersinia_pseudotuberculosis_complex	0	0	0	0	0	0	0	0	0	0	0	0	0	0	0	0	0	0	0	0	0.0	0.0	0.0	0.0	0.0	0.09090909090909091	0.0	0.0	0.0	0.0	0.0	0.0	0.0	0.045454545454545456	0.0	0.045454545454545456	0.0	0.0	0.0	0.0	2
Yersinia_rohdei	0	0	0	0	0	0	0	0	0	0	0	0	0	0	0	0	0	0	0	0	0	0	0	0	0	0	0	0	0	0	0	0	0	0	0	0	0	0	0	0	0
Yersinia_ruckeri	0	0	0	0	0	0	0	0	0	0	0	0	0	0	0	0	0	0	0	0	0.03636363636363636	0.01818181818181818	0.03636363636363636	0.0	0.0	0.0	0.0	0.01818181818181818	0.0	0.0	0.0	0.0	0.03636363636363636	0.0	0.0	0.01818181818181818	0.01818181818181818	0.0	0.03636363636363636	0.0	5
