Node	C>T_1	C>T_2	C>T_3	C>T_4	C>T_5	C>T_6	C>T_7	C>T_8	C>T_9	C>T_10	G>A_11	G>A_12	G>A_13	G>A_14	G>A_15	G>A_16	G>A_17	G>A_18	G>A_19	G>A_20	D>V(11Substitution)_1	D>V(11Substitution)_2	D>V(11Substitution)_3	D>V(11Substitution)_4	D>V(11Substitution)_5	D>V(11Substitution)_6	D>V(11Substitution)_7	D>V(11Substitution)_8	D>V(11Substitution)_9	D>V(11Substitution)_10	H>B(11Substitution)_11	H>B(11Substitution)_12	H>B(11Substitution)_13	H>B(11Substitution)_14	H>B(11Substitution)_15	H>B(11Substitution)_16	H>B(11Substitution)_17	H>B(11Substitution)_18	H>B(11Substitution)_19	H>B(11Substitution)_20	considered_Matches
Actinobacillus_equuli	0	0	0	1.0	0	0	0	0	0	0	0	0	0	0	0	0	0	0	0	0	0.0	0.0	0.0	0.09090909090909091	0.0	0.0	0.09090909090909091	0.0	0.0	0.0	0.0	0.0	0.0	0.0	0.0	0.0	0.0	0.0	0.0	0.0	1
Actinobacillus_pleuropneumoniae	0	0	0	1.0	0	0	0	0	0	0	0	0	0	0	0	0	0	0	0	0	0.0	0.0	0.0	0.0743801652892562	0.0	0.0	0.0	0.0	0.0	0.0	0.0	0.0	0.0	0.0	0.01652892561983471	0.0	0.0	0.0	0.008264462809917356	0.0	11
Actinobacillus_pleuropneumoniae_serovar_6_str._Femo	0	0	0	0	0	0	0	0	0	0	0	1.0	0	0	0	0	0	0	1.0	0	0.0	0.0	0.0	0.0	0.0	0.0	0.0	0.0	0.0	0.0	0.0	0.06818181818181818	0.0	0.0	0.022727272727272728	0.0	0.0	0.0	0.06818181818181818	0.0	4
African_swine_fever_virus	0	0	0	0	0	0	0	0	0	0	0	0	0	0	0	0	0	0	0	0	0	0	0	0	0	0	0	0	0	0	0	0	0	0	0	0	0	0	0	0	0
Aphthovirus	0	0	0	0	0	0	0	0	0	0	0	0	0	0	0	0	0	0	0	0	0	0	0	0	0	0	0	0	0	0	0	0	0	0	0	0	0	0	0	0	0
Arcanobacterium_haemolyticum	0	0	0	0	0	0	0	0	0	0	0	0	0	0	0	0	0	0	0	0	0.0	0.0	0.0	0.0	0.0	0.0	0.0	0.0	0.0	0.0	0.045454545454545456	0.0	0.0	0.0	0.0	0.045454545454545456	0.0	0.0	0.0	0.0	2
Aspergillus_fumigatus	0	0	0	0	0	0	0	0	0	0	0	0	0	0	0	0	0	0	0	0	0	0	0	0	0	0	0	0	0	0	0	0	0	0	0	0	0	0	0	0	0
Bartonella_bacilliformis	0	0	0	0	0	0	0	0	0	0	0	0	0	0	0	0	0	0	0	0	0	0	0	0	0	0	0	0	0	0	0	0	0	0	0	0	0	0	0	0	0
Bartonella_henselae	0	0	0	0	0	0	0	0	0	0	0	0	0	0	0	0	0	0	0	0	0	0	0	0	0	0	0	0	0	0	0	0	0	0	0	0	0	0	0	0	0
Bartonella_quintana	0	0	0	0	0	0	0	0	0	0	0	0	0	0	0	0	0	0	0	0	0	0	0	0	0	0	0	0	0	0	0	0	0	0	0	0	0	0	0	0	0
Blastomyces_dermatitidis	0	0	0	0	0	0	0	0	0	0	0	0	0	0	0	0	0	0	0	0	0	0	0	0	0	0	0	0	0	0	0	0	0	0	0	0	0	0	0	0	0
Bordetella_bronchialis	0.08333333333333333	0	0.04	0.07692307692307693	0	0.058823529411764705	0	0	0.037037037037037035	0.125	0.125	0	0	0	0	0	0	0.04	0	0.05263157894736842	0.010243277848911651	0.0076824583866837385	0.010243277848911651	0.006402048655569782	0.005121638924455826	0.010243277848911651	0.011523687580025609	0.012804097311139564	0.011523687580025609	0.016645326504481434	0.011523687580025609	0.006402048655569782	0.008962868117797696	0.008962868117797696	0.008962868117797696	0.005121638924455826	0.012804097311139564	0.01792573623559539	0.023047375160051217	0.014084507042253521	71
Bordetella_bronchiseptica	0.037037037037037035	0	0.023809523809523808	0.0625	0.10344827586206896	0	0	0.03225806451612903	0	0	0.05714285714285714	0	0	0	0.045454545454545456	0	0	0	0	0.13333333333333333	0.0088261253309797	0.00617828773168579	0.00617828773168579	0.02206531332744925	0.019417475728155338	0.01412180052956752	0.009708737864077669	0.010591350397175639	0.0088261253309797	0.013239187996469549	0.0052956751985878195	0.007943512797881731	0.00441306266548985	0.00706090026478376	0.009708737864077669	0.019417475728155338	0.02206531332744925	0.01412180052956752	0.010591350397175639	0.00617828773168579	103
Bordetella_genomosp._13	0.10256410256410256	0.030303030303030304	0.05714285714285714	0.05405405405405406	0.029411764705882353	0	0.029411764705882353	0.03225806451612903	0	0.030303030303030304	0.038461538461538464	0.027777777777777776	0	0	0.030303030303030304	0.037037037037037035	0	0.05128205128205128	0.13793103448275862	0	0.015437392795883362	0.008576329331046312	0.017152658662092625	0.015437392795883362	0.015437392795883362	0.0137221269296741	0.012864493996569467	0.012864493996569467	0.012864493996569467	0.007718696397941681	0.007718696397941681	0.008576329331046312	0.009433962264150943	0.008576329331046312	0.012006861063464836	0.0137221269296741	0.018010291595197257	0.0137221269296741	0.01457975986277873	0.008576329331046312	106
Bordetella_pertussis	0	0	0	0	0.10493827160493827	0	0	0.484472049689441	0	0	0.14906832298136646	0	0.03571428571428571	0.03773584905660377	0	0	0	0	0	0	0.0035857414047669265	0.016030373338958025	0.008647964564437881	0.003374815439780637	0.0065387049145749845	0.007382408774520143	0.002952963509808057	0.021514448428601562	0.004640371229698376	0.004429445264712086	0.008858890529424172	0.006327778949588694	0.0069605568445475635	0.017295929128875762	0.008226112634465302	0.01160092807424594	8.437038599451593E-4	0.01223370596920481	0.005905927019616114	0.015608521408985446	431
Bordetella_pertussis_137	0	0	0	0.4074074074074074	0	0.55	0	0	0	0	0	0	0.7857142857142857	0	0	0	0	0	0	0	0.0	0.009193054136874362	0.0	0.011235955056179775	0.020429009193054137	0.02247191011235955	0.0449438202247191	0.020429009193054137	0.02247191011235955	0.02247191011235955	0.0010214504596527069	0.0	0.0449438202247191	0.0	0.0	0.0	0.006128702757916241	0.0	0.0	0.0	89
Bordetella_pertussis_18323	0	0	0	0	0	0	0	0	0	0	0.41379310344827586	0	0	0	0.3389830508474576	0	0	0	0	0	0.009569377990430622	0.023923444976076555	0.008373205741626795	0.014354066985645932	0.0023923444976076554	0.0023923444976076554	0.0	0.02033492822966507	0.014354066985645932	0.011961722488038277	0.014354066985645932	0.04665071770334928	0.0	0.0	0.023923444976076555	0.0	0.014354066985645932	0.04665071770334928	0.023923444976076555	0.0	76
Bordetella_petrii	0.11764705882352941	0.043478260869565216	0.05263157894736842	0	0.08333333333333333	0	0	0	0	0	0	0.06060606060606061	0	0	0	0	0	0.047619047619047616	0.045454545454545456	0.07142857142857142	0.006887052341597796	0.013774104683195593	0.020661157024793386	0.012396694214876033	0.008264462809917356	0.011019283746556474	0.005509641873278237	0.011019283746556474	0.013774104683195593	0.008264462809917356	0.0027548209366391185	0.006887052341597796	0.012396694214876033	0.011019283746556474	0.009641873278236915	0.012396694214876033	0.015151515151515152	0.013774104683195593	0.015151515151515152	0.020661157024793386	66
Bordetella_trematum	0	0	0	0.05405405405405406	0.06896551724137931	0	0.03225806451612903	0	0.14285714285714285	0	0.08333333333333333	0	0	0	0	0.14814814814814814	0	0	0.14285714285714285	0	0.008348794063079777	0.0176252319109462	0.012059369202226345	0.014842300556586271	0.014842300556586271	0.0074211502782931356	0.012987012987012986	0.0074211502782931356	0.011131725417439703	0.011131725417439703	0.014842300556586271	0.006493506493506493	0.00927643784786642	9.276437847866419E-4	0.0055658627087198514	0.012987012987012986	0.012987012987012986	0.012987012987012986	0.011131725417439703	0.0176252319109462	98
Borrelia_crocidurae	0	0	0	0	0	0	0	0	0	0	0	0	0	0	0	0	0	0	0	0	0	0	0	0	0	0	0	0	0	0	0	0	0	0	0	0	0	0	0	0	0
Borrelia_recurrentis	0	0	0	0	0	0	0	0	0	0	0	0	0	0	0	0	0	0	0	0	0	0	0	0	0	0	0	0	0	0	0	0	0	0	0	0	0	0	0	0	0
Borrelia_recurrentis_A1	0	0	0	0	0	0	0	0	0	0	0	0	0	0	0	0	0	0	0	0	0.0	0.0	0.0	0.0	0.0	0.0	0.0	0.0	0.0	0.045454545454545456	0.0	0.0	0.0	0.0	0.0	0.0	0.0	0.0	0.0	0.0	2
Borreliella_afzelii	0	0	0	0	0	0	0	0	0	0	0	0	0	0	0	0	0	0	0	0	0	0	0	0	0	0	0	0	0	0	0	0	0	0	0	0	0	0	0	0	0
Borreliella_burgdorferi	0	0	0	0	0	0	0	0	0	0	0	0	0	0	0	0	0	0	0	0	0	0	0	0	0	0	0	0	0	0	0	0	0	0	0	0	0	0	0	0	0
Borreliella_garinii	0	0	0	0	0	0	0	0	0	0	0	0	0	0	0	0	0	0	0	0	0.0	0.0	0.0	0.0	0.09090909090909091	0.09090909090909091	0.09090909090909091	0.0	0.0	0.09090909090909091	0.0	0.0	0.0	0.0	0.0	0.09090909090909091	0.0	0.0	0.0	0.0	1
Borreliella_garinii_BgVir	0	0	0	0	0	0	0	0	0	0	0	0	0	0	0	0	0	0	0	0	0.0	0.0909090909090909	0.0	0.0	0.0	0.0	0.0	0.0	0.0	0.0	0.0	0.0	0.0	0.015151515151515152	0.0	0.0	0.0	0.0	0.0	0.0	6
Bovine_rhinitis_A_virus	0	0	0	0	0	0	0	0	0	0	0	0	0	0	0	0	0	0	0	0	0	0	0	0	0	0	0	0	0	0	0	0	0	0	0	0	0	0	0	0	0
Brucella_abortus	0	0	0	0	0	0	0	0	0	0	0	0	0	0	0	0	0	0	0	0	0	0	0	0	0	0	0	0	0	0	0	0	0	0	0	0	0	0	0	0	0
Brucella_canis	0	0	0	0	0	0	0	0	0	0	0	0	0	0	0	0	0	0	0	0	0	0	0	0	0	0	0	0	0	0	0	0	0	0	0	0	0	0	0	0	0
Brucella_melitensis	0	0	0	0	0	0	0	0	0	0	0	0	0	0	0	1.0	0	0.5	0	0	0.022727272727272728	0.022727272727272728	0.0	0.0	0.0	0.0	0.0	0.022727272727272728	0.0	0.0	0.0	0.0	0.06818181818181818	0.0	0.045454545454545456	0.045454545454545456	0.0	0.022727272727272728	0.022727272727272728	0.0	4
Brucella_microti	0	0	0	0	0	0	0	0	0	0	0	0	0	0	0	0	0	0	0	0	0	0	0	0	0	0	0	0	0	0	0	0	0	0	0	0	0	0	0	0	0
Brucella_ovis	0	0	0	0	0	0	0	0	0	0	0	0	0	0	0	0	0	0	0	0	0	0	0	0	0	0	0	0	0	0	0	0	0	0	0	0	0	0	0	0	0
Brucella_ovis_ATCC_25840	0	0	0	0	0	0	0	0	0	0	0	0	0	0	0	0	0	0	0	0	0.0	0.0	0.0	0.09090909090909091	0.0	0.0	0.0	0.0	0.0	0.0	0.0	0.0	0.0	0.0	0.0	0.0	0.0	0.0	0.09090909090909091	0.0	1
Brucella_suis	0	0	0	0	0	1.0	0	0	0	0	0	0	0	0	0	0	0	0	0	0	0.0	0.0	0.0	0.0	0.030303030303030304	0.030303030303030304	0.030303030303030304	0.0	0.0	0.06060606060606061	0.0	0.0	0.0	0.030303030303030304	0.030303030303030304	0.030303030303030304	0.0	0.0	0.0	0.0	3
Burkholderia_cepacia	0.09210526315789473	0	0.017543859649122806	0	0.013333333333333334	0	0	0.015384615384615385	0.03125	0.10810810810810811	0.08450704225352113	0.06557377049180328	0	0.05194805194805195	0.0975609756097561	0.09615384615384616	0.016666666666666666	0.016129032258064516	0.11764705882352941	0.05263157894736842	0.013774104683195591	0.009641873278236915	0.010560146923783287	0.009182736455463728	0.010560146923783287	0.009182736455463728	0.007805325987144169	0.010560146923783287	0.005968778696051423	0.010101010101010102	0.006427915518824609	0.0068870523415977955	0.008723599632690543	0.011937557392102846	0.013314967860422406	0.008264462809917356	0.015151515151515152	0.009641873278236915	0.01652892561983471	0.008723599632690543	198
Burkholderia_cepacia_ATCC_25416	0	0.1891891891891892	0	0.14285714285714285	0	0	0	0	0	0	0	0	0	0	0	0.04838709677419355	0.03125	0	0.09090909090909091	0	0.0202020202020202	0.01818181818181818	0.00404040404040404	0.014141414141414142	0.012121212121212121	0.009427609427609427	0.00404040404040404	0.02356902356902357	0.0047138047138047135	6.734006734006734E-4	0.009427609427609427	0.02154882154882155	0.006060606060606061	0.003367003367003367	0.006734006734006734	0.006060606060606061	0.00808080808080808	0.007407407407407408	0.0026936026936026937	0.02558922558922559	135
Burkholderia_cepacia_JBK9	0.041666666666666664	0	0.05263157894736842	0.2857142857142857	0.034482758620689655	0	0.1111111111111111	0.0625	0.11764705882352941	0	0	0	0	0	0	0	0.043478260869565216	0	0.06666666666666667	0	0.013175230566534914	0.005270092226613966	0.011857707509881424	0.023715415019762848	0.00922266139657444	0.017127799736495388	0.015810276679841896	0.013175230566534914	0.010540184453227932	0.013175230566534914	0.006587615283267457	0.014492753623188406	0.006587615283267457	0.006587615283267457	0.010540184453227932	0.005270092226613966	0.010540184453227932	0.010540184453227932	0.011857707509881424	0.010540184453227932	69
Burkholderia_gladioli	0.02	0.044897959183673466	0.05128205128205128	0.03754266211604096	0.01195219123505976	0	0.0946969696969697	0	0.17757009345794392	0.031746031746031744	0.08041958041958042	0.012048192771084338	0.006993006993006993	0	0.02857142857142857	0.048672566371681415	0	0.041025641025641026	0.009900990099009901	0.05102040816326531	0.014208155250086636	0.01305302067690886	0.012937507219591082	0.012013399561048863	0.01120480535982442	0.00843248238419776	0.016980478225713296	0.010396211158599976	0.012475453390319972	0.011897886103731084	0.008894536213468869	0.008316968926879982	0.005891186323206654	0.007277347811019984	0.008547995841515537	0.009472103500057756	0.011897886103731084	0.009703130414693312	0.015594316737899966	0.010165184243964422	787
Burkholderia_gladioli_BSR3	0	0	0	0	0.07407407407407407	0.07692307692307693	0	0.04	0	0	0	0	0	0.11538461538461539	0.029411764705882353	0	0	0	0.13636363636363635	0.5384615384615384	0.01818181818181818	0.0106951871657754	0.00320855614973262	0.01283422459893048	0.014973262032085561	0.008556149732620321	0.0106951871657754	0.02566844919786096	0.014973262032085561	0.0042780748663101605	0.0021390374331550803	0.020320855614973262	0.0074866310160427805	0.008556149732620321	0.00320855614973262	0.011764705882352941	0.0021390374331550803	0.0	0.023529411764705882	0.022459893048128343	85
Burkholderia_gladioli_pv._gladioli	0.023148148148148147	0.07386363636363637	0.044715447154471545	0.044444444444444446	0.005917159763313609	0.04975124378109453	0.022727272727272728	0.04522613065326633	0.043209876543209874	0.014018691588785047	0	0.027777777777777776	0.013888888888888888	0.06321839080459771	0.03508771929824561	0.02185792349726776	0.006369426751592357	0.030612244897959183	0.032407407407407406	0.03902439024390244	0.00937207122774133	0.014839112777257107	0.013745704467353952	0.012496094970321774	0.008747266479225241	0.007966260543580132	0.011246485473289597	0.013745704467353952	0.012964698531708842	0.010309278350515464	0.006091846298031865	0.008747266479225241	0.006248047485160887	0.011715089034676664	0.01077788191190253	0.013745704467353952	0.014682911590128083	0.007810059356451109	0.010465479537644486	0.015463917525773196	582
Burkholderia_mallei	0	0	0.1111111111111111	0	0.2	0.041666666666666664	0	0.03571428571428571	0	0	0	0	0	0.56	0	0	0	0.1111111111111111	0	0.05263157894736842	0.04155844155844156	0.01038961038961039	0.005194805194805195	0.046753246753246755	0.02857142857142857	0.0025974025974025974	0.012987012987012986	0.0025974025974025974	0.0	0.005194805194805195	0.015584415584415583	0.0025974025974025974	0.046753246753246755	0.03636363636363636	0.03896103896103896	0.015584415584415583	0.0	0.005194805194805195	0.012987012987012986	0.005194805194805195	35
Burkholderia_mallei_NCTC_10229	0	0	0	0	0	0	0	0	0	0	0	0	0	0	0	0	0	0	0	0	0.0	0.0	0.0	0.022727272727272728	0.0	0.0	0.0	0.0	0.0	0.0	0.022727272727272728	0.022727272727272728	0.0	0.0	0.0	0.0	0.06818181818181818	0.0	0.022727272727272728	0.0	4
Burkholderia_mallei_NCTC_10247	0	0	0	0	0	0	0	0	0	0	0	0	0	0	0	0	0	0	0	0	0.09090909090909091	0.0	0.0	0.0	0.0	0.0	0.0	0.0	0.0	0.09090909090909091	0.0	0.0	0.0	0.0	0.0	0.0	0.0	0.0	0.0	0.0	1
Burkholderia_multivorans	0.08163265306122448	0.06358381502890173	0.008771929824561403	0.0763888888888889	0.03626943005181347	0.09340659340659341	0.058823529411764705	0.03015075376884422	0.03571428571428571	0.03759398496240601	0.04697986577181208	0.07339449541284404	0.0045662100456621	0	0.014184397163120567	0.05732484076433121	0.015625	0	0.03389830508474576	0.05185185185185185	0.018665744901486345	0.012098167991704113	0.006394745938472174	0.011925337020394054	0.014517801590044937	0.01106118216384376	0.011406844106463879	0.013135153819564467	0.010024196335983409	0.010715520221223645	0.008987210508123056	0.005357760110611822	0.00967853439336329	0.008468717594192878	0.010715520221223645	0.014863463532665053	0.0077773937089526445	0.012789491876944349	0.01106118216384376	0.0067404078810922915	526
Burkholderia_multivorans_ATCC_17616	0.01694915254237288	0	0	0	0	0	0.2857142857142857	0	0	0.07407407407407407	0.09375	0.03333333333333333	0	0.05405405405405406	0.15873015873015872	0.041666666666666664	0	0.014925373134328358	0	0.045454545454545456	0.008264462809917356	0.010625737898465172	0.011806375442739079	0.01948051948051948	0.012987012987012988	0.012396694214876033	0.010625737898465172	0.012987012987012988	0.005312868949232586	0.010625737898465172	0.008264462809917356	0.009445100354191263	0.01357733175914994	0.017709563164108617	0.008854781582054308	0.0059031877213695395	0.021841794569067298	0.011806375442739079	0.009445100354191263	0.007083825265643447	154
Burkholderia_multivorans_ATCC_BAA-247	0	0	0.02702702702702703	0	0	0	0	0	0.06451612903225806	0.021739130434782608	0	0.07142857142857142	0	0	0.08	0	0.34615384615384615	0	0	0	0.0106951871657754	0.0213903743315508	0.00267379679144385	0.004456327985739751	0.008912655971479501	0.0196078431372549	0.016042780748663103	0.011586452762923352	0.007130124777183601	0.007130124777183601	0.0053475935828877	0.004456327985739751	0.023172905525846704	0.008912655971479501	0.011586452762923352	8.912655971479501E-4	0.017825311942959002	0.0053475935828877	0.011586452762923352	0.0035650623885918006	102
Burkholderia_pseudomallei	0.031914893617021274	0.0078125	0.03508771929824561	0.050359712230215826	0.027777777777777776	0.0051813471502590676	0.006711409395973154	0.15757575757575756	0.05228758169934641	0.045454545454545456	0	0.00546448087431694	0.061224489795918366	0.022598870056497175	0.3223684210526316	0.24539877300613497	0.024875621890547265	0.01	0.08695652173913043	0.04395604395604396	0.008463446665693857	0.005545016780971837	0.0071501532175689475	0.0071501532175689475	0.008755289654166058	0.011673719538888077	0.007879760688749453	0.015175835400554503	0.010798190573471473	0.006420545746388443	0.018823872756457024	0.033707865168539325	0.015905442871735006	0.008025682182985553	0.02086677367576244	0.01050634758499927	0.009484897125346564	0.006274624252152342	0.029767984824164602	0.01371662045819349	623
Burkholderia_pseudomallei_1106b	0	0	0	0	0	0	0	0	0	0	0	0.3333333333333333	0	0	0	0	0	0	0	0	0.00909090909090909	0.00909090909090909	0.01818181818181818	0.0	0.0	0.02727272727272727	0.01818181818181818	0.00909090909090909	0.0	0.0	0.0	0.01818181818181818	0.0	0.0	0.0	0.05454545454545454	0.0	0.0	0.01818181818181818	0.00909090909090909	10
Burkholderia_pseudomallei_1710a	0.3333333333333333	0	0	0	0	0	0	0	0	0	0	0	0	0	0	0	0	0	0	0	0.010101010101010102	0.0	0.0	0.0707070707070707	0.0	0.0606060606060606	0.020202020202020204	0.0	0.0	0.0303030303030303	0.050505050505050504	0.0	0.0	0.010101010101010102	0.0	0.020202020202020204	0.0606060606060606	0.0	0.010101010101010102	0.010101010101010102	9
Burkholderia_pseudomallei_1710b	0	0	0	0	0	0	0	0	0	0	0	0	0	0	0	0	0	0	0	1.0	0.03636363636363636	0.0	0.0	0.0	0.0	0.0	0.05454545454545455	0.0	0.0	0.05454545454545455	0.0	0.0	0.0	0.0	0.0	0.0	0.0	0.0	0.0	0.08484848484848485	15
Burkholderia_pseudomallei_7894	0	0	0	0	0	0	0	0	0	0	0	0	0	0	0.5	0	0	0	0.05555555555555555	0	0.028409090909090908	0.0	0.0	0.011363636363636364	0.014204545454545454	0.03409090909090909	0.0	0.014204545454545454	0.0	0.002840909090909091	0.02556818181818182	0.002840909090909091	0.005681818181818182	0.014204545454545454	0.002840909090909091	0.002840909090909091	0.014204545454545454	0.02556818181818182	0.017045454545454544	0.014204545454545454	32
Burkholderia_pseudomallei_B03	0	0	0	1.0	0.1	0	0	0	0	0.18181818181818182	0	0	0	0	0.2857142857142857	0	0	0	0	0	0.0	0.0	0.012987012987012988	0.012987012987012988	0.006493506493506494	0.0	0.0	0.0	0.0	0.01948051948051948	0.0	0.0	0.012987012987012988	0.0	0.032467532467532464	0.0	0.01948051948051948	0.01948051948051948	0.03896103896103896	0.012987012987012988	14
Burkholderia_pseudomallei_MSHR1153	0	0	0	0.6666666666666666	0	0.5	0	0	0	0	0	0	0	0	0	0	0	0.2	0	0	0.010101010101010102	0.020202020202020204	0.020202020202020204	0.020202020202020204	0.0	0.020202020202020204	0.020202020202020204	0.0	0.0	0.020202020202020204	0.0	0.010101010101010102	0.010101010101010102	0.020202020202020204	0.010101010101010102	0.0	0.0	0.010101010101010102	0.020202020202020204	0.010101010101010102	9
Burkholderia_pseudomallei_MSHR2543	0	0	0	0	0	0	0	0	0	0	0	0	0	0	0	0	0	0	0	0	0.05303030303030303	0.007575757575757576	0.015151515151515152	0.0	0.030303030303030304	0.022727272727272724	0.0	0.0	0.0	0.0	0.0	0.07575757575757576	0.0	0.0	0.0	0.0	0.0	0.07575757575757576	0.0	0.0	12
Burkholderia_pseudomallei_MSHR346	0	0	0	0	0	0	0	0	0	0	0	0	0	0	0	0	0	0	0	0	0.0	0.0	0.0	0.045454545454545456	0.045454545454545456	0.0	0.0	0.0	0.0	0.0	0.0	0.022727272727272728	0.0	0.0	0.0	0.0	0.0	0.0	0.022727272727272728	0.0	4
Burkholderia_pseudomallei_MSHR435	0	0	0.08333333333333333	0.6666666666666666	0	0.6666666666666666	0	0	0	0	0.3076923076923077	0	0	0.16666666666666666	0	0	0	0	0	0	0.03305785123966942	0.02066115702479339	0.008264462809917356	0.008264462809917356	0.01652892561983471	0.01652892561983471	0.004132231404958678	0.01652892561983471	0.024793388429752063	0.004132231404958678	0.01652892561983471	0.008264462809917356	0.004132231404958678	0.008264462809917356	0.028925619834710745	0.004132231404958678	0.04132231404958678	0.0	0.004132231404958678	0.02066115702479339	22
Burkholderia_pseudomallei_NCTC_13179	0	0	0	0	0	0	0	0	0	0	0	0	0	0	0	0	0	0	0	0	0.0	0.0	0.05454545454545454	0.0	0.0	0.01818181818181818	0.0	0.0	0.0	0.0	0.0	0.0	0.0	0.0	0.0	0.0	0.0	0.0	0.07272727272727272	0.0	5
Burkholderia_pseudomallei_Pasteur_52237	0	0	0	0	0.3333333333333333	0	0	0	0	0	0	0	0	0	0	0	0	0	0	0	0.0	0.0	0.030303030303030304	0.0	0.030303030303030304	0.0	0.0	0.0	0.0	0.0	0.0	0.0	0.0	0.030303030303030304	0.0	0.0	0.030303030303030304	0.030303030303030304	0.0	0.0	3
Campylobacter_coli	0	0	0	0	0	0	0	0	0	0	0	0	0	0	0	0	0	0	0	0	0	0	0	0	0	0	0	0	0	0	0	0	0	0	0	0	0	0	0	0	0
Campylobacter_fetus	0	0	0	0	0	0	0	0	0	0	0	0	0	0	0	0	0	0	0	0	0	0	0	0	0	0	0	0	0	0	0	0	0	0	0	0	0	0	0	0	0
Campylobacter_gracilis	0	0	0	0	0	0	0	0	0	0	0	0	0	0	0	0	0	0	0	0	0.0	0.0	0.0	0.03636363636363636	0.0	0.03636363636363636	0.03636363636363636	0.03636363636363636	0.0	0.01818181818181818	0.0	0.0	0.03636363636363636	0.0	0.0	0.03636363636363636	0.03636363636363636	0.03636363636363636	0.01818181818181818	0.0	5
Campylobacter_showae	0	0	0	0	0	0	0	0	0	0	0	0	0	0	0	0	0	0	0	0	0.0	0.0	0.022727272727272728	0.022727272727272728	0.022727272727272728	0.0	0.045454545454545456	0.0	0.0	0.022727272727272728	0.022727272727272728	0.045454545454545456	0.022727272727272728	0.022727272727272728	0.0	0.0	0.022727272727272728	0.022727272727272728	0.022727272727272728	0.0	4
Canine_morbillivirus	0	0	0	0	0	0	0	0	0	0	0	0	0	0	0	0	0	0	0	0	0	0	0	0	0	0	0	0	0	0	0	0	0	0	0	0	0	0	0	0	0
Chlamydia_abortus	0	0	0	0	0	0	0	0	0	0	0	0	0	0	0	0	0	0	0	0	0	0	0	0	0	0	0	0	0	0	0	0	0	0	0	0	0	0	0	0	0
Chlamydia_caviae	0	0	0	0	0	0	0	0	0	0	0	0	0	0	0	0	0	0	0	0	0	0	0	0	0	0	0	0	0	0	0	0	0	0	0	0	0	0	0	0	0
Chlamydia_felis	0	0	0	0	0	0	0	0	0	0	0	0	0	0	0	0	0	0	0	0	0	0	0	0	0	0	0	0	0	0	0	0	0	0	0	0	0	0	0	0	0
Chlamydia_muridarum	0	0	0	0	0	0	0	0	0	0	0	0	0	0	0	0	0	0	0	0	0	0	0	0	0	0	0	0	0	0	0	0	0	0	0	0	0	0	0	0	0
Chlamydia_pecorum	0	0	0	0	0	0	0	0	0	0	0	0	0	0	0	0	0	0	0	0	0	0	0	0	0	0	0	0	0	0	0	0	0	0	0	0	0	0	0	0	0
Chlamydia_pneumoniae	0	0	0	0	0	0	0	0	0	0	0	0	0	0	0	0	0	0	0	0	0	0	0	0	0	0	0	0	0	0	0	0	0	0	0	0	0	0	0	0	0
Chlamydia_psittaci	0	0	0	0	0	0	0	0	0	0	0	0	0	0	0	0	0	0	0	0	0	0	0	0	0	0	0	0	0	0	0	0	0	0	0	0	0	0	0	0	0
Chlamydia_suis	0	0	0	0	0	0	0	0	0	0	0	0	0	0	0	0	0	0	0	0	0	0	0	0	0	0	0	0	0	0	0	0	0	0	0	0	0	0	0	0	0
Chlamydia_trachomatis	0	0	0	0	0	0	0	0	0	0	0	0	0	0	0	0	0	0	0	0	0	0	0	0	0	0	0	0	0	0	0	0	0	0	0	0	0	0	0	0	0
Corynebacterium_ammoniagenes	0	0	0	0	0	0	0	0	0	0	0	0	0	0	0	0	0	0	0	0	0.0	0.06818181818181818	0.0	0.0	0.06818181818181818	0.0	0.0	0.06818181818181818	0.0	0.06818181818181818	0.022727272727272728	0.0	0.0	0.0	0.022727272727272728	0.0	0.0	0.0	0.0	0.0	4
Corynebacterium_amycolatum	0	0	0	0	0	0	0	0	0	0	0	0	0	0	0	0	0	0	0	0	0.011363636363636364	0.0	0.011363636363636364	0.0	0.022727272727272728	0.0	0.011363636363636364	0.022727272727272728	0.0	0.0	0.011363636363636364	0.011363636363636364	0.03409090909090909	0.0	0.045454545454545456	0.011363636363636364	0.011363636363636364	0.0	0.011363636363636364	0.045454545454545456	8
Corynebacterium_bovis	0	0.034482758620689655	0.10714285714285714	0	0.029411764705882353	0	0	0.08	0.02857142857142857	0	0	0.0625	0	0	0	0	0	0	0.030303030303030304	0.07142857142857142	0.006993006993006993	0.014985014985014984	0.012987012987012988	0.01098901098901099	0.00999000999000999	0.016983016983016984	0.012987012987012988	0.007992007992007992	0.006993006993006993	0.005994005994005993	0.00999000999000999	0.01098901098901099	0.011988011988011986	0.011988011988011986	0.005994005994005993	0.007992007992007992	0.006993006993006993	0.00999000999000999	0.014985014985014984	0.006993006993006993	91
Corynebacterium_crudilactis	0	0	0	0	0	0	0	0	0	0	0	0	0	0	0	0	0	0	0	0	0.0	0.022727272727272728	0.0	0.0	0.0	0.0	0.022727272727272728	0.06818181818181818	0.0	0.0	0.0	0.0	0.0	0.0	0.022727272727272728	0.022727272727272728	0.045454545454545456	0.022727272727272728	0.0	0.0	4
Corynebacterium_diphtheriae	0	0	0	0	0	0	0	0	0	0	0	0	0	0	0	0	0	0	0	0	0.0	0.0	0.0	0.0	0.0	0.0	0.09090909090909091	0.0	0.0	0.0	0.0	0.012987012987012988	0.0	0.0	0.07792207792207792	0.07792207792207792	0.07792207792207792	0.0	0.0	0.0	7
Corynebacterium_diphtheriae_HC03	0	0	0	0	0	0	0	0	0	0	0	0	0	0	0	0	0	0	0	0	0.0	0.0	0.0	0.0	0.0	0.0	0.0	0.0	0.0	0.0	0.0	0.0	0.0	0.0	0.09090909090909091	0.0	0.0	0.0	0.0	0.09090909090909091	1
Corynebacterium_diphtheriae_NCTC_13129	0	0	0	0	0	0	0	0	0	0	0	0	0	0	0	0	0	0	0	0	0.0	0.0	0.0	0.0909090909090909	0.0	0.0	0.0	0.0	0.0	0.0909090909090909	0.0	0.0	0.0	0.0	0.0	0.06060606060606061	0.0	0.0	0.06060606060606061	0.0	3
Corynebacterium_jeikeium	0.25	0	0	0	0	0	0	0	0.3333333333333333	0.375	0	0	0	0	0	0	0	0	0	0	0.012987012987012988	0.006493506493506494	0.006493506493506494	0.006493506493506494	0.0	0.006493506493506494	0.0	0.006493506493506494	0.01948051948051948	0.025974025974025976	0.025974025974025976	0.006493506493506494	0.006493506493506494	0.006493506493506494	0.006493506493506494	0.025974025974025976	0.01948051948051948	0.0	0.01948051948051948	0.012987012987012988	14
Corynebacterium_jeikeium_K411	0.14285714285714285	0	0	0	0	0	0	0.09090909090909091	0	0	0	0.46153846153846156	0	0.18181818181818182	0.11764705882352941	0	0	0	0	0	0.004784688995215311	0.004784688995215311	0.014354066985645932	0.009569377990430622	0.004784688995215311	0.0023923444976076554	0.007177033492822966	0.007177033492822966	0.0023923444976076554	0.0215311004784689	0.0023923444976076554	0.019138755980861243	0.014354066985645932	0.011961722488038277	0.011961722488038277	0.004784688995215311	0.0023923444976076554	0.0	0.004784688995215311	0.007177033492822966	38
Corynebacterium_kroppenstedtii	0	0	0	0	0	0	0	0	0	0	0	0	0	0	0	0	0	0	0	0	0.00909090909090909	0.00909090909090909	0.045454545454545456	0.00909090909090909	0.00909090909090909	0.00909090909090909	0.045454545454545456	0.0	0.01818181818181818	0.0	0.01818181818181818	0.00909090909090909	0.0	0.01818181818181818	0.00909090909090909	0.0	0.00909090909090909	0.00909090909090909	0.00909090909090909	0.02727272727272727	10
Corynebacterium_kroppenstedtii_DSM_44385	0	0	0	0	0	0	0.2	0	0	0	0	0	0	0	0	0	0	0	0	0	0.00909090909090909	0.00909090909090909	0.013636363636363636	0.0	0.0	0.013636363636363636	0.00909090909090909	0.013636363636363636	0.013636363636363636	0.0	0.0	0.0	0.0	0.0	0.0	0.0	0.0	0.0	0.0	0.00909090909090909	20
Corynebacterium_maris	0	0	0	0	0	0	0	0	0	0	0	0	0	0	0	0	0	0	0	0	0	0	0	0	0	0	0	0	0	0	0	0	0	0	0	0	0	0	0	0	0
Corynebacterium_maris_DSM_45190	0.125	0	0.125	0	0.14285714285714285	0	0.058823529411764705	0	0	0.08333333333333333	0	0	0	0	0	0	0	0.05555555555555555	0.07142857142857142	0	0.013986013986013984	0.009324009324009324	0.018648018648018648	0.009324009324009324	0.011655011655011654	0.004662004662004662	0.004662004662004662	0.009324009324009324	0.004662004662004662	0.004662004662004662	0.004662004662004662	0.016317016317016316	0.018648018648018648	0.013986013986013984	0.011655011655011654	0.011655011655011654	0.006993006993006992	0.009324009324009324	0.016317016317016316	0.011655011655011654	39
Corynebacterium_matruchotii	0	0	0	0	0	0	0	0	0	0	0	0.3333333333333333	0	0	0	0	0	0	0	0	0.013986013986013986	0.0	0.013986013986013986	0.013986013986013986	0.020979020979020976	0.006993006993006993	0.006993006993006993	0.0	0.013986013986013986	0.0	0.006993006993006993	0.006993006993006993	0.006993006993006993	0.006993006993006993	0.006993006993006993	0.0	0.03496503496503496	0.006993006993006993	0.020979020979020976	0.006993006993006993	13
Corynebacterium_minutissimum	0	0	0	0	0	0	0	0	0.3333333333333333	0	0	0	0	0.3333333333333333	0.3333333333333333	0	0	0.125	0	0.2857142857142857	0.0160427807486631	0.005347593582887701	0.0374331550802139	0.010695187165775402	0.0160427807486631	0.0	0.005347593582887701	0.010695187165775402	0.0160427807486631	0.010695187165775402	0.0	0.0	0.026737967914438502	0.005347593582887701	0.026737967914438502	0.0	0.021390374331550804	0.026737967914438502	0.0160427807486631	0.0160427807486631	17
Corynebacterium_pseudotuberculosis	0	0	0	0	0	0	0	0	0	0	0	0	0	0	0	0	0	0	0	0	0.0	0.0	0.0	0.0	0.0	0.0	0.0	0.0	0.0	0.0	0.0	0.0	0.0	0.0	0.0	0.07272727272727272	0.0	0.0	0.0	0.0	5
Corynebacterium_renale	0	0	0	0	0	0.3333333333333333	0	0	0	0	0	0	0	0	0	0	0	0.16666666666666666	0	0	0.024793388429752063	0.01652892561983471	0.01652892561983471	0.008264462809917356	0.01652892561983471	0.008264462809917356	0.008264462809917356	0.024793388429752063	0.0	0.008264462809917356	0.0	0.008264462809917356	0.01652892561983471	0.01652892561983471	0.0	0.008264462809917356	0.01652892561983471	0.01652892561983471	0.008264462809917356	0.024793388429752063	11
Corynebacterium_segmentosum	0	0	0	0.25	0	0	0	0	0	0	0	0	0	0	0	0	0	0	0	0	0.0	0.015151515151515152	0.015151515151515152	0.015151515151515152	0.0	0.015151515151515152	0.0	0.015151515151515152	0.030303030303030304	0.0	0.0	0.0	0.0	0.04545454545454545	0.0	0.015151515151515152	0.015151515151515152	0.015151515151515152	0.0	0.030303030303030304	6
Corynebacterium_sphenisci	0	0	0	0	0	0	0	0	0	0	0	0	0	0	0	0	0	0	0	0	0	0	0	0	0	0	0	0	0	0	0	0	0	0	0	0	0	0	0	0	0
Corynebacterium_sphenisci_DSM_44792	0.03225806451612903	0.04411764705882353	0.020833333333333332	0.06521739130434782	0.020833333333333332	0.0851063829787234	0.04081632653061224	0	0.0625	0.03225806451612903	0.02040816326530612	0.0425531914893617	0	0.017857142857142856	0.03333333333333333	0.01818181818181818	0.020833333333333332	0.025	0.06666666666666667	0.020833333333333332	0.008522727272727272	0.009659090909090909	0.009659090909090909	0.013636363636363636	0.0125	0.015909090909090907	0.014204545454545456	0.007386363636363637	0.00909090909090909	0.00909090909090909	0.008522727272727272	0.011363636363636364	0.010227272727272727	0.009659090909090909	0.006818181818181818	0.013068181818181817	0.010227272727272727	0.010795454545454546	0.0125	0.007954545454545454	160
Corynebacterium_stationis	0	0	0	0	0	0	0	0	0	0	0	0	0	0	0	0	0	0	0	0	0.0	0.0	0.0	0.0	0.0	0.01818181818181818	0.0	0.0	0.01818181818181818	0.0	0.0	0.01818181818181818	0.0	0.0	0.0	0.0	0.0	0.0	0.0	0.01818181818181818	5
Corynebacterium_striatum	0.16666666666666666	0.14285714285714285	0	0.18181818181818182	0	0	0	0	0	0	0	0	0	0	0.23076923076923078	0	0	0.05555555555555555	0	0.07692307692307693	0.013986013986013984	0.006993006993006992	0.0	0.004662004662004662	0.009324009324009324	0.002331002331002331	0.009324009324009324	0.009324009324009324	0.009324009324009324	0.004662004662004662	0.013986013986013984	0.016317016317016316	0.006993006993006992	0.006993006993006992	0.016317016317016316	0.009324009324009324	0.002331002331002331	0.02331002331002331	0.0	0.013986013986013984	39
Corynebacterium_urealyticum	0	0.2	0.125	0	0	0	0.05555555555555555	0	0	0	0	0	0	0	0	0	0	0	0	0.1111111111111111	0.031168831168831165	0.007792207792207791	0.015584415584415583	0.007792207792207791	0.005194805194805195	0.007792207792207791	0.02077922077922078	0.0	0.023376623376623377	0.007792207792207791	0.007792207792207791	0.007792207792207791	0.005194805194805195	0.015584415584415583	0.012987012987012986	0.007792207792207791	0.012987012987012986	0.012987012987012986	0.012987012987012986	0.02077922077922078	35
Corynebacterium_ureicelerivorans	0	0	0	0	0.1	0	0	0	0.25	0	0	0	0	0	0.3333333333333333	0	0	0	0	0	0.0	0.016835016835016835	0.01346801346801347	0.006734006734006735	0.02693602693602694	0.0101010101010101	0.0033670033670033673	0.006734006734006735	0.02356902356902357	0.0101010101010101	0.016835016835016835	0.016835016835016835	0.0101010101010101	0.01346801346801347	0.02356902356902357	0.0101010101010101	0.0101010101010101	0.006734006734006735	0.01346801346801347	0.01346801346801347	27
Corynebacterium_xerosis	0.09090909090909091	0	0	0	0	0	0	0.13043478260869565	0.02702702702702703	0	0	0	0.043478260869565216	0	0	0	0	0	0	0	0.008978675645342313	0.006734006734006734	0.006734006734006734	0.010101010101010102	0.014590347923681258	0.014590347923681258	0.003367003367003367	0.010101010101010102	0.010101010101010102	0.010101010101010102	0.012345679012345678	0.006734006734006734	0.015712682379349047	0.010101010101010102	0.015712682379349047	0.007856341189674524	0.012345679012345678	0.01122334455667789	0.014590347923681258	0.01122334455667789	81
Cowpox_virus	0	0	0	0	0	0	0	0	0	0	0	0	0	0	0	0	0	0	0	0	0	0	0	0	0	0	0	0	0	0	0	0	0	0	0	0	0	0	0	0	0
Coxiella_burnetii	0	0	0	0	0	0	1.0	0	0	0	0	0	0	0	0	0	0	0	0	0	0.0021645021645021645	0.0	0.012987012987012986	0.0	0.0	0.0	0.0021645021645021645	0.0	0.012987012987012986	0.012987012987012986	0.0	0.0021645021645021645	0.0	0.021645021645021644	0.021645021645021644	0.012987012987012986	0.0	0.0	0.021645021645021644	0.0	42
Coxiella_burnetii_Dugway_5J108-111	0	0	0	0	0	0	0.6666666666666666	0	0	0	0	0	0	0	0	0	0	0	0	0	0.0	0.022727272727272728	0.022727272727272728	0.011363636363636364	0.0	0.0	0.045454545454545456	0.022727272727272728	0.0	0.0	0.011363636363636364	0.011363636363636364	0.0	0.0	0.022727272727272728	0.011363636363636364	0.0	0.056818181818181816	0.03409090909090909	0.022727272727272728	8
Coxiella_burnetii_str._Schperling	0	0	0	0	0	0	0	0	1.0	0	0	0	0	0	0	0	0	0	0	0	0.0	0.0	0.0	0.0	0.0	0.0	0.0	0.0	0.09090909090909091	0.09090909090909091	0.0	0.0	0.0	0.0	0.0	0.022727272727272728	0.022727272727272728	0.0	0.06818181818181818	0.0	4
Cryptosporidium	0	0	0	0	0	0	0	0	0	0	0	0	0	0	0	0	0	0	0	0	0	0	0	0	0	0	0	0	0	0	0	0	0	0	0	0	0	0	0	0	0
Cryptosporidium_parvum	0	0	0	0	0	0	0	0	0	0	0	0	0	0	0	0	0	0	0	0	0	0	0	0	0	0	0	0	0	0	0	0	0	0	0	0	0	0	0	0	0
Deltaretrovirus	0	0	0	0	0	0	0	0	0	0	0	0	0	0	0	0	0	0	0	0	0	0	0	0	0	0	0	0	0	0	0	0	0	0	0	0	0	0	0	0	0
Ehrlichia_canis	0	0	0	0	0	0	0	0	0	0	0	0	0	0	0	0	0	0	0	0	0	0	0	0	0	0	0	0	0	0	0	0	0	0	0	0	0	0	0	0	0
Enterococcus_avium	0	0	0	0	0	0	0	0	0	0	0	0	0	0	0	0	0	0	0	0	0	0	0	0	0	0	0	0	0	0	0	0	0	0	0	0	0	0	0	0	0
Enterococcus_casseliflavus	0	0	0	0	0	0	0	0	0	0	0	0	0	0	0	0	0	0	0	0	0	0	0	0	0	0	0	0	0	0	0	0	0	0	0	0	0	0	0	0	0
Enterococcus_cecorum	0	0	0	0	0	0	0	0	0	0	0	0	0	0	0	0	0	0	0	0	0	0	0	0	0	0	0	0	0	0	0	0	0	0	0	0	0	0	0	0	0
Enterococcus_durans	0	0	0	0	0	0	0	0	0	0	0	0	0	0	0	0	0	0	0	0	0.0	0.0	0.0	0.0	0.0	0.0	0.0	0.0	0.0	0.0	0.0	0.0	0.0	0.0	0.0	0.0	0.0	0.0	0.0	0.0	1
Enterococcus_faecalis	0	0	0	0	0	0	0	0	0	0	0	0	0	0	0	0	0	0	0	0	0.0	0.0	0.0	0.0	0.0	0.0	0.0	0.0	0.0	0.0	0.022727272727272728	0.0	0.0	0.0	0.0	0.0	0.0	0.0	0.022727272727272728	0.06818181818181818	4
Enterococcus_faecium	0	0	0	0	0	0	0	0	0	0	0	0	0	0	0	0	0	0	0	0	0.0	0.0	0.09090909090909091	0.0	0.0	0.0	0.09090909090909091	0.0	0.0	0.0	0.045454545454545456	0.0	0.0	0.045454545454545456	0.045454545454545456	0.0	0.0	0.0	0.0	0.0	2
Enterococcus_hirae	0	0	0	0	0	0	0	0	0	0	0	0	0	0	0	0	0	0	0	0	0	0	0	0	0	0	0	0	0	0	0	0	0	0	0	0	0	0	0	0	0
Enterococcus_mundtii	0	0	0	0	0	0	0	0	0	0	0	0	0	0	0	0	0	0	0	0	0.09090909090909091	0.0	0.09090909090909091	0.0	0.09090909090909091	0.0	0.0	0.0	0.0	0.0	0.09090909090909091	0.0	0.0	0.0	0.09090909090909091	0.0	0.0	0.0	0.0	0.0	1
Enterovirus_B	0	0	0	0	0	0	0	0	0	0	0	0	0	0	0	0	0	0	0	0	0	0	0	0	0	0	0	0	0	0	0	0	0	0	0	0	0	0	0	0	0
Epizootic_hemorrhagic_disease_virus_(serotype_1_/_strain_New_Jersey)	0	0	0	0	0	0	0	0	0	0	0	0	0	0	0	0	0	0	0	0	0	0	0	0	0	0	0	0	0	0	0	0	0	0	0	0	0	0	0	0	0
Equine_rhinitis_A_virus	0	0	0	0	0	0	0	0	0	0	0	0	0	0	0	0	0	0	0	0	0	0	0	0	0	0	0	0	0	0	0	0	0	0	0	0	0	0	0	0	0
Erysipelothrix_rhusiopathiae	0	0	0	0	0	0	0	0	0	0	0	0	0	0	0	0	0	0	0	0	0	0	0	0	0	0	0	0	0	0	0	0	0	0	0	0	0	0	0	0	0
Erythroparvovirus	0	0	0	0	0	0	0	0	0	0	0	0	0	0	0	0	0	0	0	0	0	0	0	0	0	0	0	0	0	0	0	0	0	0	0	0	0	0	0	0	0
Escherichia_coli	0.025	0	0	0	0	0	0	0	0.02631578947368421	0.3076923076923077	0	0	0	0	0	0.03333333333333333	0.25806451612903225	0	0	0.21428571428571427	0.003987240829346092	0.009569377990430622	0.009569377990430622	0.006379585326953748	0.005582137161084529	0.008771929824561403	0.012759170653907496	0.018341307814992026	0.018341307814992026	0.007177033492822967	0.007974481658692184	0.003987240829346092	0.004784688995215311	0.013556618819776715	0.027910685805422646	0.007974481658692184	0.009569377990430622	0.006379585326953748	7.974481658692185E-4	0.019936204146730464	114
Escherichia_coli_NCCP15648	0	0	0	0	0	0	0	0	0	0	0	0	0	0	0	0	0	0	0	0	0.01818181818181818	0.0	0.0	0.0	0.0	0.0	0.0	0.0	0.0	0.0	0.03636363636363636	0.05454545454545454	0.02727272727272727	0.05454545454545454	0.0	0.02727272727272727	0.07272727272727272	0.05454545454545454	0.0	0.00909090909090909	10
Escherichia_coli_O111	0	0	0	0	0	0	0	0	0	0	0	0	0	0	0	0	0	0	0	0	0	0	0	0	0	0	0	0	0	0	0	0	0	0	0	0	0	0	0	0	0
Escherichia_coli_O157:H7	0	0	0	0	0	0	0	0	0	0	0	0	0	0	0	0	0	0	0	0	0	0	0	0	0	0	0	0	0	0	0	0	0	0	0	0	0	0	0	0	0
Escherichia_coli_O26	0	0	0	0	0	0	0	0	0	0	0	0	0	0	0	0	0	0	0	0	0	0	0	0	0	0	0	0	0	0	0	0	0	0	0	0	0	0	0	0	0
Escherichia_coli_O45:H2	0	0	0	0	0	0	0	0	0	0	0	0	0	0	0	0	0	0	0	0	0.09090909090909091	0.0	0.0	0.0	0.0	0.0	0.0	0.0	0.0	0.0	0.0	0.0	0.0	0.08080808080808081	0.0	0.08080808080808081	0.0	0.0	0.08080808080808081	0.0	9
Escherichia_coli_O6:H16	0	0	1.0	0	0	0	0	0	1.0	0	0	0	0	0	0	0	0	0	0	0	0.0	0.0	0.0909090909090909	0.0	0.0	0.0	0.0	0.0	0.0909090909090909	0.0909090909090909	0.0	0.08787878787878788	0.08787878787878788	0.0	0.0	0.0	0.0	0.0	0.0	0.0	30
Escherichia_coli_str._K-12_substr._MG1655	0	0	0	0	0	0	0	0	0	0	0	0	0	0	0	0	0	0	0	0	0.0	0.0	0.0	0.0	0.0	0.0	0.005050505050505051	0.0	0.0	0.08585858585858586	0.005050505050505051	0.0	0.0	0.0	0.0	0.0	0.005050505050505051	0.0	0.0	0.005050505050505051	18
Francisella_tularensis	0	0	0	0	0	0	0	0	0	0	0	0	0	0	0	0	0	0	0	0	0.022727272727272728	0.045454545454545456	0.022727272727272728	0.0	0.0	0.0	0.0	0.0	0.0	0.0	0.0	0.0	0.022727272727272728	0.0	0.0	0.0	0.022727272727272728	0.0	0.022727272727272728	0.0	4
Francisella_tularensis_subsp._novicida	0	0	0	0	0	0	0	0	0	0	0	0	0	0	0	0	0	0	0	0	0.0	0.0	0.09090909090909091	0.0	0.0	0.0	0.09090909090909091	0.0	0.09090909090909091	0.0	0.0	0.0	0.0	0.0	0.09090909090909091	0.0	0.0	0.09090909090909091	0.0	0.0	1
Fusobacterium	0	0	0	0	0	0	0	0	0	0	0	0	0	0	0	0	0	0	0	0	0.09090909090909091	0.0	0.0	0.0	0.0	0.0	0.0	0.0	0.0	0.0	0.0	0.0	0.0	0.0	0.0	0.0	0.0	0.0	0.0	0.0	1
Fusobacterium_mortiferum_ATCC_9817	0	0	0	0	0	0	0	0	0	0	0	0	0	0	0	0	0	0	0	0	0.0	0.0	0.0	0.0	0.0	0.0	0.09090909090909091	0.0	0.0	0.0	0.0	0.0	0.045454545454545456	0.0	0.0	0.0	0.0	0.0	0.0	0.045454545454545456	2
Fusobacterium_nucleatum	0	0	0	0	0	0	0	0	0	0	0	0	0	0	0	0	0	0	0	0	0	0	0	0	0	0	0	0	0	0	0	0	0	0	0	0	0	0	0	0	0
Goatpox_virus	0	0	0	0	0	0	0	0	0	0	0	0	0	0	0	0	0	0	0	0	0	0	0	0	0	0	0	0	0	0	0	0	0	0	0	0	0	0	0	0	0
Haemophilus_influenzae	0	0	0	0	0	0	0	0	0	0	0	0	0	0	0	0	0	0	0	0	0.0	0.02948402948402948	0.0	0.0	0.02948402948402948	0.0	0.0	0.0	0.0	0.0	0.0	0.0	0.03194103194103194	0.0	0.0	0.0	0.0	0.02948402948402948	0.05651105651105651	0.0	37
Haemophilus_influenzae_2019	0	0	0	0	0	0	0	0	0	0	0	0	0	0	0	0	0	0	0	0	0.09090909090909091	0.0	0.0	0.0	0.0	0.0	0.0	0.0	0.0	0.0	0.0	0.0	0.0	0.0	0.0	0.045454545454545456	0.0	0.0	0.0	0.0	2
Helicobacter_cinaedi	0	0	0	0	0	0	0	0	0	0	0	0	0	0	0	0	0	0	0	0	0.0	0.09090909090909091	0.0	0.09090909090909091	0.0	0.0	0.0	0.0	0.0	0.0	0.0	0.0	0.0	0.0	0.0	0.0	0.0	0.0	0.06818181818181818	0.022727272727272728	4
Helicobacter_pylori	0	0	0	0	0	0	0	0	0	0	0	0	0	0	0	0	0	0	0	0	0.08671328671328672	0.0	0.0	0.004195804195804196	0.0	0.0	0.0013986013986013986	0.0	0.0	0.0	0.002797202797202797	0.0013986013986013986	0.0	0.002797202797202797	0.0	0.08531468531468532	0.002797202797202797	0.0	0.08531468531468532	0.0013986013986013986	65
Helicobacter_pylori_Shi112	0	0	0	0	0.4	0	0	0	0	0	0	0	0	0.33444816053511706	0	0	0	0	0	0	0.0	0.0	0.0	0.0	0.03636363636363637	0.0	0.0	0.0	0.0	0.018181818181818184	0.0	0.0	0.0	0.018181818181818184	0.0	0.0	0.018181818181818184	0.0	1.8181818181818183E-4	0.0	500
Hepatitis_B_virus	0	0	0	0	0	0	0	0	0	0	0	0	0	0	0	0	0	0	0	0	0	0	0	0	0	0	0	0	0	0	0	0	0	0	0	0	0	0	0	0	0
Hepatitis_E_virus	0	0	0	0	0	0	0	0	0	0	0	0	0	0	0	0	0	0	0	0	0	0	0	0	0	0	0	0	0	0	0	0	0	0	0	0	0	0	0	0	0
Hepatitis_delta_virus	0	0	0	0	0	0	0	0	0	0	0	0	0	0	0	0	0	0	0	0	0	0	0	0	0	0	0	0	0	0	0	0	0	0	0	0	0	0	0	0	0
Human_adenovirus_1	0	0	0	0	0	0	0	0	0	0	0	0	0	0	0	0	0	0	0	0	0	0	0	0	0	0	0	0	0	0	0	0	0	0	0	0	0	0	0	0	0
Human_adenovirus_2	0	0	0	0	0	0	0	0	0	0	0	0	0	0	0	0	0	0	0	0	0	0	0	0	0	0	0	0	0	0	0	0	0	0	0	0	0	0	0	0	0
Human_adenovirus_35	0	0	0	0	0	0	0	0	0	0	0	0	0	0	0	0	0	0	0	0	0	0	0	0	0	0	0	0	0	0	0	0	0	0	0	0	0	0	0	0	0
Human_adenovirus_5	0	0	0	0	0	0	0	0	0	0	0	0	0	0	0	0	0	0	0	0	0	0	0	0	0	0	0	0	0	0	0	0	0	0	0	0	0	0	0	0	0
Human_adenovirus_54	0	0	0	0	0	0	0	0	0	0	0	0	0	0	0	0	0	0	0	0	0	0	0	0	0	0	0	0	0	0	0	0	0	0	0	0	0	0	0	0	0
Human_adenovirus_7	0	0	0	0	0	0	0	0	0	0	0	0	0	0	0	0	0	0	0	0	0	0	0	0	0	0	0	0	0	0	0	0	0	0	0	0	0	0	0	0	0
Human_alphaherpesvirus_1	0	0	0	0	0	0	0	0	0	0	0	0	0	0	0	0	0	0	0	0	0	0	0	0	0	0	0	0	0	0	0	0	0	0	0	0	0	0	0	0	0
Human_alphaherpesvirus_2	0	0	0	0	0	0	0	0	0	0	0	0	0	0	0	0	0	0	0	0	0	0	0	0	0	0	0	0	0	0	0	0	0	0	0	0	0	0	0	0	0
Human_alphaherpesvirus_3	0	0	0	0	0	0	0	0	0	0	0	0	0	0	0	0	0	0	0	0	0	0	0	0	0	0	0	0	0	0	0	0	0	0	0	0	0	0	0	0	0
Human_gammaherpesvirus_4	0	0	0	0	0	0	0	0	0	0	0	0	0	0	0	0	0	0	0	0	0	0	0	0	0	0	0	0	0	0	0	0	0	0	0	0	0	0	0	0	0
Human_herpesvirus_4_type_2	0	0	0	0	0	0	0	0	0	0	0	0	0	0	0	0	0	0	0	0	0	0	0	0	0	0	0	0	0	0	0	0	0	0	0	0	0	0	0	0	0
Human_mastadenovirus_C	0	0	0	0	0	0	0	0	0	0	0	0	0	0	0	0	0	0	0	0	0	0	0	0	0	0	0	0	0	0	0	0	0	0	0	0	0	0	0	0	0
JC_polyomavirus	0	0	0	0	0	0	0	0	0	0	0	0	0	0	0	0	0	0	0	0	0	0	0	0	0	0	0	0	0	0	0	0	0	0	0	0	0	0	0	0	0
Klebsiella_aerogenes	0	0.3333333333333333	0	0	0	0	0	0	0.26666666666666666	0	0	0	0	0	0	0	0	0	0	0	0.011730205278592375	0.01759530791788856	0.03519061583577712	0.0	0.005865102639296188	0.014662756598240468	0.0	0.005865102639296188	0.011730205278592375	0.0	0.005865102639296188	0.002932551319648094	0.0	0.0	0.005865102639296188	0.014662756598240468	0.011730205278592375	0.00879765395894428	0.011730205278592375	0.0	31
Klebsiella_aerogenes_EA1509E	0	0	0	0	0	0	0	0	0	0	0	0	0	0	0	0	0	0	0	0	0.0	0.0	0.0	0.0	0.09090909090909091	0.0	0.0	0.0	0.0	0.0	0.0	0.0	0.0	0.0	0.0	0.0	0.0	0.0	0.06818181818181818	0.0	4
Klebsiella_michiganensis	0	0	0.125	0	0	0	0	0	0	0	0	0	0	0	0	0	0	0	0.8571428571428571	0	0.025454545454545455	0.021818181818181816	0.007272727272727273	0.007272727272727273	0.0	0.0036363636363636364	0.007272727272727273	0.007272727272727273	0.0	0.0036363636363636364	0.0	0.01818181818181818	0.010909090909090908	0.0	0.0	0.007272727272727273	0.010909090909090908	0.0	0.025454545454545455	0.0036363636363636364	25
Klebsiella_michiganensis_HKOPL1	0	0	0.3333333333333333	0	0	0	0	0	0	0	0	0	0	0	0	0	0	0	0	0	0.015151515151515152	0.0	0.030303030303030304	0.015151515151515152	0.0	0.0	0.0	0.0	0.0	0.0	0.0	0.0	0.0	0.04545454545454545	0.04545454545454545	0.04545454545454545	0.04545454545454545	0.030303030303030304	0.0	0.0	6
Klebsiella_michiganensis_KCTC_1686	0	0	0	0	0	0	0	0	0	0	0	0	0	0	0	0	0	0	0	0	0.0	0.0	0.0	0.0	0.0	0.0	0.0	0.0	0.0	0.0	0.0	0.0	0.0	0.0	0.0	0.07792207792207792	0.0	0.0	0.07792207792207792	0.0	7
Klebsiella_oxytoca	0	0	0	0	0.2	0	0	0	0	0	0	0	0	0	0	0	0	0	0	0	0.022113022113022116	0.00737100737100737	0.009828009828009828	0.019656019656019656	0.009828009828009828	0.009828009828009828	0.0171990171990172	0.002457002457002457	0.012285012285012284	0.012285012285012284	0.01474201474201474	0.01474201474201474	0.022113022113022116	0.019656019656019656	0.012285012285012284	0.019656019656019656	0.009828009828009828	0.0	0.0	0.009828009828009828	37
Klebsiella_pneumoniae	0.009009009009009009	0	0.013307984790874524	0	0	0	0	0	0	0.03669724770642202	0	0	0	0	0	0	0	0.12903225806451613	0.46153846153846156	0.045454545454545456	0.021720703538885357	0.04269972451790633	9.535918626827718E-4	5.297732570459843E-4	0.01112523839796567	0.01080737444373808	0.02193261284170375	0.04291163382072473	0.0024369569824115277	0.0011655011655011655	1.0595465140919687E-4	3.1786395422759054E-4	2.1190930281839374E-4	0.01080737444373808	0.01186692095783005	2.1190930281839374E-4	4.238186056367875E-4	0.0014833651197287562	0.012714558169103623	0.021508794236066962	858
Klebsiella_pneumoniae_subsp._pneumoniae	0	0	0.9428571428571428	0	0	0	0	0	0	0	0	0	0	0	0	0	0	0	0	0	0.0	0.03305785123966942	0.017045454545454544	0.0010330578512396695	0.0010330578512396695	0.0	5.165289256198347E-4	0.0	0.0	0.005165289256198347	5.165289256198347E-4	0.05165289256198347	5.165289256198347E-4	0.0	0.005165289256198347	5.165289256198347E-4	0.005165289256198347	0.01652892561983471	0.0010330578512396695	0.017045454545454544	176
Klebsiella_pneumoniae_subsp._pneumoniae_KPNIH27	0	0	0	0	0	0	0	0	0	0	0	0	0	0	0	0	0	1.0	0	0	0.09090909090909091	0.0	0.0	0.0	0.0	0.09090909090909091	0.0	0.0	0.0	0.0	0.0	0.010101010101010102	0.0	0.0	0.0	0.0	0.0	0.010101010101010102	0.0	0.0	9
Klebsiella_pneumoniae_subsp._rhinoscleromatis	0	0	0	0	0	0	0	0	0	0	0	0	0	0	0	0	0	0	0	0	0	0	0	0	0	0	0	0	0	0	0	0	0	0	0	0	0	0	0	0	0
Legionella_anisa	0	0	0	0	0	0	0	0	0	0	0	0	0	0	0	0	0	0	0	0	0	0	0	0	0	0	0	0	0	0	0	0	0	0	0	0	0	0	0	0	0
Legionella_lansingensis	0	0	0	0	0	0	0	0	0	0	0	0	0	0	0	0	0	0	0	0	0	0	0	0	0	0	0	0	0	0	0	0	0	0	0	0	0	0	0	0	0
Legionella_pneumophila	0	0	0	0	0	0	0	0	0	0	0	0	0	0	0	0	0	0	0	0	0	0	0	0	0	0	0	0	0	0	0	0	0	0	0	0	0	0	0	0	0
Legionella_pneumophila_subsp._pneumophila	0	0	0	0	0	0	0	0	0	0	0	0	0	0	0	0	0	0	0	0	0.0	0.0	0.0	0.0	0.0	0.0	0.0	0.0	0.0	0.0	0.0	0.0	0.0	0.045454545454545456	0.0	0.09090909090909091	0.045454545454545456	0.0	0.0	0.0	2
Leptospira_alexanderi	0	0	0	0	0	0	0	0	0	0	0	0	0	0	0	0	0	0	0	0	0	0	0	0	0	0	0	0	0	0	0	0	0	0	0	0	0	0	0	0	0
Leptospira_alstonii	0	0	0	0	0	0	0	0	0	0	0	0	0	0	0	0	0	0	0	0	0	0	0	0	0	0	0	0	0	0	0	0	0	0	0	0	0	0	0	0	0
Leptospira_biflexa	0	0	0	0	0	0	0	0	0	0	0	0	0	0	0	0	0	0	0	0	0	0	0	0	0	0	0	0	0	0	0	0	0	0	0	0	0	0	0	0	0
Leptospira_borgpetersenii	0	0	0	0	0	0	0	0	0	1.0	0	0	0	0	0	0	0	0.5	0	0	0.0	0.030303030303030304	0.06060606060606061	0.0	0.0	0.030303030303030304	0.06060606060606061	0.0	0.030303030303030304	0.030303030303030304	0.0	0.030303030303030304	0.0	0.0	0.0	0.030303030303030304	0.0	0.030303030303030304	0.030303030303030304	0.0	3
Leptospira_borgpetersenii_serovar_Ceylonica	0	0	0	0	0	0	0	0	0	0	0	0	0	0	0	0	0.47058823529411764	0	0	0	0.0	0.0	0.03896103896103896	0.016233766233766232	0.0	0.0	0.0	0.0	0.0	0.0	0.025974025974025976	0.0	0.045454545454545456	0.003246753246753247	0.025974025974025976	0.0	0.0487012987012987	0.03571428571428571	0.012987012987012988	0.022727272727272728	28
Leptospira_broomii	0	0	0	0	0	0	0	0	0	0	0	0	0	0	0	0	0	0	0	0	0	0	0	0	0	0	0	0	0	0	0	0	0	0	0	0	0	0	0	0	0
Leptospira_fainei	0	0	0	0	0	0	0	0	0	0	0	0	0	0	0	0	0	0	0	0	0	0	0	0	0	0	0	0	0	0	0	0	0	0	0	0	0	0	0	0	0
Leptospira_inadai	0	0	0	0	0	0	0	0	0	0	0	0	0	0	0	0	0	0	0	0	0	0	0	0	0	0	0	0	0	0	0	0	0	0	0	0	0	0	0	0	0
Leptospira_interrogans	0	0	0	0	0	0	0	0	0	0	0	0	0	0	0	0	0	0	0	0	0.0	0.0	0.0	0.0	0.0	0.0	0.0	0.0	0.0	0.0	0.0	0.0	0.0	0.0	0.0	0.0	0.0	0.08441558441558442	0.0	0.0	14
Leptospira_interrogans_serovar_Canicola	0	0	0	0	0	0	0	0	0	0	0	0	0	0	0	0	0	0	0	0	0.09090909090909091	0.0	0.0	0.09090909090909091	0.0	0.0	0.09090909090909091	0.0	0.0	0.09090909090909091	0.0	0.0	0.0	0.0	0.0	0.0	0.0	0.0	0.09090909090909091	0.0	1
Leptospira_kirschneri	0	0	0	0	0	0	0	0	0	0	0	0	0	0	0	0	0	0	0	0	0	0	0	0	0	0	0	0	0	0	0	0	0	0	0	0	0	0	0	0	0
Leptospira_kmetyi	0	0	0	0	0	0	0	0	0	0	0	0	0	0	0	0	0	0	0	0	0.0	0.0	0.0	0.0	0.0	0.0	0.0	0.0	0.0	0.0	0.0	0.0	0.0	0.0	0.0	0.0	0.0	0.09090909090909091	0.0	0.0	1
Leptospira_licerasiae	0	0	0	0	0	0	0	0	0	0	0	0	0	0	0	0	0	0	0	0	0	0	0	0	0	0	0	0	0	0	0	0	0	0	0	0	0	0	0	0	0
Leptospira_noguchii	0	0	0	0	0	0	0	0	0	0	0	0	0	0	0	0	0	0	0	0	0	0	0	0	0	0	0	0	0	0	0	0	0	0	0	0	0	0	0	0	0
Leptospira_santarosai	0	0	0	0	0	0	0	0	0	0	0	0	0	0	0	0	0	0	0	0	0.0	0.0	0.0	0.0	0.0	0.0	0.0	0.0	0.0	0.0	0.0	0.06818181818181818	0.06818181818181818	0.0	0.0	0.0	0.0	0.0	0.0	0.0	4
Leptospira_weilii	0	0	0	0.4	0	0	0	0	0	0.4	0	0	0	0	0	0	0.09090909090909091	0	0	0	0.009404388714733541	0.037617554858934164	0.003134796238244514	0.018808777429467082	0.006269592476489028	0.0	0.003134796238244514	0.0	0.006269592476489028	0.01567398119122257	0.003134796238244514	0.0	0.006269592476489028	0.0	0.0	0.012539184952978056	0.003134796238244514	0.009404388714733541	0.012539184952978056	0.003134796238244514	29
Leptospira_wolffii	0	0	0	0	0	0	0	0	0	0	0	0	0	0	0	0	0	0	0	0	0	0	0	0	0	0	0	0	0	0	0	0	0	0	0	0	0	0	0	0	0
Listeria_monocytogenes	0	0	0	0	0	0	0	0	0	0	0	0	0	0	0	0	0	0	0	0	0.0	0.0	0.0	0.0	0.0	0.0	0.0	0.0	0.0	0.0	0.0	0.0	0.0	0.01818181818181818	0.0	0.0	0.03636363636363636	0.0	0.0	0.0	5
Listeria_monocytogenes_serotype_1/2a_str._08-7363	0	0	0	0	0	0	0	0	0	0	0	0	0	0	0	0	0	0	0	0	0.0	0.0	0.09090909090909091	0.0	0.0	0.0	0.0	0.0	0.0	0.0	0.0	0.0	0.0	0.09090909090909091	0.08080808080808081	0.0	0.08080808080808081	0.0	0.0	0.0	9
Lumpy_skin_disease_virus	0	0	0	0	0	0	0	0	0	0	0	0	0	0	0	0	0	0	0	0	0	0	0	0	0	0	0	0	0	0	0	0	0	0	0	0	0	0	0	0	0
Lymphocryptovirus	0	0	0	0	0	0	0	0	0	0	0	0	0	0	0	0	0	0	0	0	0	0	0	0	0	0	0	0	0	0	0	0	0	0	0	0	0	0	0	0	0
Mannheimia_haemolytica	0	0	0	0	0	0	0	0	0	0	0	0	1.0	0	0	0	0	0	0	0	0.0	0.09090909090909091	0.0	0.0	0.0	0.0	0.0	0.0	0.0	0.0	0.0	0.0	0.08766233766233766	0.0	0.0	0.08766233766233766	0.08766233766233766	0.0	0.0	0.0	28
Mannheimia_haemolytica_D174	0	0	0	0	0	0	0	0	0	0	0	0	0	0	0	0	0	0	0	0	0.09090909090909091	0.0	0.0	0.0	0.0	0.0	0.0	0.0	0.09090909090909091	0.0	0.0	0.0	0.012987012987012988	0.0	0.0	0.0	0.0	0.0	0.0	0.0	7
Measles_morbillivirus	0	0	0	0	0	0	0	0	0	0	0	0	0	0	0	0	0	0	0	0	0	0	0	0	0	0	0	0	0	0	0	0	0	0	0	0	0	0	0	0	0
Methanobrevibacter_oralis	0	0	0	0	0	0	0	0	0	0	0	0	0	0	0	0	0	0	0	0	0	0	0	0	0	0	0	0	0	0	0	0	0	0	0	0	0	0	0	0	0
Moraxella_catarrhalis	0	0	0	0	0	0	0	0	0	0	0	0	0	0	0	0	0	0	0	0	0	0	0	0	0	0	0	0	0	0	0	0	0	0	0	0	0	0	0	0	0
Morbillivirus	0	0	0	0	0	0	0	0	0	0	0	0	0	0	0	0	0	0	0	0	0	0	0	0	0	0	0	0	0	0	0	0	0	0	0	0	0	0	0	0	0
Mycobacterium_avium	0.014925373134328358	0.07780979827089338	0	0.015267175572519083	0.06493506493506493	0	0.037463976945244955	0.08205128205128205	0	0.04201680672268908	0.0708215297450425	0.021739130434782608	0.013071895424836602	0.03067484662576687	0.009836065573770493	0	0.024390243902439025	0	0	0.06713780918727916	0.007223942208462332	0.010882822028332864	0.009944647715545549	0.013322075241579885	0.008537386246364576	0.015104606435875786	0.008068299089970917	0.012946805516464958	0.004597054132657847	0.011727178909841448	0.01003846514682428	0.01238390092879257	0.008725021108922038	0.011164274322169059	0.010882822028332864	0.016418050473778027	0.009287925696594427	0.009287925696594427	0.008537386246364576	0.011351909184726523	969
Mycobacterium_avium_subsp._avium	0	0.09523809523809523	0	0	0	0.03571428571428571	0	0	0	0	0	0.0967741935483871	0.08695652173913043	0	0	0.08	0	0	0	0	0.0101010101010101	0.016835016835016835	0.015151515151515152	0.006734006734006735	0.0202020202020202	0.006734006734006735	0.0	0.00505050505050505	0.011784511784511785	0.016835016835016835	0.00505050505050505	0.011784511784511785	0.016835016835016835	0.008417508417508417	0.006734006734006735	0.006734006734006735	0.015151515151515152	0.011784511784511785	0.00505050505050505	0.0016835016835016836	54
Mycobacterium_avium_subsp._hominissuis	0.0851063829787234	0.023255813953488372	0	0.02702702702702703	0	0.047619047619047616	0.0425531914893617	0.03773584905660377	0	0.05263157894736842	0.06666666666666667	0	0.046511627906976744	0.10714285714285714	0	0.023255813953488372	0	0	0	0.02702702702702703	0.011922503725782414	0.013412816691505217	0.0067064083457526085	0.012667660208643815	0.011922503725782414	0.00894187779433681	0.005961251862891207	0.013412816691505217	0.009687034277198213	0.010432190760059612	0.009687034277198213	0.01639344262295082	0.0067064083457526085	0.014157973174366617	0.0067064083457526085	0.00819672131147541	0.005961251862891207	0.012667660208643815	0.011177347242921012	0.0067064083457526085	122
Mycobacterium_avium_subsp._paratuberculosis	0	0	0	0	0.15384615384615385	0	0	0	0.09090909090909091	0	0	0	0	0.08695652173913043	0	0	0	0.18181818181818182	0	0	0.010909090909090908	0.010909090909090908	0.012727272727272728	0.012727272727272728	0.012727272727272728	0.0	0.02	0.021818181818181816	0.010909090909090908	0.012727272727272728	0.005454545454545454	0.0018181818181818182	0.010909090909090908	0.0036363636363636364	0.00909090909090909	0.005454545454545454	0.014545454545454545	0.014545454545454545	0.0	0.005454545454545454	50
Mycobacterium_canettii	0	0	0.2	0	0	0	0.5	0.25	0	0	0	0	0	0	0.3333333333333333	0	0	0	0	0	0.0	0.0303030303030303	0.006060606060606061	0.006060606060606061	0.0	0.012121212121212121	0.012121212121212121	0.0303030303030303	0.012121212121212121	0.0	0.012121212121212121	0.006060606060606061	0.012121212121212121	0.006060606060606061	0.0303030303030303	0.01818181818181818	0.006060606060606061	0.006060606060606061	0.0	0.012121212121212121	15
Mycobacterium_colombiense	0	0	0	0	0	0	0	0	0	0	0	0	0	0	0	0	0	0	0	0	0	0	0	0	0	0	0	0	0	0	0	0	0	0	0	0	0	0	0	0	0
Mycobacterium_colombiense_CECT_3035	0	0.045454545454545456	0.09523809523809523	0	0.030303030303030304	0.07142857142857142	0	0.11764705882352941	0	0	0	0	0	0	0	0	0.08695652173913043	0	0	0	0.007575757575757575	0.008838383838383838	0.017676767676767676	0.007575757575757575	0.008838383838383838	0.008838383838383838	0.012626262626262626	0.011363636363636364	0.010101010101010102	0.0025252525252525255	0.006313131313131313	0.007575757575757575	0.011363636363636364	0.0037878787878787876	0.008838383838383838	0.008838383838383838	0.006313131313131313	0.005050505050505051	0.005050505050505051	0.005050505050505051	72
Mycobacterium_intracellulare	0	0.14583333333333334	0	0.046511627906976744	0	0.047619047619047616	0.02702702702702703	0	0	0.09803921568627451	0	0.02040816326530612	0.020833333333333332	0	0.03125	0.0425531914893617	0.030303030303030304	0	0	0.06060606060606061	0.011363636363636364	0.008689839572192513	0.01270053475935829	0.010695187165775402	0.013368983957219251	0.01871657754010695	0.010695187165775402	0.004679144385026738	0.008689839572192513	0.019385026737967912	0.010695187165775402	0.010026737967914437	0.0066844919786096255	0.00802139037433155	0.005347593582887701	0.017379679144385027	0.014705882352941176	0.012032085561497327	0.0066844919786096255	0.019385026737967912	136
Mycobacterium_intracellulare_subsp._yongonense	0	0	0	0	0	0	0.1509433962264151	0	0	0.12903225806451613	0.02702702702702703	0	0.030303030303030304	0	0.041666666666666664	0	0	0	0.07142857142857142	0	0.006672226855713095	0.005838198498748957	0.027522935779816515	0.0016680567139282737	0.006672226855713095	0.009174311926605505	0.02335279399499583	0.010842368640533779	0.011676396997497914	0.01334445371142619	0.014178482068390326	0.0033361134278565474	0.014178482068390326	0.008340283569641367	0.005838198498748957	0.008340283569641367	0.010842368640533779	0.010008340283569641	0.019182652210175146	0.011676396997497914	109
Mycobacterium_kansasii	0	0.04054054054054054	0.043478260869565216	0.04	0.0125	0.046153846153846156	0.02666666666666667	0	0	0.05454545454545454	0.12	0.06097560975609756	0	0.0425531914893617	0.056338028169014086	0	0.04838709677419355	0.012048192771084338	0.037037037037037035	0	0.014218009478672985	0.007755277897457993	0.01120206807410599	0.012925463162429986	0.008616975441619991	0.01120206807410599	0.009478672985781991	0.0038776389487289965	0.008616975441619991	0.00990952175786299	0.01034037052994399	0.007755277897457993	0.011632916846186989	0.014218009478672985	0.01034037052994399	0.013787160706591986	0.01680310211115898	0.01077121930202499	0.012925463162429986	0.011632916846186989	211
Mycobacterium_leprae	0	0	0	0	0	0	0	0	0	0	0	0	0	0	0	0	0	0	0	0	0	0	0	0	0	0	0	0	0	0	0	0	0	0	0	0	0	0	0	0	0
Mycobacterium_leprae_Kyoto-2	0	0.5	0.5	0	0	0	0	0	0.25	0	0	0	0	0	0.5	0	0	0.5	0.3333333333333333	0	0.0	0.030303030303030304	0.06060606060606061	0.015151515151515152	0.0	0.015151515151515152	0.0	0.0	0.015151515151515152	0.015151515151515152	0.0	0.015151515151515152	0.0	0.0	0.030303030303030304	0.015151515151515152	0.0	0.030303030303030304	0.015151515151515152	0.0	6
Mycobacterium_marseillense	0.05	0.05	0	0	0.07142857142857142	0	0	0	0.08	0	0	0.05	0.10526315789473684	0	0.1	0	0.06666666666666667	0	0	0.047619047619047616	0.01487603305785124	0.006611570247933884	0.01652892561983471	0.01983471074380165	0.009917355371900825	0.006611570247933884	0.008264462809917356	0.006611570247933884	0.009917355371900825	0.013223140495867768	0.004958677685950413	0.011570247933884297	0.013223140495867768	0.006611570247933884	0.013223140495867768	0.01487603305785124	0.013223140495867768	0.003305785123966942	0.006611570247933884	0.01487603305785124	55
Mycobacterium_sp._JS623	0.1702127659574468	0	0	0.03125	0	0	0.023255813953488372	0.047619047619047616	0.047619047619047616	0.08108108108108109	0	0.023809523809523808	0	0.046511627906976744	0.075	0.08108108108108109	0	0.034482758620689655	0	0.09375	0.013929618768328446	0.011730205278592375	0.011730205278592375	0.014662756598240468	0.008064516129032258	0.007331378299120234	0.00879765395894428	0.013929618768328446	0.009530791788856305	0.00879765395894428	0.016129032258064516	0.008064516129032258	0.008064516129032258	0.01099706744868035	0.011730205278592375	0.009530791788856305	0.012463343108504398	0.013196480938416423	0.009530791788856305	0.012463343108504398	124
Mycobacterium_sp._YC-RL4	0.03571428571428571	0	0	0	0	0	0.15384615384615385	0.07407407407407407	0.1111111111111111	0.03333333333333333	0	0	0	0.04	0.07407407407407407	0	0.07692307692307693	0.04	0	0.043478260869565216	0.01090909090909091	0.003636363636363636	0.01575757575757576	0.009696969696969697	0.012121212121212121	0.006060606060606061	0.009696969696969697	0.006060606060606061	0.013333333333333334	0.007272727272727272	0.013333333333333334	0.007272727272727272	0.01090909090909091	0.01818181818181818	0.009696969696969697	0.0048484848484848485	0.009696969696969697	0.012121212121212121	0.012121212121212121	0.016969696969696968	75
Mycobacterium_tuberculosis	0.19607843137254902	0	0	0.045454545454545456	0	0	0	0	0.05172413793103448	0.11538461538461539	0	0.21428571428571427	0.03125	0.024390243902439025	0	0	0.17857142857142858	0.0967741935483871	0	0	0.015395894428152493	0.008064516129032258	0.007331378299120234	0.013929618768328446	0.005865102639296188	0.005865102639296188	0.013196480938416423	0.015395894428152493	0.003665689149560117	0.010263929618768328	0.01686217008797654	0.011730205278592375	0.01099706744868035	0.005131964809384164	0.003665689149560117	0.009530791788856305	0.005131964809384164	0.011730205278592375	0.013196480938416423	0.00219941348973607	124
Mycobacterium_tuberculosis_KZN_1435	0	0	0.045454545454545456	0	0	0.08	0	0	0.18518518518518517	0.0975609756097561	0.42424242424242425	0.06896551724137931	0	0	0.06349206349206349	0.11904761904761904	0	0	0	0	0.013080444735120994	0.007848266841072597	0.013080444735120994	0.01831262262916939	0.005886200130804447	0.007194244604316547	0.010464355788096796	0.002616088947024199	0.010464355788096796	0.01831262262916939	0.02158273381294964	0.020928711576193592	0.009156311314584695	0.015696533682145193	0.005232177894048398	0.016350555918901243	0.01765860039241334	0.001962066710268149	0.007194244604316547	0.010464355788096796	139
Mycobacterium_tuberculosis_complex	0	0	0	0.1509433962264151	0	0	0	0	0.08955223880597014	0	0	0	0	0	0	0	0.056818181818181816	0	0.275	0	0.011825572801182557	0.023651145602365115	0.009977827050997782	0.018107908351810788	0.005173688100517369	0.004804138950480414	0.011825572801182557	0.008499630450849963	0.004804138950480414	0.006282335550628233	0.011086474501108647	0.005912786400591279	0.014781966001478197	0.014412416851441241	0.0066518847006651885	0.003695491500369549	0.012564671101256466	0.0	0.014042867701404288	0.010716925351071691	246
Mycobacterium_tuberculosis_variant_africanum	0	0	0	0	0	0	0	0	0	0	0	0	0	0	0	0	0	0	0	0	0	0	0	0	0	0	0	0	0	0	0	0	0	0	0	0	0	0	0	0	0
Mycobacterium_tuberculosis_variant_bovis	0	0	0	0	0	0	0	0	0	0	0	0	0	0	0	0	0	0	0	0	0	0	0	0	0	0	0	0	0	0	0	0	0	0	0	0	0	0	0	0	0
Mycobacteroides_abscessus	0.0438871473354232	0.006968641114982578	0.0163265306122449	0.05063291139240506	0	0.0030864197530864196	0.18232044198895028	0.09497206703910614	0.0043859649122807015	0.07964601769911504	0.039627039627039624	0.12374581939799331	0.0163265306122449	0.003484320557491289	0.012345679012345678	0	0.1085972850678733	0.0058823529411764705	0	0.014234875444839857	0.0075079149706015385	0.008050655811849843	0.00777928539122569	0.003799185888738128	0.00741745816372682	0.00976933514246947	0.011759384893713252	0.010945273631840797	0.011035730438715514	0.015015829941203077	0.006874717322478517	0.010492989597467209	0.004794210764360018	0.005427408412483039	0.004522840343735866	0.008231569425599277	0.011940298507462687	0.01655359565807327	0.01013116236996834	0.008774310266847581	1005
Mycobacteroides_abscessus_subsp._abscessus	0.058823529411764705	0	0	0	0	0	0	0	0	0.06	0	0.03125	0.04054054054054054	0.02857142857142857	0.23809523809523808	0	0	0	0	0	0.0186799501867995	0.0043586550435865505	0.0074719800747198	0.005603985056039851	0.0024906600249066002	0.00311332503113325	0.00186799501867995	0.03300124533001245	0.00933997509339975	0.008717310087173101	0.0037359900373599	0.008094645080946452	0.00933997509339975	0.009962640099626401	0.01805728518057285	0.008717310087173101	0.0024906600249066002	0.0149439601494396	0.01805728518057285	0.023038605230386054	146
Mycobacteroides_abscessus_subsp._bolletii	0	0	0	0	0	1.0	0	0	0	0	0	0	0	0	0	0	1.0	0	0	0	0.011363636363636364	0.0	0.011363636363636364	0.0	0.011363636363636364	0.022727272727272728	0.0	0.0	0.011363636363636364	0.0	0.0	0.0	0.045454545454545456	0.011363636363636364	0.0	0.0	0.06818181818181818	0.0	0.0	0.0	8
Mycobacteroides_abscessus_subsp._bolletii_50594	0	1.0	0	0	0	0	0	0	0	0	0	0	0	0	0	0	0	0	0	0	0.03896103896103896	0.025974025974025976	0.0	0.025974025974025976	0.025974025974025976	0.0	0.0	0.025974025974025976	0.025974025974025976	0.0	0.0	0.0	0.0	0.0	0.012987012987012988	0.0	0.0	0.0	0.012987012987012988	0.0	7
Mycobacteroides_abscessus_subsp._massiliense	0	0	0.037037037037037035	0	0	0	0	0	0	0	0	0	0	0	0	0	0	0	0	0	0.0017482517482517483	0.01486013986013986	0.021853146853146856	0.01486013986013986	0.0	0.010489510489510488	0.021853146853146856	0.006993006993006993	0.0	0.00437062937062937	0.00437062937062937	0.0541958041958042	0.002622377622377622	0.0034965034965034965	0.0	8.741258741258741E-4	0.018356643356643356	0.019230769230769232	0.01486013986013986	0.0034965034965034965	104
Mycobacteroides_abscessus_subsp._massiliense_CCUG_48898_=_JCM_15300	0	0	0	0	0	0	0	0	0	0	0	0	0	0	0	0	0	0	0	0	0.017045454545454544	0.02556818181818182	0.019886363636363636	0.022727272727272728	0.045454545454545456	0.02556818181818182	0.0	0.0	0.002840909090909091	0.02556818181818182	0.017045454545454544	0.0	0.02556818181818182	0.0	0.0	0.017045454545454544	0.0	0.0	0.017045454545454544	0.02556818181818182	32
Mycoplasma_haemocanis	0	0	0	0	0	0	0	0	0	0	0	0	0	0	0	0	0	0	0	0	0	0	0	0	0	0	0	0	0	0	0	0	0	0	0	0	0	0	0	0	0
Mycoplasma_haemofelis	0	0	0	0	0	0	0	0	0	0	0	0	0	0	0	0	0	0	0	0	0	0	0	0	0	0	0	0	0	0	0	0	0	0	0	0	0	0	0	0	0
Mycoplasma_haemofelis_str._Langford_1	0	0	0	0	0	0	0	0	0	0	0	1.0	0	0	0	0	0	0	0	0	0.0	0.022727272727272728	0.0	0.0	0.022727272727272728	0.022727272727272728	0.045454545454545456	0.0	0.0	0.0	0.0	0.022727272727272728	0.0	0.022727272727272728	0.0	0.045454545454545456	0.0	0.022727272727272728	0.0	0.0	4
Mycoplasma_mycoides	0	0	0	0	0	0	0	0	0	0	0	0	0	0	0	0	0	0	0	0	0	0	0	0	0	0	0	0	0	0	0	0	0	0	0	0	0	0	0	0	0
Mycoplasma_mycoides_subsp._capri_LC_str._95010	0	0	0	0	0	0	0	0	0	0	0	0	0	0	0	0	0	0	0	0	0.045454545454545456	0.0	0.0	0.0	0.0	0.0	0.0	0.0	0.045454545454545456	0.0	0.0	0.0	0.045454545454545456	0.0	0.0	0.0	0.0	0.0	0.0	0.0	2
Mycoplasma_mycoides_subsp._mycoides	0	0	0	0	0	0	0	0	1.0	0	0	0	0	0	0	0	0	0	0	0	0.06060606060606061	0.0	0.0	0.0	0.0	0.0	0.0	0.0	0.06060606060606061	0.0	0.0	0.0	0.0	0.0	0.0	0.0	0.015151515151515152	0.015151515151515152	0.04545454545454545	0.0	6
Mycoplasma_ovipneumoniae	0	0	0	0	0	0	0	0	0	0	0	0	0	0	0	0	0	0	0	0	0	0	0	0	0	0	0	0	0	0	0	0	0	0	0	0	0	0	0	0	0
Mycoplasma_pneumoniae	0	0	0	0	0	0	0	0	0	0	0	0	0	0	0	0	0	0	0	0	0	0	0	0	0	0	0	0	0	0	0	0	0	0	0	0	0	0	0	0	0
Neisseria_elongata	0	0	0	0	0	0	0	0	0	0	0	0	0	0	0	0	0	0	0	0	0	0	0	0	0	0	0	0	0	0	0	0	0	0	0	0	0	0	0	0	0
Neisseria_elongata_subsp._glycolytica	0	0	0	0	0	0	0	0	0	0	0	0	0	0	0	0	0	0	0	0	0.0	0.045454545454545456	0.0	0.0	0.045454545454545456	0.0	0.0	0.045454545454545456	0.0	0.0	0.0	0.0	0.0	0.0	0.045454545454545456	0.0	0.0	0.0	0.0	0.0	2
Neisseria_gonorrhoeae	0	0	0	0	0	0	0	0	0	0	0	1.0	0.5	0	0	0.5	0	0	0	0	0.04242424242424243	0.0	0.0	0.0	0.04242424242424243	0.0	0.04242424242424243	0.04242424242424243	0.0	0.04242424242424243	0.0	0.03636363636363636	0.04242424242424243	0.0	0.0	0.04242424242424243	0.0	0.0	0.03636363636363636	0.04242424242424243	15
Neisseria_meningitidis	0	0	0	0	0.8461538461538461	0	0	0	0	0	0	1.0	0.05263157894736842	0	0	0	0	0	0	0	0.03723986856516977	0.019715224534501644	0.017524644030668127	0.0	0.012048192771084338	0.002190580503833516	0.0	0.0	0.0032858707557502738	0.0	0.0	0.019715224534501644	0.01533406352683461	0.002190580503833516	0.0	0.0	0.002190580503833516	0.001095290251916758	0.029572836801752465	0.018619934282584884	83
Neisseria_meningitidis_M01-240355	0	0	0	0	0	0	0	0	0	0	0	0	0	0	0	0	0	0	0	0	0.0	0.0	0.0	0.0	0.0	0.09090909090909091	0.0	0.09090909090909091	0.09090909090909091	0.0	0.0	0.0	0.0	0.0	0.0	0.0	0.0	0.0	0.0	0.0	1
Neisseria_meningitidis_serogroup_B	0	0	0	0	0	0	0	0	0	0	0	0	0	0	0	0	0	0	0	0	0.0	0.0	0.0	0.0	0.0	0.0	0.0	0.0	0.0	0.0	0.0	0.0	0.045454545454545456	0.0	0.0	0.0	0.0	0.0	0.045454545454545456	0.0	2
Neisseria_mucosa	0	0	0	0	0	0	0	0	0	0	0	0	0	0	0	0	0	0	0	0	0	0	0	0	0	0	0	0	0	0	0	0	0	0	0	0	0	0	0	0	0
Neisseria_sicca	0	0	0	0	0	0	0	0	0	0	0	0	0	0	0	0	0	0	0	0	0	0	0	0	0	0	0	0	0	0	0	0	0	0	0	0	0	0	0	0	0
Neisseria_subflava	0	0	0	0	0	0	0	0	0	0	0	0	0	0	0	0	0	0	0	0	0	0	0	0	0	0	0	0	0	0	0	0	0	0	0	0	0	0	0	0	0
Neisseria_weaveri	0	0	0	0	0	0	0	0	0	0	0	0	0	0	0	0	0	0.25	0	0	0.0	0.0	0.0	0.0	0.0	0.0	0.0	0.0	0.0	0.09090909090909091	0.0	0.0	0.0	0.0	0.0	0.0	0.0	0.022727272727272728	0.0	0.0	4
Orthohepadnavirus	0	0	0	0	0	0	0	0	0	0	0	0	0	0	0	0	0	0	0	0	0	0	0	0	0	0	0	0	0	0	0	0	0	0	0	0	0	0	0	0	0
Orthopoxvirus	0	0	0	0	0	0	0	0	0	0	0	0	0	0	0	0	0	0	0	0	0	0	0	0	0	0	0	0	0	0	0	0	0	0	0	0	0	0	0	0	0
Paraavulavirus	0	0	0	0	0	0	0	0	0	0	0	0	0	0	0	0	0	0	0	0	0	0	0	0	0	0	0	0	0	0	0	0	0	0	0	0	0	0	0	0	0
Parvimonas_micra	0	0	0	0	0	0	0	0	0	0	0	0	0	0	0	0	0	0	0	0	0.0	0.0	0.09090909090909091	0.0	0.0	0.0	0.0	0.09090909090909091	0.0	0.0	0.0	0.0	0.0	0.0	0.0	0.0	0.0	0.09090909090909091	0.0	0.0	1
Pasteurella_multocida	0	0	0	0	0	0	0	0	0	0	0	0	0	0	0	0	0	0	0	0	0.0	0.045454545454545456	0.0	0.0	0.045454545454545456	0.0	0.0	0.045454545454545456	0.0	0.0	0.0	0.0	0.0	0.0	0.0	0.045454545454545456	0.0	0.0	0.0	0.0	2
Pasteurella_multocida_subsp._multocida	0.08333333333333333	0.04878048780487805	0.028169014084507043	0.05555555555555555	0.014285714285714285	0.015151515151515152	0.02631578947368421	0.04819277108433735	0.06896551724137931	0.031746031746031744	0.029411764705882353	0.05333333333333334	0.03225806451612903	0.017543859649122806	0.04285714285714286	0.05172413793103448	0.05	0.012345679012345678	0.04918032786885246	0.08928571428571429	0.010895471569628874	0.0068096697310180455	0.005107252298263534	0.008512087163772558	0.006469186244467144	0.0034048348655090228	0.005788219271365339	0.0068096697310180455	0.007831120190670752	0.007831120190670752	0.00749063670411985	0.005107252298263534	0.00749063670411985	0.00885257065032346	0.00885257065032346	0.007831120190670752	0.006469186244467144	0.009874021109976166	0.009193054136874362	0.009874021109976166	267
Peptostreptococcus_anaerobius	0	0	0	0	0	0	0	0	0	0	0	0	0	0	0	0	0	0	0	0	0	0	0	0	0	0	0	0	0	0	0	0	0	0	0	0	0	0	0	0	0
Polyomaviridae	0	0	0	0	0	0	0	0	0	0	0	0	0	0	0	0	0	0	0	0	0	0	0	0	0	0	0	0	0	0	0	0	0	0	0	0	0	0	0	0	0
Porphyromonas_gingivalis	0	0	0	0.18181818181818182	0	0.2	0	0	0.2	0	0	0	0	0.14285714285714285	0.20689655172413793	0	0	0	0	0	0.012987012987012988	0.0	0.0	0.00487012987012987	0.027597402597402596	0.016233766233766232	0.00487012987012987	0.017857142857142856	0.027597402597402596	0.003246753246753247	0.0	0.0	0.006493506493506494	0.014610389610389612	0.012987012987012988	0.0	0.02435064935064935	0.011363636363636364	0.003246753246753247	0.00487012987012987	56
Porphyromonas_gingivalis_A7A1-28	0	0	0	0	0	0	0	0	0	0	0	0	0	0	0	0	0	0	0	0	0.01818181818181818	0.01818181818181818	0.0	0.0	0.01818181818181818	0.03636363636363636	0.0	0.0	0.0	0.01818181818181818	0.02727272727272727	0.02727272727272727	0.02727272727272727	0.0	0.02727272727272727	0.0	0.0	0.01818181818181818	0.01818181818181818	0.00909090909090909	10
Porphyromonas_gingivalis_AJW4	0	0	0	0	0	1.0	0	0	0	0	0	0	0	0	0	0	0	0	0	0	0.0	0.0	0.0	0.0	0.0	0.09090909090909091	0.0	0.0	0.09090909090909091	0.0	0.0	0.0	0.0	0.0	0.0	0.0	0.045454545454545456	0.045454545454545456	0.0	0.0	2
Porphyromonas_gingivalis_ATCC_33277	0	0	0	0	0	0	0	0	0	0	0	1.0	1.0	0	0	0	0	0	0	0	0.0	0.0	0.04545454545454545	0.0	0.0	0.0	0.0	0.0	0.04545454545454545	0.0	0.0	0.015151515151515152	0.030303030303030304	0.030303030303030304	0.030303030303030304	0.04545454545454545	0.0	0.0	0.0	0.0	6
Porphyromonas_gingivalis_W83	0	0	0	0	0	0	0	0	0	0	0	0	0	0	0	0	0	0	0	0	0.03409090909090909	0.03409090909090909	0.011363636363636364	0.0	0.011363636363636364	0.0	0.0	0.0	0.011363636363636364	0.022727272727272728	0.005681818181818182	0.005681818181818182	0.011363636363636364	0.0	0.045454545454545456	0.005681818181818182	0.0	0.0	0.011363636363636364	0.045454545454545456	16
Rickettsia_africae	0	0	0	0	0	0	0	0	0	0	0	0	0	0	0	0	0	0	0	0	0	0	0	0	0	0	0	0	0	0	0	0	0	0	0	0	0	0	0	0	0
Rickettsia_akari	0	0	0	0	0	0	0	0	0	0	0	0	0	0	0	0	0	0	0	0	0	0	0	0	0	0	0	0	0	0	0	0	0	0	0	0	0	0	0	0	0
Rickettsia_conorii	0	0	0	0	0	0	0	0	0	0	0	0	0	0	0	0	0	0	0	0	0	0	0	0	0	0	0	0	0	0	0	0	0	0	0	0	0	0	0	0	0
Rickettsia_felis	0	0	0	0	0	0	0	0	0	0	0	0	0	0	0	0	0	0	0	0	0	0	0	0	0	0	0	0	0	0	0	0	0	0	0	0	0	0	0	0	0
Rickettsia_japonica	0	0	0	0	0	0	0	0	0	0	0	0	0	0	0	0	0	0	0	0	0	0	0	0	0	0	0	0	0	0	0	0	0	0	0	0	0	0	0	0	0
Rickettsia_prowazekii	0	0	0	0	0	0	0	0	0	0	0	0	0	0	0	0	0	0	0	0	0	0	0	0	0	0	0	0	0	0	0	0	0	0	0	0	0	0	0	0	0
Rickettsia_rickettsii	0	0	0	0	0	0	0	0	0	0	0	0	0	0	0	0	0	0	0	0	0	0	0	0	0	0	0	0	0	0	0	0	0	0	0	0	0	0	0	0	0
Rickettsia_sibirica	0	0	0	0	0	0	0	0	0	0	0	0	0	0	0	0	0	0	0	0	0	0	0	0	0	0	0	0	0	0	0	0	0	0	0	0	0	0	0	0	0
Rickettsia_typhi	0	0	0	0	0	0	0	0	0	0	0	0	0	0	0	0	0	0	0	0	0	0	0	0	0	0	0	0	0	0	0	0	0	0	0	0	0	0	0	0	0
Salmonella_enterica	0.30959752321981426	0	0	0	0	0	0	0	0	0	0	0	0	0	0	0	0	0	0	0	0.021866774650739017	0.0	0.0	2.024701356549909E-4	0.006074104069649726	0.003441992306134845	0.0014172909495849362	0.004656813120064791	0.0	2.024701356549909E-4	0.02044948370115408	0.02024701356549909	0.02024701356549909	0.0	0.0	0.023689005871633934	0.004656813120064791	2.024701356549909E-4	0.0014172909495849362	2.024701356549909E-4	449
Salmonella_enterica_subsp._diarizonae_serovar_61:k:1,5,(7)	0	0	0	0	0	0	0	0	0	0	0	0	0	0	0	0	0	0	0	0	0.0	0.0	0.0	0.0	0.0	0.0	0.09090909090909091	0.0	0.0	0.0	0.0	0.0	0.0	0.0	0.0	0.0	0.0	0.09090909090909091	0.0	0.0	1
Salmonella_enterica_subsp._enterica	0	0	0	0	0	0	0	0	0	0	0	0	0	0	0	0	0	0	0	0	0.014692378328741965	0.0	0.02623638987275351	0.0	6.559097468188377E-4	6.559097468188377E-4	0.0	0.0	0.0	0.001443001443001443	2.623638987275351E-4	0.0	2.623638987275351E-4	0.0	0.0	0.008395644759281123	0.03935458480913027	0.0	3.935458480913026E-4	0.0	693
Salmonella_enterica_subsp._enterica_serovar_Agona	0	0	0	0	0	0	0	0	0	0	0.5	0	1.0	0	0	0	0	0	0	0	0.0	0.030303030303030304	0.0	0.0	0.0	0.0	0.0	0.0	0.0	0.030303030303030304	0.030303030303030304	0.0	0.030303030303030304	0.030303030303030304	0.0	0.0	0.0	0.0	0.0	0.030303030303030304	3
Salmonella_enterica_subsp._enterica_serovar_Choleraesuis	0	0	0	0	0	0	0	0	0	0	0	0	0	0	0	1.0	0	0	0	0	0.06060606060606061	0.0	0.0	0.030303030303030304	0.0	0.0	0.0	0.0	0.0	0.0	0.0	0.0	0.0	0.0	0.0	0.030303030303030304	0.030303030303030304	0.0	0.0	0.030303030303030304	3
Salmonella_enterica_subsp._enterica_serovar_Djakarta_str._S-1087	0	0	0	0	0	0	0	0	0	0	0	0	0	0	0	0	0	0	0	0	0.0	0.0	0.045454545454545456	0.0	0.0	0.0	0.0	0.0	0.045454545454545456	0.0	0.0	0.045454545454545456	0.045454545454545456	0.0	0.045454545454545456	0.0	0.0	0.045454545454545456	0.045454545454545456	0.0	2
Salmonella_enterica_subsp._enterica_serovar_India_str._SA20085604	0	0.25	0	0	0	0	0	0	0	0	0	0	0	0	0	0	0	0	0	0	0.0	0.022727272727272728	0.0	0.022727272727272728	0.0	0.0	0.022727272727272728	0.022727272727272728	0.0	0.0	0.0	0.0	0.0	0.0	0.0	0.022727272727272728	0.0	0.022727272727272728	0.0	0.022727272727272728	4
Salmonella_enterica_subsp._enterica_serovar_Muenchen	0	0	0	0	0	0	0	0	0	0	0	0	0	0	0	0	0	0	0	0	0.09090909090909091	0.09090909090909091	0.0	0.09090909090909091	0.0	0.0	0.0	0.0	0.0	0.09090909090909091	0.06818181818181818	0.0	0.022727272727272728	0.0	0.0	0.0	0.0	0.0	0.0	0.0	4
Salmonella_enterica_subsp._enterica_serovar_Typhi	0	0	0	0	0	0	1.0	0	0	0	0	0	0	0	0	0	0	0	0	0	0.09090909090909091	0.0	0.0	0.0	0.0	0.0	0.09090909090909091	0.0	0.0	0.0	0.0	0.0	0.0	0.0	0.06818181818181818	0.0	0.022727272727272728	0.0	0.0	0.0	4
Salmonella_enterica_subsp._enterica_serovar_Typhimurium	0	0	0	0	0	0	0	0	0	0	0	0	0	0	0	0	0	0	0	0	0.0	0.0	0.0	0.0	0.0	0.0	0.0	0.0	0.0	0.0	0.0	0.01818181818181818	0.0	0.0	0.0	0.0	0.0	0.0	0.0	0.0	5
Salmonella_enterica_subsp._salamae	0	0	0	0	0	0	0	0	0	0	0	0	0	0	0	0	0	0	0	0	0.0	0.0	0.09090909090909091	0.0	0.0	0.09090909090909091	0.0	0.0	0.0	0.0	0.0	0.0	0.0	0.0	0.0	0.0	0.0	0.0	0.0	0.0	1
Salmonella_enterica_subsp._salamae_serovar_55:k:z39_str._1315K	0	0	0	0	0	0	0	0	0	0	0	0	0	0	0	0	0	0.3333333333333333	0	0	0.0	0.0	0.0	0.0	0.0	0.0	0.0	0.0	0.0	0.0	0.0	0.0	0.030303030303030304	0.0	0.0	0.0	0.0	0.030303030303030304	0.0	0.0	3
Sheeppox_virus	0	0	0	0	0	0	0	0	0	0	0	0	0	0	0	0	0	0	0	0	0	0	0	0	0	0	0	0	0	0	0	0	0	0	0	0	0	0	0	0	0
Shigella_boydii	0	0	0	0	0	0	0	0	0	0	0	0	0	0	0	0	0	0	0	0	0	0	0	0	0	0	0	0	0	0	0	0	0	0	0	0	0	0	0	0	0
Shigella_dysenteriae	0	0	0	0	0	0	0	0	0	0	0	0	0	0	0	0	0	0	0	0	0	0	0	0	0	0	0	0	0	0	0	0	0	0	0	0	0	0	0	0	0
Shigella_flexneri	0	0	0	0	0	0	0	0	0	0	0	0	0	0	0	0	0	0	0	0	0	0	0	0	0	0	0	0	0	0	0	0	0	0	0	0	0	0	0	0	0
Shigella_flexneri_3a	0	0	0	0	0	0	0	0	0	0	0	0	0	0	0	0	0	0	0	0	0.045454545454545456	0.045454545454545456	0.0	0.0	0.0	0.0	0.045454545454545456	0.0	0.0	0.0	0.0	0.0	0.0	0.0	0.045454545454545456	0.0	0.0	0.0	0.045454545454545456	0.045454545454545456	2
Shigella_sonnei	0	0	0	0	0	0	0	0	0	0	0	0	0	0	0	0	0	0	0	0	0.01818181818181818	0.0	0.03636363636363636	0.0	0.03636363636363636	0.01818181818181818	0.0	0.03636363636363636	0.0	0.01818181818181818	0.0	0.0	0.01818181818181818	0.05454545454545454	0.0	0.05454545454545454	0.0	0.01818181818181818	0.0	0.01818181818181818	5
Simian_virus_12	0	0	0	0	0	0	0	0	0	0	0	0	0	0	0	0	0	0	0	0	0	0	0	0	0	0	0	0	0	0	0	0	0	0	0	0	0	0	0	0	0
Staphylococcus_aureus	0	0	0	0	0	0	0	0	0	0	0	0	0	0	0	0	0	0	0.9230769230769231	0	0.0	0.0	0.0	0.0	0.0	0.0	0.0	9.46969696969697E-4	0.0	9.46969696969697E-4	0.0	0.0	0.0	0.0	4.734848484848485E-4	9.46969696969697E-4	0.006155303030303031	0.0	0.015625	4.734848484848485E-4	192
Staphylococcus_cohnii	0	0	0	0	0	0	0	0	0	0	0	0	0	0	0	0	0	0	0	0	0	0	0	0	0	0	0	0	0	0	0	0	0	0	0	0	0	0	0	0	0
Staphylococcus_epidermidis	0	0	0	0	0	0	0	0	0	0	0	0	0	0	0	0	0	0	0	0	0.0	0.0	0.0	0.0	0.0	0.0	0.0	0.0	0.0	0.0	0.0	0.0	0.0	0.0	0.0	0.0	0.0	0.0	0.0	0.0	141
Staphylococcus_equorum	0.46875	0.25	0.046511627906976744	0.3225806451612903	0.02702702702702703	0	0.11428571428571428	0.017241379310344827	0	0.046511627906976744	0	0	0	0	0	0.02040816326530612	0	0	0	0	0.01051560379918589	0.0023744911804613297	6.7842605156038E-4	0.0037313432835820895	3.3921302578019E-4	3.3921302578019E-4	0.00135685210312076	0.0023744911804613297	3.3921302578019E-4	0.0016960651289009497	0.00135685210312076	0.0	0.0023744911804613297	0.00135685210312076	6.7842605156038E-4	0.0023744911804613297	0.00271370420624152	0.0020352781546811396	0.0	0.0023744911804613297	268
Staphylococcus_hominis	0	0	0	0	0	0	0	0	0	0	0	0	0	0	0	0	0	0	0	0	0.0	0.0	0.0	0.0	0.0	0.0	0.0	0.0	0.0	0.0	0.0	0.0	0.0	0.0	0.0	0.0	0.0	0.0	0.0	0.0	2
Staphylococcus_hominis_subsp._hominis	0	0	0	0	0	0	0	0	0	0	0	0	0	0	0	0	0	0	0	0	0.0	0.0	0.0	0.0	0.0	0.0	0.0	0.0	0.0	0.0	0.0	0.0	0.0	0.0	0.0	0.0	0.0	0.0	0.0	0.0	5
Staphylococcus_nepalensis	0	0	0	0	0	0	0	0	0	0	0	0	0	0	0	0	0	0	0	0	0	0	0	0	0	0	0	0	0	0	0	0	0	0	0	0	0	0	0	0	0
Staphylococcus_saprophyticus	0	0	0	0	0	0	0	0	0	0	0	0	0	0	0	0	0	0	0	0	0.0	0.0	0.0	0.0	0.0	0.0	0.0	0.0	0.0	0.0	0.0	0.0	0.0	0.0	0.0	0.0	0.0	0.0	0.0	0.0	2
Staphylococcus_simulans	0	0	0	0	0	0	0	0	0	0	0	0	0	0	0	0	0	0	0	0	0.0	0.0	0.0	0.0	0.09090909090909091	0.09090909090909091	0.0	0.09090909090909091	0.0	0.0	0.0	0.0	0.09090909090909091	0.0	0.0	0.0	0.09090909090909091	0.0	0.0	0.0	1
Staphylococcus_succinus	0	0	0	0	0	0	0	0	0	0	0	0	0	0	0	0	0	0	0	0	0.0	0.0	0.0	0.0	0.045454545454545456	0.0	0.0	0.0	0.0	0.0	0.045454545454545456	0.0	0.0	0.0	0.0	0.0	0.0	0.0	0.0	0.0	2
Streptococcus_agalactiae	0	0	0	0	0	0	0	0	0	0	0	0	0	0	0	0	0	0	0	0	0.0	0.0	0.0	0.0	0.0	0.0	0.0	0.09090909090909091	0.0	0.0	0.0	0.0	0.011363636363636364	0.0	0.0	0.0	0.011363636363636364	0.07954545454545454	0.0	0.0	8
Streptococcus_anginosus	0	0	0	0	0	0	0	0	0	0	0	0	0	0	0	0	0	0	0	0	0	0	0	0	0	0	0	0	0	0	0	0	0	0	0	0	0	0	0	0	0
Streptococcus_canis	0	0	0	0	0	0	0	0	0	0	0	0	0	0	0	0	0	0	0	0	0	0	0	0	0	0	0	0	0	0	0	0	0	0	0	0	0	0	0	0	0
Streptococcus_cristatus	0	0	0	0	0	0	0	0	0	0	0	0	0	0	0	0	0	0	0	0	0.0	0.0	0.09090909090909091	0.0	0.0	0.0	0.0	0.0	0.0	0.0	0.0	0.0	0.0	0.0	0.0	0.0	0.0	0.0	0.0	0.0	1
Streptococcus_cristatus_AS_1.3089	0	0	0	0	0	0	0	0	0	0	0	0	0	0	0	0	0	0	0	0	0.0	0.0	0.0	0.0	0.0	0.0	0.0	0.0	0.0	0.0	0.0	0.022727272727272728	0.0	0.0	0.0	0.0	0.0	0.0	0.06818181818181818	0.0	4
Streptococcus_cristatus_ATCC_51100	0	0	0	0	0	0	0	0	0	0	0	0	0	0	0	0	0	0	0	0	0.09090909090909091	0.0	0.0	0.0	0.09090909090909091	0.0	0.0	0.09090909090909091	0.0	0.0	0.0	0.0	0.0	0.0	0.0	0.0	0.0	0.0	0.0	0.0	1
Streptococcus_dysgalactiae	0	0	0	0	0	0	0	0	0	0	0	0	0	0	0	0	0	0	0	0	0	0	0	0	0	0	0	0	0	0	0	0	0	0	0	0	0	0	0	0	0
Streptococcus_equi	0	0	0	0	0	0	0	0	0	0	0	0	0	0	0	0	0	0	0	0	0.0	0.0	0.0	0.09090909090909091	0.0	0.0	0.0	0.0	0.0	0.09090909090909091	0.0	0.0	0.0	0.0	0.0	0.0	0.0	0.0	0.0	0.0	5
Streptococcus_gallolyticus	0	0	0	0	0	0	0	0	0	0	0	0	0	0	0	0	0	0	0	0	0	0	0	0	0	0	0	0	0	0	0	0	0	0	0	0	0	0	0	0	0
Streptococcus_gallolyticus_UCN34	0	0	0	0	0	0	0	0	0	0	0	0	0	0	1.0	0	0	0	0	0	0.0	0.0	0.09090909090909091	0.0	0.09090909090909091	0.09090909090909091	0.0	0.0	0.0	0.0	0.0	0.0	0.0	0.0	0.045454545454545456	0.0	0.0	0.0	0.0	0.0	2
Streptococcus_gordonii	0	0	0	0	0	0	1.0	0	0	0	0	0	0	0	0	0	0	0	0	0	0.0	0.0	0.0	0.0	0.0	0.0	0.01818181818181818	0.0	0.0	0.01818181818181818	0.01818181818181818	0.0	0.0	0.0	0.01818181818181818	0.0	0.0	0.0	0.0	0.0	5
Streptococcus_gordonii_str._Challis_substr._CH1	0	0	0	0	0	0	0	0	0	0	0	0	0	0	0	0	0	0	0	0	0	0	0	0	0	0	0	0	0	0	0	0	0	0	0	0	0	0	0	0	0
Streptococcus_intermedius	0	0	0	0	0	0	0	0	0	0	0	0	0	0	0	0	0	0	0	0	0	0	0	0	0	0	0	0	0	0	0	0	0	0	0	0	0	0	0	0	0
Streptococcus_lutetiensis	0	0	0	0	0	0	0	0	0	0	0	0	0	0	0	0	0	0	0	0	0	0	0	0	0	0	0	0	0	0	0	0	0	0	0	0	0	0	0	0	0
Streptococcus_milleri	0	0	0	0	0	0	0	0	0	0	0	0	0	0	0	0	0	0	0	0	0	0	0	0	0	0	0	0	0	0	0	0	0	0	0	0	0	0	0	0	0
Streptococcus_mitis	0	0	0	0	0	0	0	0	0	0	0	0	0	0	0	0	0	0	0	0	0.0	0.0	0.0	0.0	0.0	0.0	0.0	0.0	0.0	0.0	0.0	0.0	0.0	0.0	0.0	0.0	0.0	0.0	0.0	0.0	2
Streptococcus_mutans	0	0	0	0	0	0	0	0	0	0	0	0	0	0	0	0	0	0	0	0	0.0	0.0	0.0	0.0	0.0	0.0	0.0	0.0	0.0	0.0	0.0	0.0	0.0	0.0	0.0	0.0	0.0	0.09090909090909091	0.0	0.0	1
Streptococcus_mutans_UA159	0	0	0	0	0	0	0	0	0	0	0	0	0	0	0	0	0	0	0	0	0.0	0.0	0.0	0.0	0.0	0.0	0.0	0.0	0.0	0.0	0.0	0.0	0.0	0.0	0.0	0.0	0.0	0.0	0.0	0.0	12
Streptococcus_oralis	0	0	0	0	0	0	0	0	0	0	0	0	0	0	0	0	0	0	0	0	0	0	0	0	0	0	0	0	0	0	0	0	0	0	0	0	0	0	0	0	0
Streptococcus_oralis_Uo5	0	0	0	0	0	0	0	0	0	0	0	0	0	0	0	0	0	0	0	0	0.0	0.0	0.0	0.0	0.0	0.0	0.0	0.0	0.0	0.0	0.0	0.0	0.0	0.0	0.0	0.0	0.0	0.0	0.0	0.0	1
Streptococcus_oralis_subsp._tigurinus	0	0	0	0	0	0	0	0	0	0	0	0	0	0	0	0	0	0	0	0	0.0	0.0	0.0	0.0	0.0	0.0	0.0	0.0	0.0	0.0	0.0	0.0	0.0	0.0	0.0	0.0	0.0	0.0	0.0	0.0	1
Streptococcus_parauberis	0	0	0	0	0	0	0	0	0	0	0	0	0	0	0	0	0	0	0	0	0	0	0	0	0	0	0	0	0	0	0	0	0	0	0	0	0	0	0	0	0
Streptococcus_parauberis_NCFD_2020	0	0	0	0	1.0	0	0	0	0	0	0	0	0	0	0	0	0	0	0	0	0.0	0.0	0.0	0.0	0.09090909090909091	0.0	0.0	0.0	0.045454545454545456	0.0	0.0	0.0	0.0	0.0	0.045454545454545456	0.0	0.0	0.045454545454545456	0.0	0.0	2
Streptococcus_pneumoniae	0	0	0	0	0	0	0	0	0	0	0	0	0	0	0	0	0	0	0	0	0.0	0.0	0.0	0.0	0.0	0.0	0.0	0.0	0.0	0.0	0.0	0.0	0.0	0.0	0.0	0.0	0.0	0.0	0.0	0.0	2
Streptococcus_pyogenes	0	0	0	0	0	0	0	0	0	0	0	0	0	0	0	0	0	0	0	0	0.0	0.0	0.0	0.0	0.0	0.09090909090909091	0.0	0.0	0.0	0.0	0.0	0.0	0.0	0.0	0.09090909090909091	0.0	0.0	0.09090909090909091	0.0	0.0	2
Streptococcus_salivarius	0	0	0	0	0	0	0	0	0	0	0	0	0	0	0	0	0	0	0	0	0.0	0.0	0.0	0.0	0.0	0.0	0.0	0.0	0.0	0.0	0.0	0.0	0.0	0.0	0.0	0.0	0.0	0.0	0.0	0.0	2
Streptococcus_sanguinis	0	0	0	0	0	0	0	0	1.0	0	0	0	0	0	0	0	0	0	0	0	0.030303030303030304	0.030303030303030304	0.030303030303030304	0.0	0.0	0.0	0.0	0.030303030303030304	0.030303030303030304	0.0	0.030303030303030304	0.0	0.0	0.030303030303030304	0.0	0.030303030303030304	0.0	0.0	0.0	0.0	3
Streptococcus_sanguinis_SK36	0	0	0	0	0	0	0	0	0	0	0	0	0	0	0	0	0	0	0	0	0.0	0.0	0.0	0.0	0.0	0.0	0.0	0.0	0.0	0.0	0.0	0.0	0.0	0.0	0.0	0.0	0.0	0.0	0.0	0.0	4
Streptococcus_sp._HSISM1	0	0	0	0	0	0	0	0	0	0	0	0	0	0	0	0	0	0	0	0	0	0	0	0	0	0	0	0	0	0	0	0	0	0	0	0	0	0	0	0	0
Streptococcus_suis	0	0	0	0	0	0	0	0	0.2222222222222222	0	0	0	0	0	0	0	0	0	0	0	0.015151515151515152	0.0	0.007575757575757576	0.015151515151515152	0.0	0.007575757575757576	0.015151515151515152	0.0	0.015151515151515152	0.015151515151515152	0.0	0.007575757575757576	0.0	0.022727272727272724	0.015151515151515152	0.0	0.06060606060606061	0.0	0.06060606060606061	0.06818181818181819	12
Streptococcus_suis_ST1	0	0	0	0	0	0	0	0	0	0	0	0	0	0	0	0	0	0	0	0	0.0	0.0	0.0	0.0	0.0	0.0	0.0	0.0	0.0	0.0	0.0	0.0	0.0	0.0	0.0	0.0	0.09090909090909091	0.0	0.0	0.0	1
Streptococcus_thermophilus	0	0	0	0	0	0	0	0	0	0	0	0	0	0	0	0	0	0	0	0	0.0	0.0	0.0	0.0	0.0	0.0	0.0	0.0	0.0	0.0	0.0	0.0	0.0	0.0	0.0	0.0	0.0	0.0	0.0	0.0	24
Tannerella_forsythia	0	0	0	0	0	0	0	0	0	0	0	0	0	0	0	0	0	0	0	0	0	0	0	0	0	0	0	0	0	0	0	0	0	0	0	0	0	0	0	0	0
Tannerella_forsythia_92A2	0	0	0	0	0	0	0	0	0	0	0	0	0	0	0	0	0	0	0	0	0.0	0.0	0.09090909090909091	0.0	0.0	0.0	0.0	0.0	0.0	0.0	0.045454545454545456	0.0	0.0	0.045454545454545456	0.0	0.0	0.0	0.0	0.0	0.045454545454545456	2
Treponema	0	0.25	0	0	0	0	0	0	0	0	0	0	0	0	0	0	0	0	0	0	0.006493506493506494	0.016233766233766232	0.006493506493506494	0.0	0.006493506493506494	0.006493506493506494	0.01948051948051948	0.0	0.012987012987012988	0.016233766233766232	0.032467532467532464	0.012987012987012988	0.01948051948051948	0.012987012987012988	0.032467532467532464	0.0	0.032467532467532464	0.032467532467532464	0.00974025974025974	0.016233766233766232	28
Treponema_azotonutricium_ZAS-9	0	0	0	0	0	0	0	0	0	0	0	0	0	0	0	0	0	0	0	0	0.0	0.0	0.0	0.0	0.045454545454545456	0.0	0.0	0.0	0.0	0.0	0.022727272727272728	0.0	0.022727272727272728	0.022727272727272728	0.0	0.022727272727272728	0.0	0.022727272727272728	0.022727272727272728	0.022727272727272728	4
Treponema_brennaborense_DSM_12168	0	0	0	0	0	0	0	0	0	0	0	0	0	0	0	0	0	0	0	0	0.0	0.025974025974025976	0.03896103896103896	0.0	0.0	0.025974025974025976	0.025974025974025976	0.0	0.012987012987012988	0.05194805194805195	0.03896103896103896	0.012987012987012988	0.012987012987012988	0.0	0.012987012987012988	0.012987012987012988	0.0	0.0	0.0	0.0	7
Treponema_caldarium_DSM_7334	0	0	0	0	0	0	0	0	0	0	0	0	0	0	0	0	0	0	0	1.0	0.0	0.0	0.0	0.0	0.0	0.0	0.0	0.0	0.0	0.0	0.0	0.0	0.0	0.0	0.0	0.0	0.0	0.0	0.0	0.09090909090909091	1
Treponema_denticola	0	0	0	0	0	0	0	0	0	0	0	0	0	0	0	0	0	0	0	0	0	0	0	0	0	0	0	0	0	0	0	0	0	0	0	0	0	0	0	0	0
Treponema_denticola_ATCC_35405	0	0	0	0	0	0	0	0	0	0	0	0	0	0	0	0	0	0	0	0	0	0	0	0	0	0	0	0	0	0	0	0	0	0	0	0	0	0	0	0	0
Treponema_medium	0	0	0	0	0	0	0	0	0	0	0	0	0	0	0	0	0	0	0	0	0.0	0.045454545454545456	0.0	0.0	0.0	0.0	0.0	0.0	0.0	0.0	0.0	0.045454545454545456	0.0	0.045454545454545456	0.0	0.0	0.0	0.0	0.0	0.045454545454545456	2
Treponema_pallidum	0	0	0	0	0	0	0	0	0	0	0	0	0	0	0	0	0	0	0	0	0	0	0	0	0	0	0	0	0	0	0	0	0	0	0	0	0	0	0	0	0
Treponema_pallidum_subsp._pallidum	0	0	0	0	0	0	0	0	0	0	0	0	0	0	0	0	0	0	0	0	0	0	0	0	0	0	0	0	0	0	0	0	0	0	0	0	0	0	0	0	0
Treponema_pallidum_subsp._pertenue	0	0	0	0	0	0	0	0	0	0	0	0	0	0	0	0	0	0	0	0	0	0	0	0	0	0	0	0	0	0	0	0	0	0	0	0	0	0	0	0	0
Treponema_parvum	0	0	0	0	0	0.4	0	0	0	1.0	0	0	0	1.0	0	0	0	0	0.07142857142857142	0	0.0	0.04278074866310161	0.005347593582887701	0.026737967914438502	0.0	0.053475935828877004	0.0160427807486631	0.0	0.0	0.04278074866310161	0.005347593582887701	0.010695187165775402	0.04812834224598931	0.04812834224598931	0.0	0.005347593582887701	0.0	0.0160427807486631	0.0160427807486631	0.0	17
Treponema_pedis	0	0	0	0	0	0	0	0	0	0	0	0	0	0	0	0	0	0	0	0	0.030303030303030304	0.030303030303030304	0.0	0.030303030303030304	0.0	0.030303030303030304	0.0	0.0	0.0	0.0	0.0	0.0	0.015151515151515152	0.0	0.0	0.0	0.030303030303030304	0.0	0.0	0.0	6
Treponema_phagedenis	0	0	0	0.3333333333333333	0	0.5	0	0	0	0	0	0	0	0	0.5	0	0	0	0	0	0.04040404040404041	0.005050505050505051	0.03535353535353535	0.0025252525252525255	0.010101010101010102	0.007575757575757575	0.010101010101010102	0.0	0.0025252525252525255	0.0303030303030303	0.03535353535353535	0.03535353535353535	0.0	0.01515151515151515	0.027777777777777776	0.005050505050505051	0.005050505050505051	0.012626262626262626	0.0303030303030303	0.012626262626262626	36
Treponema_primitia_ZAS-2	0	0	0	0	0	0	0	0	0	0	0	0	0	0	0	0	0	0	0	0	0.020202020202020204	0.020202020202020204	0.010101010101010102	0.0	0.050505050505050504	0.0303030303030303	0.010101010101010102	0.0	0.0	0.010101010101010102	0.010101010101010102	0.0	0.0	0.010101010101010102	0.010101010101010102	0.010101010101010102	0.0	0.0	0.020202020202020204	0.0	9
Treponema_ruminis	0	0	0	0	0	0	0	0	0	0	0	0	0	0	0	0	0	0	0	0	0.0	0.0	0.0	0.0	0.0	0.0	0.0	0.0	0.0	0.0	0.0	0.0	0.0	0.0	0.045454545454545456	0.0	0.045454545454545456	0.0	0.0	0.0	2
Treponema_socranskii_subsp._buccale	0.3333333333333333	0	0	0	0	0	0.3333333333333333	0	0	0	0	0	0	0	0	0	0	0	0.5	0	0.015151515151515152	0.0	0.015151515151515152	0.0	0.015151515151515152	0.030303030303030304	0.015151515151515152	0.015151515151515152	0.0	0.0	0.015151515151515152	0.015151515151515152	0.0	0.0	0.030303030303030304	0.0	0.030303030303030304	0.015151515151515152	0.015151515151515152	0.015151515151515152	6
Treponema_succinifaciens_DSM_2489	0	0.5	0	0	0	0	0	0	0	0	0	0	0	0	0	0	0	0	0	0	0.0	0.01818181818181818	0.0	0.0	0.0	0.0	0.01818181818181818	0.0	0.0	0.0	0.01818181818181818	0.05454545454545454	0.01818181818181818	0.0	0.0	0.0	0.0	0.0	0.0	0.01818181818181818	5
Treponema_vincentii	0	0	0	0	0	0	0	0	0	0	0	0	0	0	0	0	0	0	0	0	0.0	0.045454545454545456	0.0	0.0	0.0	0.0	0.0	0.09090909090909091	0.0	0.0	0.045454545454545456	0.045454545454545456	0.0	0.045454545454545456	0.0	0.0	0.045454545454545456	0.0	0.0	0.0	2
Veillonella_parvula	0	0	0	0	0	0	0	0	0	0	0	0	0	0	0	0	0	0	0	0	0.03636363636363636	0.0	0.0	0.0	0.0	0.0	0.03636363636363636	0.0	0.0	0.01818181818181818	0.0	0.01818181818181818	0.0	0.0	0.03636363636363636	0.0	0.0	0.05454545454545454	0.01818181818181818	0.03636363636363636	5
Veillonella_parvula_HSIVP1	0	0	0	0	0	0	0	0	0	0	0	0	0	0	0	0	0	0	0	0	0.0	0.0	0.0	0.0	0.0	0.0	0.0	0.0	0.0	0.0	0.0	0.0	0.0	0.0	0.0	0.0	0.0	0.0	0.0	0.0	2
Vesicular_stomatitis_Indiana_virus	0	0	0	0	0	0	0	0	0	0	0	0	0	0	0	0	0	0	0	0	0	0	0	0	0	0	0	0	0	0	0	0	0	0	0	0	0	0	0	0	0
Vibrio_anguillarum	0	0	0	0	0	0	0	0	0	0	0	0	0	0	0	0	0	0	0	0	0	0	0	0	0	0	0	0	0	0	0	0	0	0	0	0	0	0	0	0	0
Vibrio_anguillarum_775	0	0	0	0	0	0	0	0	0	0	0	0	0	0	0	0	0	0	0	0	0.0	0.0	0.0	0.0	0.0	0.0	0.0	0.09090909090909091	0.09090909090909091	0.0	0.012987012987012988	0.012987012987012988	0.012987012987012988	0.0	0.0	0.07792207792207792	0.0	0.0	0.0	0.0	7
Vibrio_cholerae	0	0	0	0	0	0	0	0	0	0	0	0	0	0	0	0	0	0	0	0	0.0	0.0	0.0	0.0	0.045454545454545456	0.0	0.0	0.0	0.0	0.0	0.022727272727272728	0.0	0.0	0.022727272727272728	0.022727272727272728	0.06818181818181818	0.0	0.045454545454545456	0.0	0.0	4
Vibrio_furnissii	0	0	0	0	0	0	0	0	0	0	0	0	0	0	0	0	0	0	0	0	0.006060606060606061	0.06666666666666667	0.0	0.0	0.0	0.0	0.0	0.006060606060606061	0.0	0.0	0.006060606060606061	0.0	0.0	0.006060606060606061	0.0606060606060606	0.0	0.006060606060606061	0.006060606060606061	0.0	0.0	15
Vibrio_furnissii_NCTC_11218	0	0	0	0	0	0	0	0	0	0	0	0	0	0	0	0	0	0	0	0	0.0	0.0	0.0	0.0	0.009569377990430622	0.0	0.0	0.0	0.0	0.0	0.023923444976076555	0.0	0.0	0.0	0.0	0.023923444976076555	0.04784688995215311	0.0	0.0	0.0	19
Vibrio_parahaemolyticus	0	0	0	0	0	0	0	0	0	0	0	0	0	0	0	0	0	0	0	0	0.06293706293706293	0.0	0.0	0.027972027972027972	0.0	0.0	0.0	0.027972027972027972	0.09090909090909091	0.027972027972027972	0.0	0.0	0.0	0.0	0.0	0.0	0.0	0.0	0.0	0.0	65
Vibrio_parahaemolyticus_UCM-V493	0	0	0	0	0	0	0	0	0	0	0	0	0	0	0	0	0	0	0	0	0.0	0.0	0.0	0.04545454545454545	0.0	0.0	0.0	0.0	0.0	0.0	0.0	0.0	0.0	0.0	0.0	0.04545454545454545	0.0	0.0	0.0	0.03787878787878788	12
Vibrio_splendidus	0	0	0	0	0	0	0	0	0	0	0	0	0	0	0	0	0	0	0	0	0	0	0	0	0	0	0	0	0	0	0	0	0	0	0	0	0	0	0	0	0
Vibrio_vulnificus	0	0	0	0	0	0	0	0	0	0	0	0	0.14285714285714285	0	0	0	1.0	0.2	0	0	0.0025974025974025974	0.05974025974025974	0.023376623376623377	0.0025974025974025974	0.0	0.023376623376623377	0.02077922077922078	0.005194805194805195	0.04155844155844156	0.0	0.0025974025974025974	0.04155844155844156	0.0025974025974025974	0.03636363636363636	0.007792207792207791	0.01038961038961039	0.01038961038961039	0.015584415584415583	0.005194805194805195	0.03896103896103896	35
Vibrio_vulnificus_Env1	0	0	0	0	0	0	0	0	0	0	0	0	0	0	0	0	0	0	0	0	0.0	0.045454545454545456	0.0	0.0	0.0	0.0	0.0	0.0	0.0	0.045454545454545456	0.0	0.0	0.0	0.03409090909090909	0.0	0.0	0.0	0.06818181818181818	0.011363636363636364	0.03409090909090909	8
Vibrio_vulnificus_NBRC_15645_=_ATCC_27562	0	0	0	0	0	0	0	0	0	0	0	0	0	0	0	0	0	0	0	0	0.0	0.0	0.0	0.0	0.0	0.09090909090909091	0.0	0.0	0.0	0.0	0.0	0.0	0.0	0.0	0.0	0.0	0.0	0.0	0.0	0.0	8
Yersinia_aldovae	0	0	0	0	0	0	0	0	0	0	0	0	0	0	0	0	0	0	0	0	0	0	0	0	0	0	0	0	0	0	0	0	0	0	0	0	0	0	0	0	0
Yersinia_aleksiciae	0	0	0	0	0	0	0	0	0	0	0	0	0	0	0	0	0	0	0	0	0.0	0.09090909090909091	0.0	0.0	0.0	0.0	0.0	0.0	0.0	0.0	0.0	0.0	0.09090909090909091	0.0	0.0	0.0	0.0	0.0	0.0	0.0	1
Yersinia_enterocolitica	0	0	0	0	0	0	0	0	0	0	0	0	0	0	0	0	0	0	0	0	0	0	0	0	0	0	0	0	0	0	0	0	0	0	0	0	0	0	0	0	0
Yersinia_intermedia	0	0	0	0	0	0	0	0	0	0	0	0	0	0	0	0	0	0	0	0	0.045454545454545456	0.0	0.0	0.0	0.0	0.0	0.0	0.0	0.0	0.0	0.045454545454545456	0.0	0.0	0.0	0.0	0.0	0.0	0.0	0.0	0.0	2
Yersinia_pestis	0	0	0	0	0	0	1.0	0	0	0	0	0	0	0	1.0	0	0	0	0	0	0.0	0.007272727272727273	0.010909090909090908	0.01818181818181818	0.0036363636363636364	0.010909090909090908	0.05090909090909091	0.02909090909090909	0.0	0.01818181818181818	0.007272727272727273	0.0	0.02909090909090909	0.010909090909090908	0.007272727272727273	0.01818181818181818	0.010909090909090908	0.010909090909090908	0.025454545454545455	0.01818181818181818	25
Yersinia_pestis_CO92	0	0	0	0	0	0	0	0	0	0	0	0	0	0	0	0	0	0	0	0	0	0	0	0	0	0	0	0	0	0	0	0	0	0	0	0	0	0	0	0	0
Yersinia_pestis_Pestoides_F	0	0	0	0	0	0	0	0	0	0	0	0	0	0	0	0	0	0	0	0	0.0	0.0	0.0	0.09090909090909091	0.0	0.0	0.0	0.0	0.0	0.0	0.0	0.0	0.0	0.0	0.0	0.0	0.0	0.0	0.09090909090909091	0.0	1
Yersinia_pseudotuberculosis	0	0	0	0	0	0	0	0	0	0	0	0	0	0	0	0	0	0	0	0	0	0	0	0	0	0	0	0	0	0	0	0	0	0	0	0	0	0	0	0	0
Yersinia_pseudotuberculosis_complex	0	0	0	0	0	0	0	0	0	0	0	0	0	0	0	0.4	0	0	0	0	0.026515151515151516	0.015151515151515152	0.0	0.0	0.022727272727272724	0.04924242424242425	0.04924242424242425	0.0	0.0	0.01893939393939394	0.0	0.011363636363636362	0.01893939393939394	0.026515151515151516	0.030303030303030304	0.015151515151515152	0.0	0.011363636363636362	0.030303030303030304	0.0	24
Yersinia_rohdei	0	0	0	0	0	1.0	0	0	0	0	0	0	0	0	0	0	0	0	0	0	0.0	0.030303030303030304	0.030303030303030304	0.030303030303030304	0.0	0.030303030303030304	0.030303030303030304	0.0	0.030303030303030304	0.0	0.0	0.0	0.030303030303030304	0.030303030303030304	0.06060606060606061	0.06060606060606061	0.030303030303030304	0.030303030303030304	0.0	0.0	3
Yersinia_ruckeri	0	0	0	0	0	0	0	0	0	0	0	0	0	0	0	0	0	0	0	0	0.0	0.030303030303030304	0.0	0.030303030303030304	0.0	0.0	0.06060606060606061	0.0	0.030303030303030304	0.030303030303030304	0.030303030303030304	0.0	0.0	0.0	0.0	0.0	0.0	0.0	0.030303030303030304	0.0	3
Yersinia_similis	0	0	0	0	0	0	0	0	0	0	0	0	0	0	0	0	0	0	0	0	0.09090909090909091	0.0	0.0	0.0	0.0	0.0	0.0	0.0	0.0	0.0	0.0	0.0	0.0	0.0	0.0	0.0	0.0	0.0	0.0	0.0	1
