Node	C>T_1	C>T_2	C>T_3	C>T_4	C>T_5	C>T_6	C>T_7	C>T_8	C>T_9	C>T_10	G>A_11	G>A_12	G>A_13	G>A_14	G>A_15	G>A_16	G>A_17	G>A_18	G>A_19	G>A_20	D>V(11Substitution)_1	D>V(11Substitution)_2	D>V(11Substitution)_3	D>V(11Substitution)_4	D>V(11Substitution)_5	D>V(11Substitution)_6	D>V(11Substitution)_7	D>V(11Substitution)_8	D>V(11Substitution)_9	D>V(11Substitution)_10	H>B(11Substitution)_11	H>B(11Substitution)_12	H>B(11Substitution)_13	H>B(11Substitution)_14	H>B(11Substitution)_15	H>B(11Substitution)_16	H>B(11Substitution)_17	H>B(11Substitution)_18	H>B(11Substitution)_19	H>B(11Substitution)_20	considered_Matches
Actinobacillus_equuli	0	0	0	0	0	1.0	0	0	0	0	0	0	0	0	0	0	0	0	0	0	0.0	0.022727272727272728	0.0	0.0	0.06818181818181818	0.06818181818181818	0.0	0.022727272727272728	0.0	0.0	0.022727272727272728	0.0	0.0	0.0	0.0	0.0	0.022727272727272728	0.045454545454545456	0.0	0.045454545454545456	4
Actinobacillus_pleuropneumoniae	0	0	0	0	0	0	0	0	0	0	0	0	0	0	0	0	0	0	0	0	0	0	0	0	0	0	0	0	0	0	0	0	0	0	0	0	0	0	0	0	0
Actinobacillus_pleuropneumoniae_serovar_9_str._CVJ13261	0	0	0	0	0	0	0	0	0	0	0	0	0	0	0	0	0	0	0	0	0.0	0.0	0.0	0.0	0.0	0.0	0.09090909090909091	0.09090909090909091	0.0	0.0	0.06818181818181818	0.0	0.0	0.09090909090909091	0.0	0.0	0.0	0.0	0.0	0.0	4
African_swine_fever_virus	0	0	0	0	0	0	0	0	0	0	0	0	0	0	0	0	0	0	0	0	0	0	0	0	0	0	0	0	0	0	0	0	0	0	0	0	0	0	0	0	0
Aphthovirus	0	0	0	0	0	0	0	0	0	0	0	0	0	0	0	0	0	0	0	0	0	0	0	0	0	0	0	0	0	0	0	0	0	0	0	0	0	0	0	0	0
Arcanobacterium_haemolyticum	0	0	0	0	0	0	0	0	0	0	0	0	0	0	0	0	0	0	0	0	0.03636363636363636	0.0	0.0	0.0	0.0	0.01818181818181818	0.0	0.0	0.0	0.0	0.0	0.0	0.0	0.0	0.0	0.01818181818181818	0.0	0.03636363636363636	0.0	0.0	5
Aspergillus_fumigatus	0	0	0	0	0	0	0	0	0	0	0	0	0	0	0	0	0	0	0	0	0	0	0	0	0	0	0	0	0	0	0	0	0	0	0	0	0	0	0	0	0
Bartonella_bacilliformis	0	0	0	0	0	0	0	0	0	0	0	0	0	0	0	0	0	0	0	0	0	0	0	0	0	0	0	0	0	0	0	0	0	0	0	0	0	0	0	0	0
Bartonella_henselae	0	0	0	0	0	0	0	0	0	0	0	0	0	0	0	0	0	0	0	0	0	0	0	0	0	0	0	0	0	0	0	0	0	0	0	0	0	0	0	0	0
Bartonella_quintana	0	0	0	0	0	0	0	0	0	0	0	0	0	0	0	0	0	0	0	0	0.0909090909090909	0.0	0.0	0.0	0.0	0.0	0.0909090909090909	0.0	0.0	0.0909090909090909	0.0	0.0	0.0	0.06060606060606061	0.0	0.0	0.06060606060606061	0.0	0.0	0.0	3
Blastomyces_dermatitidis	0	0	0	0	0	0	0	0	0	0	0	0	0	0	0	0	0	0	0	0	0	0	0	0	0	0	0	0	0	0	0	0	0	0	0	0	0	0	0	0	0
Bordetella_bronchialis	0.034482758620689655	0	0	0.034482758620689655	0	0.047619047619047616	0.025	0	0.06451612903225806	0.08333333333333333	0.030303030303030304	0.09090909090909091	0.06451612903225806	0	0.07692307692307693	0.058823529411764705	0.09375	0.037037037037037035	0	0	0.0088261253309797	0.007943512797881731	0.013239187996469549	0.00617828773168579	0.007943512797881731	0.01412180052956752	0.01147396293027361	0.01235657546337158	0.010591350397175639	0.01147396293027361	0.01147396293027361	0.01235657546337158	0.015887025595763462	0.015887025595763462	0.015887025595763462	0.01853486319505737	0.01500441306266549	0.00706090026478376	0.010591350397175639	0.0088261253309797	103
Bordetella_bronchiseptica	0.06060606060606061	0.03571428571428571	0.017543859649122806	0	0	0	0	0	0	0	0	0	0.04	0	0.13725490196078433	0	0	0	0	0.04	0.012884753042233358	0.01073729420186113	0.007874015748031496	0.006442376521116679	0.0071581961345740875	0.012168933428775949	0.009305654974946315	0.00572655690765927	0.009305654974946315	0.005010737294201861	0.010021474588403722	0.012168933428775949	0.0071581961345740875	0.019327129563350035	0.02290622763063708	0.015032211882605584	0.0071581961345740875	0.007874015748031496	0.007874015748031496	0.020758768790264854	127
Bordetella_genomosp._13	0.11764705882352941	0.05555555555555555	0.11428571428571428	0.045454545454545456	0.05714285714285714	0	0.029411764705882353	0	0	0.025	0.10256410256410256	0.047619047619047616	0	0.10714285714285714	0.02040816326530612	0.043478260869565216	0	0	0.023809523809523808	0	0.0202854996243426	0.011269722013523666	0.011269722013523666	0.012772351615326822	0.0135236664162284	0.009015777610818933	0.008264462809917356	0.007513148009015778	0.010518407212622089	0.005259203606311044	0.010518407212622089	0.009767092411720512	0.005259203606311044	0.009015777610818933	0.009767092411720512	0.012772351615326822	0.010518407212622089	0.009767092411720512	0.008264462809917356	0.012021036814425245	121
Bordetella_pertussis	0.13541666666666666	0	0	0	0	0.04950495049504951	0	0	0	0	0.13170731707317074	0	0	0	0	0	0	0	0	0.008849557522123894	0.016295025728987993	0.010659152168586131	0.0	0.0019603038470963	0.010291595197255575	0.0012251899044351873	0.006003430531732418	0.009556481254594462	1.2251899044351874E-4	0.004288164665523156	0.006493506493506494	0.004900759617740749	0.02462631707914727	0.005390835579514825	0.012251899044351876	0.01090419014947317	0.009556481254594462	0.0026954177897574125	0.013477088948787063	0.015804949767213916	742
Bordetella_pertussis_137	0	0	0	0	0	0	0	0	0	0	0	0.09090909090909091	0	0	0	0	0	0	0	0	0.01686217008797654	0.029325513196480937	0.0	0.0	0.0	0.0	0.0	0.005865102639296188	0.012463343108504398	0.01686217008797654	0.0	0.002932551319648094	0.0	0.012463343108504398	0.012463343108504398	0.012463343108504398	0.018328445747800588	0.0	0.0	0.0	124
Bordetella_petrii	0.08333333333333333	0.0625	0.043478260869565216	0.03333333333333333	0	0	0.04	0	0.03333333333333333	0.041666666666666664	0	0	0	0	0	0.02702702702702703	0	0	0.045454545454545456	0.1	0.00974025974025974	0.006493506493506493	0.010822510822510822	0.008658008658008658	0.006493506493506493	0.00974025974025974	0.012987012987012986	0.0032467532467532465	0.010822510822510822	0.0021645021645021645	0.007575757575757576	0.005411255411255411	0.016233766233766232	0.016233766233766232	0.012987012987012986	0.007575757575757576	0.008658008658008658	0.012987012987012986	0.016233766233766232	0.01406926406926407	84
Bordetella_trematum	0.02564102564102564	0.058823529411764705	0	0.030303030303030304	0.06666666666666667	0	0.023809523809523808	0.12121212121212122	0	0.023809523809523808	0.07692307692307693	0	0.06666666666666667	0.02702702702702703	0.05714285714285714	0	0.05263157894736842	0	0.04081632653061224	0.02564102564102564	0.00539291217257319	0.014637904468412942	0.011556240369799691	0.00847457627118644	0.013097072419106317	0.00847457627118644	0.01386748844375963	0.013097072419106317	0.003852080123266564	0.006933744221879815	0.007704160246533128	0.0061633281972265025	0.013097072419106317	0.00847457627118644	0.009244992295839752	0.019260400616332822	0.013097072419106317	0.006933744221879815	0.014637904468412942	0.00539291217257319	118
Borrelia_crocidurae	0	0	0	0	0	0	0	0	0	0	0	0	0	0	0	0	0	0	0	0	0	0	0	0	0	0	0	0	0	0	0	0	0	0	0	0	0	0	0	0	0
Borrelia_recurrentis	0	0	0	0	0	0	0	0	0	0	0	0	0	0	0	0	0	0	0	0	0	0	0	0	0	0	0	0	0	0	0	0	0	0	0	0	0	0	0	0	0
Borreliella_afzelii	0	0	0	0	0	0	0	0	0	0	0	0	0	0	0	0	0	0	0	0	0	0	0	0	0	0	0	0	0	0	0	0	0	0	0	0	0	0	0	0	0
Borreliella_burgdorferi	0	0	0	0	0	0	0	0	0	0	0	0	0	0	0	0	0	0	0	0	0	0	0	0	0	0	0	0	0	0	0	0	0	0	0	0	0	0	0	0	0
Borreliella_garinii	0	0	0	0	0	0	0	0	0	0	0	0	0	0	0	0	0	0	0	0	0.0	0.0	0.0	0.0	0.0	0.0	0.09090909090909091	0.0	0.0	0.0	0.0	0.0	0.0	0.0	0.0	0.0	0.0	0.0	0.0	0.0	1
Bovine_rhinitis_A_virus	0	0	0	0	0	0	0	0	0	0	0	0	0	0	0	0	0	0	0	0	0	0	0	0	0	0	0	0	0	0	0	0	0	0	0	0	0	0	0	0	0
Brucella_abortus	0	0	0	0	0	0	0	0	0	0	0	0	0	0	0	0	0	0	0	0	0.0	0.0	0.0	0.0	0.0	0.0	0.0	0.0	0.0	0.0	0.0	0.0	0.0	0.0	0.0	0.0	0.0	0.0	0.0	0.0	2
Brucella_abortus_bv._6_str._870	0	0	0	0	0	0	0	0	0	0	0	0	0	0	0	0	0	0	0	0	0.0	0.09090909090909091	0.0	0.0	0.0	0.09090909090909091	0.0	0.0	0.0	0.0	0.0	0.09090909090909091	0.0	0.0	0.0	0.0	0.0	0.0	0.0	0.0	1
Brucella_canis	0	0	0	0	0	0	0	0	0	0	0	0	0	0	0	0	0	0	0	0	0.0	0.0	0.0	0.0	0.0	0.0	0.0	0.0	0.0	0.0	0.0	0.0	0.0	0.0	0.0	0.0	0.0	0.0	0.06060606060606061	0.0	3
Brucella_melitensis	0	0	0	0	0	0	0	0	0	0	0	0	0	0	0	0	0	0	0	0	0.0	0.0	0.0	0.0	0.0	0.0	0.0	0.0	0.0	0.0	0.0	0.06060606060606061	0.06060606060606061	0.06060606060606061	0.0	0.0	0.0	0.0	0.0	0.0	3
Brucella_melitensis_bv._2_str._63/9	0	0	0	0	0	0.15789473684210525	0	0	0	0	0.19047619047619047	0	0	0	0	0	0	0	0	0	0.030303030303030304	0.016042780748663103	0.016042780748663103	0.0213903743315508	0.016042780748663103	0.0053475935828877	0.026737967914438502	0.014260249554367202	0.026737967914438502	0.012477718360071301	0.016042780748663103	0.0213903743315508	0.03208556149732621	0.026737967914438502	0.007130124777183601	0.0	0.007130124777183601	0.007130124777183601	0.014260249554367202	0.007130124777183601	51
Brucella_microti	0	0	0	0	0	0	0	0	0	0	0	0	0	0	0	0	0	0	0	0	0	0	0	0	0	0	0	0	0	0	0	0	0	0	0	0	0	0	0	0	0
Brucella_microti_CCM_4915	0	0	0	0	0	0	0	0	0	0	0	0	0	0	0	0	0	0	0	0	0.0	0.0	0.0	0.0	0.0	0.0	0.0	0.0	0.0	0.0	0.09090909090909091	0.0	0.0	0.0	0.0	0.09090909090909091	0.0	0.0	0.0	0.09090909090909091	1
Brucella_ovis	0	0	0	0	0	0	0	0	0	0	0	0	0	0	0	0	0	0	0	0	0	0	0	0	0	0	0	0	0	0	0	0	0	0	0	0	0	0	0	0	0
Brucella_suis	0	0	0	0	0	0	0	0	0	0	0	0	0	0	0	0	0	0	0	0	0	0	0	0	0	0	0	0	0	0	0	0	0	0	0	0	0	0	0	0	0
Brucella_suis_bv._2	0	0	0	0	0	1.0	0	1.0	0	0	0	0	0	0	0	0	0	0	0	0	0.0	0.0	0.0	0.0	0.0	0.045454545454545456	0.0	0.045454545454545456	0.045454545454545456	0.0	0.0	0.0	0.0	0.0	0.0	0.0	0.045454545454545456	0.0	0.045454545454545456	0.0	2
Burkholderia_cepacia	0.16279069767441862	0.11458333333333333	0.06578947368421052	0.03225806451612903	0.029411764705882353	0.045454545454545456	0.02631578947368421	0.018518518518518517	0.024390243902439025	0.02531645569620253	0	0.041237113402061855	0.041237113402061855	0.0273972602739726	0.023255813953488372	0	0.011764705882352941	0.02247191011235955	0.009345794392523364	0.036585365853658534	0.01277480689245395	0.018716577540106954	0.011586452762923352	0.00861556743909685	0.01455733808674985	0.010695187165775402	0.01277480689245395	0.0101010101010101	0.0136660724896019	0.010992275698158051	0.0071301247771836	0.009209744503862152	0.011586452762923352	0.013071895424836602	0.010992275698158051	0.00980392156862745	0.01455733808674985	0.008021390374331552	0.00980392156862745	0.009506833036244802	306
Burkholderia_cepacia_ATCC_25416	0	0	0	0.1276595744680851	0	0	0.075	0	0	0	0	0	0	0	0	0.08571428571428572	0	0	0	0	0.018328445747800588	0.003665689149560117	0.016129032258064516	0.014662756598240468	0.016129032258064516	0.00879765395894428	0.005865102639296188	0.006598240469208211	0.007331378299120234	0.006598240469208211	0.014662756598240468	0.028592375366568914	0.013196480938416423	0.0219941348973607	0.015395894428152493	0.008064516129032258	0.003665689149560117	0.014662756598240468	0.002932551319648094	0.01906158357771261	124
Burkholderia_cepacia_JBK9	0.0625	0	0	0	0	0	0	0.09090909090909091	0	0	0	0	0.07692307692307693	0	0.1111111111111111	0	0.125	0	0.07142857142857142	0	0.02331002331002331	0.016317016317016316	0.004662004662004662	0.006993006993006992	0.018648018648018648	0.004662004662004662	0.002331002331002331	0.013986013986013984	0.006993006993006992	0.016317016317016316	0.006993006993006992	0.013986013986013984	0.013986013986013984	0.009324009324009324	0.006993006993006992	0.013986013986013984	0.004662004662004662	0.013986013986013984	0.006993006993006992	0.011655011655011654	39
Burkholderia_gladioli	0.09053497942386832	0.03867403314917127	0.05232558139534884	0.010101010101010102	0.04680851063829787	0.00546448087431694	0	0.011194029850746268	0.04529616724738676	0.024875621890547265	0.061371841155234655	0.10227272727272728	0.02364864864864865	0.03686635944700461	0.032388663967611336	0.016597510373443983	0	0.08360128617363344	0.013636363636363636	0.013953488372093023	0.01500441306266549	0.014752238053208928	0.012230487958643298	0.012987012987012986	0.012608750472828143	0.016139200605220023	0.009456562854621106	0.005673937712772664	0.009834825368805951	0.010717437901903921	0.008573950321523137	0.008195687807338294	0.013239187996469549	0.010465262892447359	0.0076913377884251675	0.008447862816794856	0.010339175387719076	0.012482662968099861	0.010465262892447359	0.01513050056739377	721
Burkholderia_gladioli_BSR3	0.17857142857142858	0.03125	0	0.038461538461538464	0.12121212121212122	0.13043478260869565	0.11428571428571428	0	0.2	0.024390243902439025	0	0.030303030303030304	0.09523809523809523	0.1891891891891892	0	0	0.022727272727272728	0	0	0.18181818181818182	0.01567398119122257	0.003918495297805642	0.007836990595611285	0.003918495297805642	0.006269592476489028	0.011755485893416927	0.013322884012539185	0.008620689655172414	0.01567398119122257	0.003918495297805642	0.023510971786833854	0.013322884012539185	0.016457680250783698	0.0109717868338558	0.0047021943573667705	0.01567398119122257	0.008620689655172414	0.0054858934169279	0.008620689655172414	0.020376175548589344	116
Burkholderia_gladioli_pv._gladioli	0.07534246575342465	0.06074766355140187	0.006622516556291391	0	0.06598984771573604	0.023668639053254437	0.030120481927710843	0.03932584269662921	0.012987012987012988	0.050724637681159424	0.017341040462427744	0	0.01015228426395939	0.029940119760479042	0.015748031496062992	0.07692307692307693	0.014084507042253521	0.016304347826086956	0.06321839080459771	0.13333333333333333	0.01090909090909091	0.010413223140495868	0.00743801652892562	0.009752066115702479	0.011900826446280993	0.011074380165289256	0.011735537190082643	0.009752066115702479	0.007603305785123967	0.010247933884297521	0.013553719008264463	0.010413223140495868	0.012066115702479339	0.01487603305785124	0.0143801652892562	0.012066115702479339	0.010247933884297521	0.011074380165289256	0.012396694214876033	0.012892561983471074	550
Burkholderia_mallei	0.2	0	0	0	0	0	0	0	0	0	0	1.0	0	0	0	0	0.125	0	0	0	0.012121212121212121	0.012121212121212121	0.012121212121212121	0.024242424242424242	0.0	0.012121212121212121	0.01818181818181818	0.024242424242424242	0.0303030303030303	0.006060606060606061	0.0303030303030303	0.01818181818181818	0.0	0.006060606060606061	0.0	0.012121212121212121	0.01818181818181818	0.0	0.012121212121212121	0.012121212121212121	15
Burkholderia_mallei_NCTC_10229	0	0	0	0	0	0	0	0	0	0	0	0	0	0	0	0	0	0	0	1.0	0.0	0.0	0.0	0.0	0.09090909090909091	0.0	0.0	0.0	0.0	0.0	0.0	0.0	0.0	0.0	0.0	0.0	0.0	0.0	0.0	0.09090909090909091	1
Burkholderia_mallei_NCTC_10247	0	0	0	0	0	0	0	0	0	0	0	0	0	0	0	0	0	0	0.5	0	0.0	0.0	0.04545454545454545	0.0	0.015151515151515152	0.0	0.015151515151515152	0.06060606060606061	0.04545454545454545	0.0	0.030303030303030304	0.030303030303030304	0.0	0.030303030303030304	0.0	0.0	0.0	0.04545454545454545	0.030303030303030304	0.04545454545454545	6
Burkholderia_multivorans	0.014492753623188406	0.07567567567567568	0.027559055118110236	0.07389162561576355	0.010309278350515464	0.03286384976525822	0.036458333333333336	0.075	0.06578947368421052	0.07909604519774012	0.05752212389380531	0.013071895424836602	0.00510204081632653	0.0392156862745098	0.046875	0.009615384615384616	0.024539877300613498	0.017045454545454544	0.0273224043715847	0.05755395683453238	0.0065349985477781	0.007987220447284345	0.01205344176590183	0.010601219866395586	0.005373221028173105	0.011472553006099331	0.009875108916642462	0.011908219575951205	0.01205344176590183	0.008858553586988092	0.009294220156839965	0.007841998257333721	0.004356665698518733	0.00551844321812373	0.010310775486494336	0.006680220737728725	0.007696776067383096	0.00943944234679059	0.009584664536741214	0.009003775776938717	626
Burkholderia_multivorans_ATCC_17616	0	0	0.009708737864077669	0.07462686567164178	0.027777777777777776	0.0821917808219178	0	0	0.14736842105263157	0.07142857142857142	0.08823529411764706	0.06578947368421052	0	0.07042253521126761	0.0891089108910891	0	0	0	0.028846153846153848	0.17647058823529413	0.009058557101261728	0.0035587188612099642	0.011646716273050793	0.014881915237787124	0.011646716273050793	0.013911355548366224	0.0071174377224199285	0.007440957618893562	0.009058557101261728	0.008087997411840828	0.009705596894208994	0.005823358136525397	0.006470397929472662	0.008735037204788094	0.01649951472015529	0.012617275962471692	0.008087997411840828	0.007764477515367195	0.0071174377224199285	0.013587835651892591	281
Burkholderia_multivorans_ATCC_BAA-247	0	0.07526881720430108	0	0.11290322580645161	0.07547169811320754	0.017543859649122806	0.05714285714285714	0.024390243902439025	0.09302325581395349	0.031578947368421054	0.039473684210526314	0.03333333333333333	0	0.14606741573033707	0	0.028846153846153848	0.02247191011235955	0.046875	0	0.17142857142857143	0.011818181818181818	0.021363636363636362	0.012727272727272728	0.01	0.01	0.007272727272727273	0.010454545454545454	0.005454545454545454	0.006818181818181818	0.014090909090909091	0.01	0.009545454545454546	0.00909090909090909	0.011818181818181818	0.003181818181818182	0.004090909090909091	0.008181818181818182	0.008181818181818182	0.011818181818181818	0.017727272727272727	200
Burkholderia_pseudomallei	0.0888030888030888	0.03355704697986577	0.13214285714285715	0.044444444444444446	0.008875739644970414	0.016666666666666666	0.018292682926829267	0.0035714285714285713	0	0.0375	0	0	0.06060606060606061	0.022222222222222223	0.03821656050955414	0.027586206896551724	0.08992805755395683	0.00558659217877095	0.027777777777777776	0.12446351931330472	0.012770562770562769	0.01720779220779221	0.012554112554112554	0.011471861471861472	0.013095238095238096	0.016774891774891776	0.010173160173160173	0.006926406926406926	0.008874458874458873	0.006493506493506493	0.00487012987012987	0.005086580086580086	0.010714285714285714	0.012012987012987014	0.008008658008658008	0.009632034632034632	0.007792207792207793	0.0079004329004329	0.019372294372294374	0.007251082251082251	840
Burkholderia_pseudomallei_1106b	0	0	0	0	0	0	0	0	0	0	0	0	0	0	0	0	0	0	0	0	0.09090909090909091	0.0	0.0	0.0	0.0	0.09090909090909091	0.0	0.0	0.0	0.0	0.0	0.0	0.0	0.0	0.0	0.0	0.0	0.045454545454545456	0.0	0.0	2
Burkholderia_pseudomallei_1710a	0	0	0	0	0	0	0.6363636363636364	0	0	0	0	0.6666666666666666	0	0	1.0	0	0	0	0	0	0.0	0.022727272727272728	0.0	0.0	0.0	0.03977272727272727	0.03977272727272727	0.0	0.022727272727272728	0.0	0.045454545454545456	0.03409090909090909	0.03409090909090909	0.0	0.011363636363636364	0.0	0.022727272727272728	0.011363636363636364	0.0	0.022727272727272728	16
Burkholderia_pseudomallei_1710b	0	0	0	0	0	0	0	0	0	0	0	0	0	0	0	0	0	0	0	0	0.012987012987012988	0.0	0.0	0.0	0.05844155844155845	0.01948051948051948	0.0	0.0	0.0	0.0	0.012987012987012988	0.01948051948051948	0.01948051948051948	0.01948051948051948	0.0	0.0	0.0	0.0	0.012987012987012988	0.0	14
Burkholderia_pseudomallei_7894	0	0	0	0	0	0	0	0	0	0	0	0	0	0	0	0.46153846153846156	0	0	0	0	0.01818181818181818	0.0	0.01818181818181818	0.004545454545454545	0.0	0.0022727272727272726	0.020454545454545454	0.0	0.0	0.0	0.013636363636363636	0.02727272727272727	0.0022727272727272726	0.02954545454545455	0.0022727272727272726	0.013636363636363636	0.0	0.0022727272727272726	0.0022727272727272726	0.013636363636363636	40
Burkholderia_pseudomallei_B03	0	0	0	0	0	0	0.7142857142857143	0	0	0	0	0	0	0	0	0	0	0	0	0	0.0	0.0	0.022727272727272724	0.015151515151515152	0.0	0.0	0.03787878787878788	0.015151515151515152	0.0	0.015151515151515152	0.0	0.0	0.0	0.0	0.0	0.03787878787878788	0.015151515151515152	0.0	0.015151515151515152	0.030303030303030304	12
Burkholderia_pseudomallei_MSHR1153	0	0	0	0	0	0	0	0	0	0	0	0	0	0	0	0	0	0.2	0	0	0.0	0.01652892561983471	0.0	0.06611570247933884	0.0	0.0	0.0	0.0	0.0	0.0	0.008264462809917356	0.0	0.0	0.0	0.0	0.03305785123966942	0.024793388429752063	0.008264462809917356	0.01652892561983471	0.024793388429752063	11
Burkholderia_pseudomallei_MSHR2543	0	0	0	0	0	0	0	0	0	0	0	0	0	0	0	0	0	0	0	0	0.03636363636363636	0.01818181818181818	0.00909090909090909	0.0	0.0	0.0	0.00909090909090909	0.03636363636363636	0.0	0.0	0.0	0.00909090909090909	0.0	0.0	0.0	0.02727272727272727	0.0	0.0	0.0	0.0	10
Burkholderia_pseudomallei_MSHR346	0	0	0	0	0	0	0	0	0	0	0	0	0	0	0	0	0	0	0	0	0.020202020202020204	0.0	0.020202020202020204	0.020202020202020204	0.020202020202020204	0.0	0.0	0.0	0.0	0.0	0.010101010101010102	0.010101010101010102	0.0	0.0	0.0	0.010101010101010102	0.010101010101010102	0.020202020202020204	0.0	0.0	9
Burkholderia_pseudomallei_MSHR435	0.1	0	0	0	0	0	0.3	0	0	0	0	0	0	0	0	0	0	0	0	0	0.022727272727272728	0.0	0.005681818181818182	0.03977272727272727	0.028409090909090908	0.005681818181818182	0.017045454545454544	0.005681818181818182	0.0	0.0	0.0	0.005681818181818182	0.0	0.0	0.0	0.0	0.005681818181818182	0.03977272727272727	0.022727272727272728	0.017045454545454544	16
Burkholderia_pseudomallei_NCTC_13179	0	0	0	0	0	0	0	0.14285714285714285	0	0	0.2	0	0.8333333333333334	0	0	0	0	0	0	0	0.0	0.0	0.0	0.007272727272727273	0.0	0.0	0.0	0.0036363636363636364	0.0	0.0	0.0036363636363636364	0.0	0.01818181818181818	0.0	0.0036363636363636364	0.0036363636363636364	0.007272727272727273	0.0	0.0	0.010909090909090908	25
Campylobacter_coli	0	0	0	0	0	0	0	0	0	0	0	0	0	0	0	0	0	0	0	0	0	0	0	0	0	0	0	0	0	0	0	0	0	0	0	0	0	0	0	0	0
Campylobacter_fetus	0	0	0	0	0	0	0	0	0	0	0	0	0	0	0	0	0	0	0	0	0	0	0	0	0	0	0	0	0	0	0	0	0	0	0	0	0	0	0	0	0
Campylobacter_gracilis	0	0	1.0	0	0	0	0	0	0	0	0	0	0	0	0	0	0	0	0	0	0.01818181818181818	0.01818181818181818	0.05454545454545454	0.03636363636363636	0.01818181818181818	0.0	0.0	0.01818181818181818	0.0	0.0	0.0	0.0	0.01818181818181818	0.0	0.0	0.03636363636363636	0.0	0.03636363636363636	0.03636363636363636	0.01818181818181818	5
Campylobacter_showae	0	0	0	0	0	0	0	0	0	0	0	0	0	0	0	0	0	0	0	0	0.006993006993006993	0.006993006993006993	0.0	0.020979020979020976	0.0	0.013986013986013986	0.013986013986013986	0.006993006993006993	0.0	0.013986013986013986	0.0	0.0	0.020979020979020976	0.0	0.0	0.020979020979020976	0.020979020979020976	0.013986013986013986	0.006993006993006993	0.0	13
Canine_morbillivirus	0	0	0	0	0	0	0	0	0	0	0	0	0	0	0	0	0	0	0	0	0	0	0	0	0	0	0	0	0	0	0	0	0	0	0	0	0	0	0	0	0
Chlamydia_abortus	0	0	0	0	0	0	0	0	0	0	0	0	0	0	0	0	0	0	0	0	0	0	0	0	0	0	0	0	0	0	0	0	0	0	0	0	0	0	0	0	0
Chlamydia_caviae	0	0	0	0	0	0	0	0	0	0	0	0	0	0	0	0	0	0	0	0	0	0	0	0	0	0	0	0	0	0	0	0	0	0	0	0	0	0	0	0	0
Chlamydia_felis	0	0	0	0	0	0	0	0	0	0	0	0	0	0	0	0	0	0	0	0	0	0	0	0	0	0	0	0	0	0	0	0	0	0	0	0	0	0	0	0	0
Chlamydia_muridarum	0	0	0	0	0	0	0	0	0	0	0	0	0	0	0	0	0	0	0	0	0	0	0	0	0	0	0	0	0	0	0	0	0	0	0	0	0	0	0	0	0
Chlamydia_pecorum	0	0	0	0	0	0	0	0	0	0	0	0	0	0	0	0	0	0	0	0	0	0	0	0	0	0	0	0	0	0	0	0	0	0	0	0	0	0	0	0	0
Chlamydia_pecorum_P787	0	0	0	0	0	0	0	0	0	0	0	0	0	0	0	0	0	0	0	0	0.0	0.0	0.0	0.0	0.0	0.0	0.0	0.0	0.045454545454545456	0.0	0.0	0.045454545454545456	0.045454545454545456	0.045454545454545456	0.045454545454545456	0.0	0.0	0.0	0.0	0.0	2
Chlamydia_pneumoniae	0	0	0	0	0	0	0	0	0	0	0	0	0	0	0	0	0	0	0	0	0	0	0	0	0	0	0	0	0	0	0	0	0	0	0	0	0	0	0	0	0
Chlamydia_psittaci	0	0	0	0	0	0	0	0	0	0	0	0	0	0	0	0	0	0	0	0	0	0	0	0	0	0	0	0	0	0	0	0	0	0	0	0	0	0	0	0	0
Chlamydia_suis	0	0	0	0	0	0	0	0	0	0	0	0	0	0	0	0	0	0	0	0	0.0	0.030303030303030304	0.0	0.0	0.030303030303030304	0.030303030303030304	0.030303030303030304	0.0	0.0	0.0	0.0	0.04545454545454545	0.0	0.0	0.0	0.06060606060606061	0.030303030303030304	0.0	0.0	0.030303030303030304	6
Chlamydia_trachomatis	0	0	0	0	0	0	0	0	0	0	0	0	0	0	0	0	0	0	0	0	0	0	0	0	0	0	0	0	0	0	0	0	0	0	0	0	0	0	0	0	0
Corynebacterium_ammoniagenes	0	0	0	0	0	0	0	0	0	0	0	0	0	0	0	0	0	0	0	0	0.0	0.05454545454545454	0.01818181818181818	0.03636363636363636	0.0	0.0	0.03636363636363636	0.0	0.0	0.0	0.0	0.01818181818181818	0.01818181818181818	0.0	0.0	0.0	0.0	0.01818181818181818	0.0	0.0	5
Corynebacterium_amycolatum	0	0	0	0	0	0.2	0	0	0	0	0	0	0	0.3333333333333333	0	0	0	0	0	0	0.0	0.0	0.0	0.0	0.0	0.00909090909090909	0.00909090909090909	0.00909090909090909	0.0	0.0	0.0	0.0	0.00909090909090909	0.00909090909090909	0.0	0.0	0.0	0.01818181818181818	0.0	0.01818181818181818	10
Corynebacterium_bovis	0.05263157894736842	0	0.08695652173913043	0.05	0.058823529411764705	0	0.043478260869565216	0	0.21428571428571427	0.06666666666666667	0	0	0	0	0.058823529411764705	0	0.05263157894736842	0.04	0	0	0.016835016835016835	0.0016835016835016836	0.01346801346801347	0.008417508417508417	0.018518518518518517	0.011784511784511785	0.006734006734006735	0.006734006734006735	0.01346801346801347	0.0101010101010101	0.008417508417508417	0.006734006734006735	0.011784511784511785	0.0033670033670033673	0.015151515151515152	0.011784511784511785	0.00505050505050505	0.008417508417508417	0.008417508417508417	0.0033670033670033673	54
Corynebacterium_crudilactis	0	0	0	0	0	0	0	0	0	0	0	0	0	0	0	0	0	0	0	0	0	0	0	0	0	0	0	0	0	0	0	0	0	0	0	0	0	0	0	0	0
Corynebacterium_diphtheriae	0	0	0	0	0	0	0	0	0	0	0	0	0	0	0	0	0	0	0	0	0.008264462809917356	0.004132231404958678	0.0	0.0	0.0	0.02066115702479339	0.0	0.0	0.012396694214876032	0.004132231404958678	0.028925619834710745	0.0	0.004132231404958678	0.0	0.012396694214876032	0.004132231404958678	0.02066115702479339	0.008264462809917356	0.008264462809917356	0.004132231404958678	22
Corynebacterium_diphtheriae_HC03	0.3333333333333333	0.13333333333333333	0.3333333333333333	0	0	0	0	0	0	0	0.7142857142857143	0	0	0	0	0	0	0	0	0	0.008658008658008658	0.008658008658008658	0.008658008658008658	0.0	0.008658008658008658	0.017316017316017316	0.0	0.0	0.05627705627705628	0.0	0.021645021645021644	0.04329004329004329	0.0	0.012987012987012986	0.0	0.008658008658008658	0.012987012987012986	0.004329004329004329	0.008658008658008658	0.008658008658008658	21
Corynebacterium_diphtheriae_HC04	0	0	0	0	0	0	0	0	0	0	0	0	1.0	0	0	0	0	0	0	0	0.0	0.0	0.0	0.0	0.0	0.0	0.0	0.0	0.0	0.0	0.0	0.0	0.08080808080808081	0.0	0.0	0.0	0.0	0.0	0.0	0.010101010101010102	9
Corynebacterium_diphtheriae_NCTC_13129	0	0	0	0	0	0	0	0	0	0	0	0	0	0	0	0	0	0	0	0	0.0	0.0	0.0	0.0	0.0909090909090909	0.0	0.0909090909090909	0.0	0.0	0.0909090909090909	0.0	0.0	0.0	0.0	0.0	0.0	0.0	0.0	0.0	0.0	3
Corynebacterium_jeikeium	0.25	0	0	0	0	0	0	0	0	0	0	0	0	0	0	0.16666666666666666	0	0	0	0	0.007575757575757576	0.0	0.007575757575757576	0.007575757575757576	0.0	0.030303030303030304	0.0	0.0	0.030303030303030304	0.015151515151515152	0.04545454545454545	0.007575757575757576	0.0	0.030303030303030304	0.0	0.03787878787878788	0.030303030303030304	0.0	0.03787878787878788	0.007575757575757576	12
Corynebacterium_jeikeium_K411	0	0	0.058823529411764705	0	0.18181818181818182	0.14285714285714285	0.1875	0	0	0	0	0	0	0	0	0	0	0	0	0	0.005050505050505051	0.010101010101010102	0.010101010101010102	0.0	0.010101010101010102	0.012626262626262626	0.012626262626262626	0.0025252525252525255	0.005050505050505051	0.0	0.01515151515151515	0.012626262626262626	0.012626262626262626	0.005050505050505051	0.0025252525252525255	0.0	0.005050505050505051	0.012626262626262626	0.022727272727272728	0.01515151515151515	36
Corynebacterium_kroppenstedtii	0	0	0.5	0	0	0	0	0	0	0	0	0	0.3333333333333333	0	0	0	0.2	0	0.2	0	0.006993006993006993	0.013986013986013986	0.020979020979020976	0.0	0.013986013986013986	0.013986013986013986	0.013986013986013986	0.013986013986013986	0.0	0.0	0.013986013986013986	0.013986013986013986	0.013986013986013986	0.0	0.013986013986013986	0.013986013986013986	0.013986013986013986	0.013986013986013986	0.013986013986013986	0.006993006993006993	13
Corynebacterium_kroppenstedtii_DSM_44385	0	0	0	0	0	0	0	0	0	0	0	0	0	0	0	0	0	0	0	0	0.00879765395894428	0.011730205278592375	0.002932551319648094	0.0	0.0	0.005865102639296188	0.002932551319648094	0.005865102639296188	0.011730205278592375	0.0	0.005865102639296188	0.0	0.0	0.005865102639296188	0.0	0.00879765395894428	0.00879765395894428	0.005865102639296188	0.005865102639296188	0.005865102639296188	31
Corynebacterium_maris	0	0	0	0	0	0	0	0	0	0	0	0	0	0	0	0	0	0	0	0	0	0	0	0	0	0	0	0	0	0	0	0	0	0	0	0	0	0	0	0	0
Corynebacterium_maris_DSM_45190	0	0	0	0	0	0	0.06666666666666667	0.07142857142857142	0	0	0	0	0.047619047619047616	0.08333333333333333	0	0	0	0	0	0	0.009881422924901186	0.005928853754940711	0.001976284584980237	0.003952569169960474	0.003952569169960474	0.005928853754940711	0.005928853754940711	0.007905138339920948	0.001976284584980237	0.007905138339920948	0.005928853754940711	0.001976284584980237	0.009881422924901186	0.01383399209486166	0.009881422924901186	0.011857707509881422	0.005928853754940711	0.005928853754940711	0.009881422924901186	0.01383399209486166	46
Corynebacterium_matruchotii	0	0.125	0	0	0.16666666666666666	0	0.058823529411764705	0	0	0	0	0.13333333333333333	0	0	0	0	0	0	0	0.058823529411764705	0.011857707509881422	0.025691699604743084	0.001976284584980237	0.001976284584980237	0.005928853754940711	0.01383399209486166	0.005928853754940711	0.001976284584980237	0.009881422924901186	0.003952569169960474	0.009881422924901186	0.003952569169960474	0.0	0.001976284584980237	0.0	0.003952569169960474	0.0	0.003952569169960474	0.003952569169960474	0.017786561264822136	46
Corynebacterium_minutissimum	0	0	0	0	0.16666666666666666	0	0.16666666666666666	0	0.09090909090909091	0	0.16666666666666666	0	0.2	0.3333333333333333	0	0	0.5	0	0	0	0.021645021645021644	0.008658008658008658	0.008658008658008658	0.004329004329004329	0.021645021645021644	0.0	0.025974025974025972	0.008658008658008658	0.021645021645021644	0.0	0.017316017316017316	0.012987012987012986	0.012987012987012986	0.008658008658008658	0.012987012987012986	0.012987012987012986	0.03463203463203463	0.0	0.021645021645021644	0.004329004329004329	21
Corynebacterium_pseudotuberculosis	1.0	0	0	0	0	0	0	0	0	0	0	0	0	0	0	0	0	0	0	0	0.06493506493506493	0.0	0.0	0.0	0.0	0.0	0.025974025974025976	0.025974025974025976	0.0	0.0	0.012987012987012988	0.06493506493506493	0.06493506493506493	0.012987012987012988	0.0	0.0	0.0	0.012987012987012988	0.0	0.0	7
Corynebacterium_pseudotuberculosis_Cp162	0	0	0	0	0	0	0	0	0	0	0	0	0	0	0	0	0	0	0	0	0.0	0.0	0.0	0.0	0.0	0.0	0.0	0.0	0.0	0.0	0.0	0.0	0.0	0.0	0.0	0.0	0.0	0.0	0.0	0.0	6
Corynebacterium_renale	0	0	0	0	0	0	0	0	0	0	0	0	0	0	0	0	0	0	0	0	0.0	0.0	0.0	0.01818181818181818	0.01818181818181818	0.01818181818181818	0.0	0.0	0.0	0.0	0.01818181818181818	0.0	0.0	0.0	0.0	0.01818181818181818	0.0	0.03636363636363636	0.0	0.01818181818181818	5
Corynebacterium_segmentosum	0	0.2	0	0	0.25	0	0	0	0.16666666666666666	0	0	0	0	0.5	0	0	0.1111111111111111	0	0	0	0.017045454545454544	0.005681818181818182	0.011363636363636364	0.005681818181818182	0.011363636363636364	0.011363636363636364	0.028409090909090908	0.005681818181818182	0.005681818181818182	0.005681818181818182	0.017045454545454544	0.011363636363636364	0.011363636363636364	0.017045454545454544	0.011363636363636364	0.022727272727272728	0.011363636363636364	0.0	0.0	0.011363636363636364	16
Corynebacterium_sphenisci	0	0	0	0	0	0	0	0	0	0	0	0	0	0	0	0	0	0	0	0	0	0	0	0	0	0	0	0	0	0	0	0	0	0	0	0	0	0	0	0	0
Corynebacterium_sphenisci_DSM_44792	0.08823529411764706	0.0410958904109589	0.011111111111111112	0.0759493670886076	0.01639344262295082	0.036585365853658534	0.0410958904109589	0.08695652173913043	0.03529411764705882	0.014705882352941176	0.04054054054054054	0.04477611940298507	0.047619047619047616	0	0.02666666666666667	0.041666666666666664	0.0547945205479452	0.017857142857142856	0.07692307692307693	0.029411764705882353	0.013986013986013988	0.011266511266511266	0.010878010878010878	0.00777000777000777	0.006216006216006216	0.01048951048951049	0.00777000777000777	0.008935508935508936	0.008935508935508936	0.005439005439005439	0.006216006216006216	0.008935508935508936	0.01048951048951049	0.003885003885003885	0.010101010101010102	0.008935508935508936	0.008935508935508936	0.010101010101010102	0.011655011655011654	0.009712509712509714	234
Corynebacterium_stationis	0	0	0.5	0	0	0	0	0	0	0	0	0	0	0	0	0	0	0	0	0	0.03896103896103896	0.012987012987012988	0.012987012987012988	0.012987012987012988	0.0	0.0	0.025974025974025976	0.03896103896103896	0.025974025974025976	0.0	0.0	0.0	0.0	0.0	0.025974025974025976	0.0	0.012987012987012988	0.0	0.0	0.012987012987012988	7
Corynebacterium_striatum	0	0	0	0	0	0	0	0	0	0	0	0.09523809523809523	0	0.18181818181818182	0	0	0	0	0	0	0.005865102639296188	0.014662756598240468	0.014662756598240468	0.01759530791788856	0.026392961876832845	0.02346041055718475	0.0	0.002932551319648094	0.005865102639296188	0.00879765395894428	0.00879765395894428	0.00879765395894428	0.002932551319648094	0.020527859237536656	0.002932551319648094	0.0	0.00879765395894428	0.005865102639296188	0.02346041055718475	0.00879765395894428	31
Corynebacterium_urealyticum	0.07692307692307693	0.037037037037037035	0	0	0	0.11764705882352941	0	0	0	0	0	0	0	0	0	0	0	0	0	0	0.008264462809917356	0.008264462809917356	0.012396694214876032	0.012396694214876032	0.014462809917355372	0.01652892561983471	0.014462809917355372	0.010330578512396695	0.014462809917355372	0.012396694214876032	0.004132231404958678	0.014462809917355372	0.008264462809917356	0.0	0.014462809917355372	0.01652892561983471	0.006198347107438016	0.01652892561983471	0.022727272727272728	0.008264462809917356	44
Corynebacterium_ureicelerivorans	0.08333333333333333	0	0.09090909090909091	0	0.2	0.14285714285714285	0	0	0.08333333333333333	0	0	0	0	0.16666666666666666	0	0	0.125	0	0	0	0.014799154334038054	0.0021141649048625794	0.006342494714587738	0.006342494714587738	0.014799154334038054	0.010570824524312896	0.014799154334038054	0.006342494714587738	0.006342494714587738	0.012684989429175475	0.0	0.010570824524312896	0.012684989429175475	0.010570824524312896	0.014799154334038054	0.014799154334038054	0.010570824524312896	0.0021141649048625794	0.012684989429175475	0.016913319238900635	43
Corynebacterium_xerosis	0.06896551724137931	0	0	0	0.043478260869565216	0.04	0	0.10526315789473684	0	0.07407407407407407	0	0	0	0	0	0	0.041666666666666664	0.03333333333333333	0	0.22727272727272727	0.00805523590333717	0.010356731875719219	0.006904487917146145	0.010356731875719219	0.009205983889528193	0.009205983889528193	0.014959723820483314	0.011507479861910242	0.011507479861910242	0.020713463751438437	0.010356731875719219	0.014959723820483314	0.0	0.005753739930955121	0.014959723820483314	0.0034522439585730723	0.011507479861910242	0.010356731875719219	0.00805523590333717	0.02186421173762946	79
Cowpox_virus	0	0	0	0	0	0	0	0	0	0	0	0	0	0	0	0	0	0	0	0	0	0	0	0	0	0	0	0	0	0	0	0	0	0	0	0	0	0	0	0	0
Coxiella_burnetii	0.5	0	0	0	0	0	0	0	0	0	0	0	0	0	0	0	0	0	0	1.0	0.027272727272727275	0.0	0.0	0.01818181818181818	0.0	0.00909090909090909	0.00909090909090909	0.00909090909090909	0.00909090909090909	0.0	0.0	0.00909090909090909	0.027272727272727275	0.00909090909090909	0.00909090909090909	0.00909090909090909	0.00909090909090909	0.007575757575757575	0.0	0.01818181818181818	60
Coxiella_burnetii_str._Schperling	0	0	0	0	0	1.0	0	0	0	0	0	0	0	0	0	0	0	0	0	0	0.09090909090909091	0.09090909090909091	0.0	0.0	0.0	0.09090909090909091	0.0	0.09090909090909091	0.0	0.0	0.0	0.0	0.0	0.0	0.0	0.045454545454545456	0.0	0.045454545454545456	0.0	0.0	2
Cryptosporidium	0	0	0	0	0	0	0	0	0	0	0	0	0	0	0	0	0	0	0	0	0	0	0	0	0	0	0	0	0	0	0	0	0	0	0	0	0	0	0	0	0
Cryptosporidium_parvum	0	0	0	0	0	0	0	0	0	0	0	0	0	0	0	0	0	0	0	0	0	0	0	0	0	0	0	0	0	0	0	0	0	0	0	0	0	0	0	0	0
Deltaretrovirus	0	0	0	0	0	0	0	0	0	0	0	0	0	0	0	0	0	0	0	0	0	0	0	0	0	0	0	0	0	0	0	0	0	0	0	0	0	0	0	0	0
Ehrlichia_canis	0	0	0	0	0	0	0	0	0	0	0	0	0	0	0	0	0	0	0	0	0	0	0	0	0	0	0	0	0	0	0	0	0	0	0	0	0	0	0	0	0
Enterococcus_avium	0	0	0	0	0	0	0	0	0	0	0	0	0	0	0	0	0	0	0	0	0	0	0	0	0	0	0	0	0	0	0	0	0	0	0	0	0	0	0	0	0
Enterococcus_casseliflavus	0	0	0	0	0	0	0	0	0	0	0	0	0	0	0	0	0	0	0	0	0	0	0	0	0	0	0	0	0	0	0	0	0	0	0	0	0	0	0	0	0
Enterococcus_casseliflavus_EC20	0	0	0	0	0	0	0	0	0	0	0	0	0	0	0	0	0	0	0	0	0.0	0.0	0.045454545454545456	0.0	0.0	0.045454545454545456	0.0	0.0	0.0	0.0	0.0	0.011363636363636364	0.0	0.0	0.0	0.0	0.0	0.03409090909090909	0.0	0.0	8
Enterococcus_cecorum	0	0	0	0	0	0	0	0	0	0	0	0	0	0	0	0	0	0	0	0	0.0	0.0	0.0	0.0	0.0	0.0	0.0	0.0	0.0	0.0	0.0	0.0	0.0	0.0	0.0	0.0	0.0	0.0	0.0	0.0	5
Enterococcus_durans	0	0	0	0	0	0	0	0	0	0	0	0	0	0	0	0	0	0	0	0	0	0	0	0	0	0	0	0	0	0	0	0	0	0	0	0	0	0	0	0	0
Enterococcus_faecalis	0	0	0	0	0	0	0	0	0	0	0	0	0	0	0	0	0	0	0	0	0.0	0.0	0.0	0.0	0.0	0.0	0.0	0.0	0.0	0.09090909090909091	0.0	0.0	0.0	0.0	0.0	0.09090909090909091	0.0	0.0	0.0	0.0	1
Enterococcus_faecium	0	0	0	0	0	0	0	0	0	0	0	0	0	0	0	0	0	0	0	0	0	0	0	0	0	0	0	0	0	0	0	0	0	0	0	0	0	0	0	0	0
Enterococcus_hirae	0	0	0	0	0	0	0	0	0	0	0	0	0	0	0	0	0	0	0	0	0	0	0	0	0	0	0	0	0	0	0	0	0	0	0	0	0	0	0	0	0
Enterococcus_hirae_ATCC_9790	0	0	0	0	0	0	0	0	0	0	0	0	0	0	0	0	0	0	0	0	0.0	0.09090909090909091	0.0	0.0	0.0	0.0	0.0	0.0	0.0	0.0	0.09090909090909091	0.0	0.0	0.0	0.0	0.0	0.0	0.0	0.0	0.0	1
Enterococcus_mundtii	0	0	0	0	0	0	0	0	0	0	0	0	0	0	0	0	0	0	0	0	0	0	0	0	0	0	0	0	0	0	0	0	0	0	0	0	0	0	0	0	0
Enterovirus_B	0	0	0	0	0	0	0	0	0	0	0	0	0	0	0	0	0	0	0	0	0	0	0	0	0	0	0	0	0	0	0	0	0	0	0	0	0	0	0	0	0
Epizootic_hemorrhagic_disease_virus_(serotype_1_/_strain_New_Jersey)	0	0	0	0	0	0	0	0	0	0	0	0	0	0	0	0	0	0	0	0	0	0	0	0	0	0	0	0	0	0	0	0	0	0	0	0	0	0	0	0	0
Equine_rhinitis_A_virus	0	0	0	0	0	0	0	0	0	0	0	0	0	0	0	0	0	0	0	0	0	0	0	0	0	0	0	0	0	0	0	0	0	0	0	0	0	0	0	0	0
Erysipelothrix_rhusiopathiae	0	0	0	0	0	0	0	0	0	0	0	0	0	0	0	0	0	0	0	0	0	0	0	0	0	0	0	0	0	0	0	0	0	0	0	0	0	0	0	0	0
Erythroparvovirus	0	0	0	0	0	0	0	0	0	0	0	0	0	0	0	0	0	0	0	0	0	0	0	0	0	0	0	0	0	0	0	0	0	0	0	0	0	0	0	0	0
Escherichia_coli	0.017094017094017096	0	0	0.10526315789473684	0.25	0	0	0	0	0	0	0.043478260869565216	0	0	0	0	0	0	0	0	0.0025789813023855577	0.0012894906511927789	0.001934235976789168	0.001934235976789168	0.0012894906511927789	0.004513217279174726	0.006447453255963894	0.001934235976789168	0.0	0.00967117988394584	6.447453255963894E-4	0.0025789813023855577	6.447453255963894E-4	0.001934235976789168	0.001934235976789168	6.447453255963894E-4	0.003868471953578336	0.001934235976789168	0.001934235976789168	0.010315925209542231	141
Escherichia_coli_BL21(DE3)	0	0	0	0	0	0	0	0	0	0	0	0	0	0	0	0	0	0	0	0	0.0	0.0	0.0	0.0	0.0	0.0	0.0	0.0	0.0	0.0	0.0	0.0	0.0	0.0	0.0	0.0	0.0	0.0	0.0	0.09090909090909091	1
Escherichia_coli_O111	0	0	0	0	0	0	0	0	0	0	0	0	0	0	0	0	0	0	0	0	0	0	0	0	0	0	0	0	0	0	0	0	0	0	0	0	0	0	0	0	0
Escherichia_coli_O157:H7	0	0	0	0	0	0	0	0	0	0	0	0	0	0	0	0	0	0	0	0	0	0	0	0	0	0	0	0	0	0	0	0	0	0	0	0	0	0	0	0	0
Escherichia_coli_O26	0	0	0	0	0	0	0	0	0	0	0	0	0	0	0	0	0	0	0	0	0	0	0	0	0	0	0	0	0	0	0	0	0	0	0	0	0	0	0	0	0
Escherichia_coli_UMN026	0	0	0	0	0	0	0	0	0	0	0	0	0	0	0	0	0	0	0	0	0.09090909090909091	0.0	0.0	0.0	0.0	0.0	0.0	0.09090909090909091	0.0	0.09090909090909091	0.0	0.0	0.0	0.0	0.0	0.0	0.0	0.0	0.0	0.0	100
Francisella_tularensis	0	0	0	0	0	0	0	0	0	0	0	0	0	0	0	0	0	0	0	0	0.0	0.0	0.0	0.0	0.0	0.0	0.0	0.0	0.0	0.09090909090909091	0.0	0.0	0.045454545454545456	0.0	0.0	0.0	0.09090909090909091	0.0	0.0	0.0	2
Fusobacterium	0	0	0	0	0	0	0	0	0	0	0	0	0	0	0	0	0	0	0	0	0.022727272727272728	0.022727272727272728	0.0	0.022727272727272728	0.0	0.022727272727272728	0.0	0.045454545454545456	0.0	0.022727272727272728	0.045454545454545456	0.0	0.022727272727272728	0.022727272727272728	0.045454545454545456	0.0	0.022727272727272728	0.0	0.0	0.0	4
Fusobacterium_mortiferum_ATCC_9817	0	0	0	0	0	0	0	0	0	0	0	0	0	0	0	0	0	0	0	0	0.045454545454545456	0.0	0.0	0.0	0.0	0.0	0.0	0.045454545454545456	0.0	0.0	0.045454545454545456	0.0	0.045454545454545456	0.0	0.0	0.0	0.045454545454545456	0.045454545454545456	0.09090909090909091	0.0	2
Fusobacterium_nucleatum	0	0	0	0	0	0	0	0	0	0	0	0	0	0	0	0	0	0	0	0	0	0	0	0	0	0	0	0	0	0	0	0	0	0	0	0	0	0	0	0	0
Fusobacterium_nucleatum_subsp._animalis_4_8	0	0	0	0	0	0	0	0	0	0	0	0	0	0	0	0	0	0	0	0	0.0	0.0	0.0	0.0	0.0	0.0	0.0	0.0	0.0	0.0	0.0	0.045454545454545456	0.0	0.0	0.0	0.0	0.045454545454545456	0.0	0.0	0.0	2
Fusobacterium_nucleatum_subsp._vincentii	0	0	0	0	0	0	0	0	0	0	0	0	0	0	0	0	0	0	0	0	0.0	0.0	0.0	0.0	0.0	0.0	0.0	0.0	0.0	0.0	0.0	0.0	0.0	0.0	0.0	0.0	0.0	0.0	0.09090909090909091	0.0	1
Fusobacterium_nucleatum_subsp._vincentii_ChDC_F8	0	0	0	0	0	0	0	0	0	0	0	0	0	0	0	0	0	0	0	0	0.0	0.0	0.0	0.0	0.0	0.0	0.0	0.0	0.0	0.0	0.0	0.0	0.0	0.0	0.0	0.0	0.0	0.0	0.0	0.0	1
Goatpox_virus	0	0	0	0	0	0	0	0	0	0	0	0	0	0	0	0	0	0	0	0	0	0	0	0	0	0	0	0	0	0	0	0	0	0	0	0	0	0	0	0	0
Haemophilus_influenzae	0	0	0	0	0	0	0	0	0	0	0	0	0	0	0	0	0	0	0	0	0	0	0	0	0	0	0	0	0	0	0	0	0	0	0	0	0	0	0	0	0
Helicobacter_cinaedi	0	0	0	0	0	0	0	0	0	0	0	0	0	0	0	0	0	0	0	0	0	0	0	0	0	0	0	0	0	0	0	0	0	0	0	0	0	0	0	0	0
Helicobacter_pylori	0	0	0	0	0	0	0	0	0	0	0	0	0	0	0	0.5	0.9285714285714286	0	0	0	0.012326656394453005	0.0015408320493066256	0.0	0.0	0.01078582434514638	0.0	0.0	0.0	0.0015408320493066256	0.0	0.0015408320493066256	7.704160246533128E-4	0.0	0.0015408320493066256	0.010015408320493066	7.704160246533128E-4	0.010015408320493066	0.0	7.704160246533128E-4	0.0015408320493066256	118
Hepatitis_B_virus	0	0	0	0	0	0	0	0	0	0	0	0	0	0	0	0	0	0	0	0	0	0	0	0	0	0	0	0	0	0	0	0	0	0	0	0	0	0	0	0	0
Hepatitis_E_virus	0	0	0	0	0	0	0	0	0	0	0	0	0	0	0	0	0	0	0	0	0	0	0	0	0	0	0	0	0	0	0	0	0	0	0	0	0	0	0	0	0
Hepatitis_delta_virus	0	0	0	0	0	0	0	0	0	0	0	0	0	0	0	0	0	0	0	0	0	0	0	0	0	0	0	0	0	0	0	0	0	0	0	0	0	0	0	0	0
Human_adenovirus_1	0	0	0	0	0	0	0	0	0	0	0	0	0	0	0	0	0	0	0	0	0	0	0	0	0	0	0	0	0	0	0	0	0	0	0	0	0	0	0	0	0
Human_adenovirus_2	0	0	0	0	0	0	0	0	0	0	0	0	0	0	0	0	0	0	0	0	0	0	0	0	0	0	0	0	0	0	0	0	0	0	0	0	0	0	0	0	0
Human_adenovirus_35	0	0	0	0	0	0	0	0	0	0	0	0	0	0	0	0	0	0	0	0	0	0	0	0	0	0	0	0	0	0	0	0	0	0	0	0	0	0	0	0	0
Human_adenovirus_5	0	0	0	0	0	0	0	0	0	0	0	0	0	0	0	0	0	0	0	0	0	0	0	0	0	0	0	0	0	0	0	0	0	0	0	0	0	0	0	0	0
Human_adenovirus_54	0	0	0	0	0	0	0	0	0	0	0	0	0	0	0	0	0	0	0	0	0	0	0	0	0	0	0	0	0	0	0	0	0	0	0	0	0	0	0	0	0
Human_adenovirus_7	0	0	0	0	0	0	0	0	0	0	0	0	0	0	0	0	0	0	0	0	0	0	0	0	0	0	0	0	0	0	0	0	0	0	0	0	0	0	0	0	0
Human_alphaherpesvirus_1	0	0	0	0	0	0	0	0	0	0	0	0	0	0	0	0	0	0	0	0	0	0	0	0	0	0	0	0	0	0	0	0	0	0	0	0	0	0	0	0	0
Human_alphaherpesvirus_2	0	0	0	0	0	0	0	0	0	0	0	0	0	0	0	0	0	0	0	0	0	0	0	0	0	0	0	0	0	0	0	0	0	0	0	0	0	0	0	0	0
Human_alphaherpesvirus_3	0	0	0	0	0	0	0	0	0	0	0	0	0	0	0	0	0	0	0	0	0	0	0	0	0	0	0	0	0	0	0	0	0	0	0	0	0	0	0	0	0
Human_gammaherpesvirus_4	0	0	0	0	0	0	0	0	0	0	0	0	0	0	0	0	0	0	0	0	0	0	0	0	0	0	0	0	0	0	0	0	0	0	0	0	0	0	0	0	0
Human_herpesvirus_4_type_2	0	0	0	0	0	0	0	0	0	0	0	0	0	0	0	0	0	0	0	0	0	0	0	0	0	0	0	0	0	0	0	0	0	0	0	0	0	0	0	0	0
Human_mastadenovirus_C	0	0	0	0	0	0	0	0	0	0	0	0	0	0	0	0	0	0	0	0	0	0	0	0	0	0	0	0	0	0	0	0	0	0	0	0	0	0	0	0	0
JC_polyomavirus	0	0	0	0	0	0	0	0	0	0	0	0	0	0	0	0	0	0	0	0	0	0	0	0	0	0	0	0	0	0	0	0	0	0	0	0	0	0	0	0	0
Klebsiella_aerogenes	0.1016949152542373	0	0	0	0.043478260869565216	0	0	0	0	0	0	0	0.14285714285714285	0	0	0	0	0	0	0	0.012539184952978056	0.0010449320794148381	0.003134796238244514	0.042842215256008356	0.0303030303030303	0.013584117032392895	0.024033437826541274	0.00522466039707419	0.00522466039707419	0.01044932079414838	0.003134796238244514	0.01044932079414838	0.006269592476489028	0.01044932079414838	0.008359456635318705	0.03657262277951933	0.00522466039707419	0.017763845350052244	0.0041797283176593526	0.011494252873563218	87
Klebsiella_aerogenes_EA1509E	0	0	0	0	0	0	0	0	0	0	0	0	0	0	0	0	0	0	0.8333333333333334	0	0.0	0.0	0.0	0.0	0.0	0.0	0.0	0.0	0.0	0.0	0.06493506493506493	0.0	0.0	0.0	0.0	0.0	0.06493506493506493	0.0	0.06493506493506493	0.0	7
Klebsiella_michiganensis	0	0	0	0.23809523809523808	0	0	0	0.058823529411764705	0	0	0	0.09090909090909091	0	0	0	0	0	0.07692307692307693	0	0	0.009324009324009324	0.013986013986013984	0.018648018648018648	0.02564102564102564	0.009324009324009324	0.009324009324009324	0.016317016317016316	0.02097902097902098	0.006993006993006992	0.030303030303030304	0.0	0.004662004662004662	0.018648018648018648	0.002331002331002331	0.016317016317016316	0.018648018648018648	0.011655011655011654	0.006993006993006992	0.002331002331002331	0.009324009324009324	39
Klebsiella_oxytoca	0	0	0	0	0	0.45454545454545453	0	0	0	0	0	0	0	0	0	0	0	0	0	0	0.0025252525252525255	0.0025252525252525255	0.022727272727272728	0.022727272727272728	0.01515151515151515	0.022727272727272728	0.017676767676767676	0.03282828282828283	0.005050505050505051	0.012626262626262626	0.0	0.025252525252525252	0.0	0.0025252525252525255	0.0	0.005050505050505051	0.0303030303030303	0.012626262626262626	0.007575757575757575	0.020202020202020204	36
Klebsiella_pneumoniae	0.3470031545741325	0	0	0.004640371229698376	0	0	0	0.006688963210702341	0	0	0	0	0	0	0	0	0.009302325581395349	0.006493506493506494	0	0.0076045627376425855	0.032712057816660325	2.8527957398250285E-4	0.008653480410802588	0.009128946367440091	0.042031190566755416	0.026911373145682767	6.656523392925066E-4	0.0099847850893876	5.705591479650057E-4	1.901863826550019E-4	6.656523392925066E-4	0.009604412324077596	2.8527957398250285E-4	0.009033853176112591	0.01711677443895017	0.017972613160897682	0.01702168124762267	0.018067706352225182	0.027481932293647777	0.00884366679345759	956
Klebsiella_pneumoniae_subsp._pneumoniae	0	0	1.0	0	0	0	0	0	0	0	0	0	0	0	0	0	0.03986135181975736	0	0	0	1.543448062972681E-4	3.086896125945362E-4	0.04105571847507332	0.026084272264238307	7.717240314863404E-4	3.086896125945362E-4	0.0	0.0	0.0	9.260688377836085E-4	0.0	0.04367958018212687	0.012810618922673253	0.01296496372897052	0.04429695940731594	0.03519061583577712	0.004475999382620775	6.173792251890724E-4	3.086896125945362E-4	0.013119308535267788	589
Klebsiella_pneumoniae_subsp._pneumoniae_KPNIH27	0	0	0	0	0	0	0	0	0	0	0	0	0	0	0	0	0	0	0	0	0.0	0.0	0.0	0.0	0.0	0.0	0.0	0.0	0.0	0.0909090909090909	0.0	0.0	0.0	0.0	0.0	0.0	0.0	0.0	0.07575757575757576	0.0	6
Klebsiella_pneumoniae_subsp._rhinoscleromatis	0	0	0	0	0	0	0	0	0	0	0	0	0	0	0	0	0	0	0	0	0	0	0	0	0	0	0	0	0	0	0	0	0	0	0	0	0	0	0	0	0
Klebsiella_pneumoniae_subsp._rhinoscleromatis_SB3432	0	0	0	0	0	0	0	0	0	0	0	0	0	0	0	0	0	0	0	0	0.0	0.0	0.09090909090909091	0.09090909090909091	0.0	0.0	0.0	0.0	0.0	0.0	0.09090909090909091	0.09090909090909091	0.0	0.09090909090909091	0.0	0.0	0.0	0.0	0.0	0.0	1
Legionella_anisa	0	0	0	0	0	0	0	0	0	0	0	0	0	0	0	0	0	0	0	0	0	0	0	0	0	0	0	0	0	0	0	0	0	0	0	0	0	0	0	0	0
Legionella_lansingensis	0	0	0	0	0	0	0	0	0	0	0	0	0	0	0	0	0	0	0	0	0.0	0.0	0.045454545454545456	0.045454545454545456	0.0	0.022727272727272728	0.0	0.0	0.0	0.0	0.022727272727272728	0.022727272727272728	0.0	0.0	0.0	0.0	0.0	0.0	0.0	0.0	4
Legionella_pneumophila	0	0	0	0	0	0	0	1.0	0	0	0	0	0	0	0	0	0	0	0	0	0.0	0.0	0.09090909090909091	0.09090909090909091	0.09090909090909091	0.0	0.0	0.09090909090909091	0.0	0.0	0.0	0.0	0.0	0.0	0.0	0.0	0.0	0.0	0.0	0.0	22
Legionella_pneumophila_str._Corby	0	0	0	0	0	0	0	0	0	0	0	0	0	0	0	0	0	1.0	0	0	0.09090909090909091	0.0	0.0	0.0	0.0	0.0	0.0	0.0	0.09090909090909091	0.0	0.0	0.09090909090909091	0.0	0.0	0.0	0.09090909090909091	0.0	0.09090909090909091	0.0	0.0	1
Legionella_pneumophila_subsp._fraseri	0	0	0	0	0	0	0	0	0	0	0	0	0	0	0	0	0	0	0	0	0.0	0.0	0.0	0.0	0.0	0.0	0.0	0.0	0.0	0.0	0.0	0.0	0.09090909090909091	0.0	0.0	0.0	0.0	0.0	0.0	0.0	1
Legionella_pneumophila_subsp._pneumophila	0	0	0	0	0	0	0	0	0	0	0	0	0	0	0	0	0	0	1.0	0	0.0	0.0	0.09090909090909091	0.0	0.0	0.09090909090909091	0.0	0.0	0.0	0.09090909090909091	0.0	0.0	0.09090909090909091	0.0	0.0	0.0	0.09090909090909091	0.0	0.09090909090909091	0.0	1
Leptospira_alexanderi	0	0	0	0	0	0	0	0	0	0	0	0	0	0	0	0	0	0	0	0	0	0	0	0	0	0	0	0	0	0	0	0	0	0	0	0	0	0	0	0	0
Leptospira_alstonii	0	0	0	0	0	0	0	0	0	0	0	0	0	0	0	0	0	0	0	0	0	0	0	0	0	0	0	0	0	0	0	0	0	0	0	0	0	0	0	0	0
Leptospira_biflexa	0	0	0	0	0	0	0	0	0	0	0	0	0	0	0	0	0	0	0	0	0	0	0	0	0	0	0	0	0	0	0	0	0	0	0	0	0	0	0	0	0
Leptospira_borgpetersenii	0	0	0	0	0	0	0	0	0	0	0	0	0	0	0	0	0	0	0	0	0.0	0.0	0.0	0.0	0.0	0.0	0.0	0.0	0.0	0.0	0.0	0.06818181818181818	0.022727272727272728	0.0	0.0	0.06818181818181818	0.0	0.0	0.06818181818181818	0.0	4
Leptospira_borgpetersenii_serovar_Ceylonica	1.0	0	0	0	0	0	0	0	0	0	0	0	0	0	0	0	0	0	0	0	0.0909090909090909	0.0	0.0	0.0	0.0	0.0	0.0	0.0	0.0	0.0	0.0	0.0	0.0	0.0	0.0	0.030303030303030304	0.06060606060606061	0.0	0.0	0.0	3
Leptospira_broomii	0	0	0	0	0	0	0	0	0	0	0	0	0	0	0	0	0	0	0	0	0	0	0	0	0	0	0	0	0	0	0	0	0	0	0	0	0	0	0	0	0
Leptospira_fainei	0	0	0	0	0	0	0	0	0	0	0	0	0	0	0	0	0	0	0	0	0	0	0	0	0	0	0	0	0	0	0	0	0	0	0	0	0	0	0	0	0
Leptospira_inadai	0	0	0	0	0	0	0	0	0	0	0	0	0	0	0	0	0	0	0	0	0	0	0	0	0	0	0	0	0	0	0	0	0	0	0	0	0	0	0	0	0
Leptospira_interrogans	0	0	0	0	0	0	0	0	0	0	0	0.1	0	0	0	0	0	0	0.7567567567567568	0	0.0	0.0	0.05415860735009671	0.0	0.05415860735009671	0.0	0.0	0.007736943907156673	0.0	0.0	0.0	0.0019342359767891683	0.0	0.007736943907156673	0.017408123791102514	0.0	0.0	0.02514506769825919	0.05415860735009671	0.0	47
Leptospira_interrogans_serovar_Linhai_str._56609	0	0	0	0	0	0	0	0	0	0	0	0	0	0	0	0	0	0	0	0	0.0	0.0	0.09090909090909091	0.09090909090909091	0.0	0.0	0.0	0.0	0.09090909090909091	0.0	0.0	0.0	0.0	0.0	0.0	0.0	0.0	0.0	0.0	0.0	2
Leptospira_kirschneri	0	0	0	0	0	0	0	0	0	0	0	0	0	0	0	0	0	0	0	0	0	0	0	0	0	0	0	0	0	0	0	0	0	0	0	0	0	0	0	0	0
Leptospira_kmetyi	0	0	0	0	0	0	0	0	0	0	0	0	0	0	0	0	0	0	0	0	0.03896103896103896	0.012987012987012988	0.012987012987012988	0.012987012987012988	0.0	0.0	0.012987012987012988	0.03896103896103896	0.025974025974025976	0.012987012987012988	0.012987012987012988	0.0	0.0	0.025974025974025976	0.012987012987012988	0.0	0.025974025974025976	0.0	0.0	0.025974025974025976	7
Leptospira_licerasiae	0	0	0	0	0	0	0	0	0	0	0	0	0	0	0	0	0	0	0	0	0	0	0	0	0	0	0	0	0	0	0	0	0	0	0	0	0	0	0	0	0
Leptospira_noguchii	0	0	0	0	0	0	0	0	0	0	0	0	0	0	0	0	0	0	0	0	0.0	0.03636363636363636	0.0	0.03636363636363636	0.05454545454545454	0.0	0.0	0.0	0.05454545454545454	0.05454545454545454	0.0	0.01818181818181818	0.0	0.0	0.0	0.01818181818181818	0.0	0.0	0.01818181818181818	0.0	5
Leptospira_santarosai	0	0	0	0	0	0	0	0	0	0	0	0	0	0	0	0	0	0	0	0	0	0	0	0	0	0	0	0	0	0	0	0	0	0	0	0	0	0	0	0	0
Leptospira_weilii	0	0	0	0	0	0	0	0	0	0	0	0	0	0	0	0	0	0	0	0	0.0	0.0	0.0	0.0	0.0	0.0	0.0	0.0	0.0	0.0	0.0	0.0	0.030303030303030304	0.030303030303030304	0.0	0.0	0.0	0.0	0.030303030303030304	0.0	6
Leptospira_wolffii	0	0	0	0	0	0	0	0	0	0	0	0	0	0	0	0	0	0	0	0	0	0	0	0	0	0	0	0	0	0	0	0	0	0	0	0	0	0	0	0	0
Listeria_monocytogenes	0	0	0	0	0	0	0	0	0	0	0	0	0	0	0	0	0	0	0	0	0	0	0	0	0	0	0	0	0	0	0	0	0	0	0	0	0	0	0	0	0
Listeria_monocytogenes_HCC23	0	0	0	0	0	0	0	0	0	0	0	0	0	0	0	0	0	0	0	0	0.0	0.0	0.0	0.0	0.0	0.0	0.0	0.0	0.0	0.0	0.0	0.0	0.09090909090909091	0.0	0.0	0.0	0.0	0.0	0.0	0.0	1
Listeria_monocytogenes_J1816	0	0	0	0	0	0	0	0	0	0	0	0	0	0	0	0	0	0	0	0	0.0	0.0	0.0	0.0	0.0	0.0	0.0	0.0	0.0	0.0	0.0	0.0	0.0	0.0	0.0	0.0	0.0	0.08484848484848485	0.0	0.0	15
Lumpy_skin_disease_virus	0	0	0	0	0	0	0	0	0	0	0	0	0	0	0	0	0	0	0	0	0	0	0	0	0	0	0	0	0	0	0	0	0	0	0	0	0	0	0	0	0
Lymphocryptovirus	0	0	0	0	0	0	0	0	0	0	0	0	0	0	0	0	0	0	0	0	0	0	0	0	0	0	0	0	0	0	0	0	0	0	0	0	0	0	0	0	0
Mannheimia_haemolytica	0	0	0	0	0	0	0	0	0	0	0	0	0	0	0	0	0	0	0	0	0.0	0.0	0.0	0.07272727272727272	0.0	0.0	0.0	0.0	0.0	0.0	0.0	0.0	0.0	0.0	0.0	0.0	0.0	0.0	0.09090909090909091	0.0	5
Mannheimia_haemolytica_USMARC_2286	0	0	0	0	0	0	0	0	0	0	0	0	0	0	0	0	0	0	0	0	0.0	0.0	0.0	0.0	0.0	0.0	0.025078369905956112	0.025078369905956112	0.0	0.025078369905956112	0.0	0.025078369905956112	0.0	0.0	0.0	0.0	0.0	0.003134796238244514	0.0877742946708464	0.0	29
Measles_morbillivirus	0	0	0	0	0	0	0	0	0	0	0	0	0	0	0	0	0	0	0	0	0	0	0	0	0	0	0	0	0	0	0	0	0	0	0	0	0	0	0	0	0
Methanobrevibacter_oralis	0	0	0	0	0	0	0	0	0	0	0	0	0	0	0	0	0	0	0	0	0	0	0	0	0	0	0	0	0	0	0	0	0	0	0	0	0	0	0	0	0
Moraxella_catarrhalis	0	0	0	0	0	0	0	0	0	0	0	0	0	0	0	0	0	0	0	0	0.0	0.0	0.0	0.0	0.0	0.09090909090909091	0.09090909090909091	0.0	0.0	0.0	0.0	0.0	0.045454545454545456	0.045454545454545456	0.0	0.0	0.0	0.0	0.0	0.0	2
Morbillivirus	0	0	0	0	0	0	0	0	0	0	0	0	0	0	0	0	0	0	0	0	0	0	0	0	0	0	0	0	0	0	0	0	0	0	0	0	0	0	0	0	0
Mycobacterium_avium	0.07907542579075426	0.03927986906710311	0.015069967707212056	0.0377113133940182	0.010057471264367816	0.016129032258064516	0.05027932960893855	0.024193548387096774	0	0.0048484848484848485	0.03551912568306011	0.04144385026737968	0.01509433962264151	0.06213872832369942	0.02306805074971165	0	0.047021943573667714	0.061170212765957445	0.030303030303030304	0.01092896174863388	0.013469485060394151	0.011959631277813096	0.008741258741258742	0.01112523839796567	0.011244437380801017	0.00806579783852511	0.00806579783852511	0.00878099173553719	0.007231404958677686	0.010171646535282899	0.00909885568976478	0.00711220597584234	0.0075890019071837254	0.012396694214876033	0.010449777495232042	0.006993006993006993	0.010012714558169104	0.01283375715193897	0.006595677050222505	0.014343610934520027	2288
Mycobacterium_avium_subsp._avium	0.25	0	0.06349206349206349	0.02564102564102564	0.37037037037037035	0	0.0975609756097561	0	0.019230769230769232	0	0	0	0	0	0	0.17647058823529413	0	0	0.06557377049180328	0	0.019636363636363636	0.007272727272727273	0.013090909090909092	0.009454545454545455	0.016	0.0036363636363636364	0.013818181818181818	0.009454545454545455	0.0029090909090909093	0.005090909090909091	0.013090909090909092	0.011636363636363637	0.018181818181818184	0.0036363636363636364	0.009454545454545455	0.02109090909090909	0.005090909090909091	0.014545454545454545	0.013818181818181818	0.0021818181818181815	125
Mycobacterium_avium_subsp._hominissuis	0.022388059701492536	0.010101010101010102	0.03496503496503497	0.008403361344537815	0	0.06349206349206349	0.028985507246376812	0.02459016393442623	0.020618556701030927	0.0423728813559322	0.024691358024691357	0.027522935779816515	0.025423728813559324	0	0	0.043478260869565216	0	0	0.018691588785046728	0	0.01145703611457036	0.012702366127023662	0.01220423412204234	0.008717310087173101	0.00821917808219178	0.013449564134495641	0.0067247820672478205	0.006226650062266501	0.009713574097135741	0.006475716064757161	0.007222914072229141	0.009215442092154422	0.01145703611457036	0.007721046077210462	0.0112079701120797	0.014694894146948941	0.009713574097135741	0.01195516811955168	0.009713574097135741	0.018679950186799504	365
Mycobacterium_avium_subsp._paratuberculosis	0.1935483870967742	0.1724137931034483	0.12	0	0.08571428571428572	0	0	0	0.13636363636363635	0	0	0	0	0	0	0	0	0.08823529411764706	0.34615384615384615	0.058823529411764705	0.01898101898101898	0.00999000999000999	0.015984015984015984	0.015984015984015984	0.014985014985014984	0.008991008991008992	0.016983016983016984	0.001998001998001998	0.008991008991008992	0.006993006993006993	0.004995004995004995	0.00999000999000999	0.006993006993006993	0.007992007992007992	0.0	0.023976023976023973	0.006993006993006993	0.01098901098901099	0.01898101898101898	0.003996003996003996	91
Mycobacterium_canettii	0	0	0	0.18181818181818182	0	0	0.21428571428571427	0	0	0.2222222222222222	0	0.08333333333333333	0.14285714285714285	0	0	0	0.09090909090909091	0	0	0.125	0.00909090909090909	0.006060606060606061	0.00909090909090909	0.01818181818181818	0.0	0.012121212121212121	0.021212121212121213	0.006060606060606061	0.006060606060606061	0.01515151515151515	0.0030303030303030303	0.01515151515151515	0.01515151515151515	0.00909090909090909	0.01515151515151515	0.012121212121212121	0.00909090909090909	0.01515151515151515	0.01515151515151515	0.027272727272727275	30
Mycobacterium_colombiense	0	0	0	0	0	0	0	0	0	0	0	0	0	0	0	0	0	0	0	0	0	0	0	0	0	0	0	0	0	0	0	0	0	0	0	0	0	0	0	0	0
Mycobacterium_colombiense_CECT_3035	0.09375	0	0.07017543859649122	0.0392156862745098	0.06666666666666667	0.11764705882352941	0	0	0.058823529411764705	0	0	0	0	0.0425531914893617	0.057692307692307696	0.043478260869565216	0.045454545454545456	0.08163265306122448	0.08928571428571429	0.024390243902439025	0.012714558169103623	0.0031786395422759056	0.015257469802924348	0.011443102352193263	0.010807374443738079	0.021614748887476158	0.0025429116338207248	0.0050858232676414495	0.015257469802924348	0.004450095359186268	0.006993006993006993	0.010171646535282899	0.013350286077558806	0.013350286077558806	0.013350286077558806	0.011443102352193263	0.010807374443738079	0.012714558169103623	0.018436109345200253	0.008264462809917356	143
Mycobacterium_intracellulare	0.10909090909090909	0.01639344262295082	0.030303030303030304	0.03508771929824561	0	0.06896551724137931	0.047619047619047616	0.0625	0.09433962264150944	0	0.0625	0.028169014084507043	0.09090909090909091	0.034482758620689655	0.020833333333333332	0	0.1590909090909091	0.028169014084507043	0.07692307692307693	0.025	0.012054244098442992	0.0075339025615268704	0.01054746358613762	0.012556504269211453	0.01054746358613762	0.012054244098442992	0.0075339025615268704	0.008538422903063787	0.006027122049221496	0.007031642390758413	0.009542943244600702	0.011049723756906077	0.00803616273229533	0.0075339025615268704	0.017076845806127575	0.00803616273229533	0.006529382219989955	0.007031642390758413	0.009542943244600702	0.010045203415369162	181
Mycobacterium_intracellulare_subsp._yongonense	0.23684210526315788	0.05405405405405406	0.02564102564102564	0.045454545454545456	0	0.046511627906976744	0	0	0	0	0.025	0	0	0	0	0.0625	0	0.09302325581395349	0	0.06060606060606061	0.015395894428152493	0.01099706744868035	0.01906158357771261	0.016129032258064516	0.007331378299120234	0.005131964809384164	0.007331378299120234	0.00439882697947214	0.005865102639296188	0.01099706744868035	0.007331378299120234	0.01686217008797654	0.00439882697947214	0.011730205278592375	0.003665689149560117	0.009530791788856305	0.005131964809384164	0.012463343108504398	0.011730205278592375	0.01686217008797654	124
Mycobacterium_kansasii	0.14893617021276595	0.0425531914893617	0.024096385542168676	0.08928571428571429	0.05825242718446602	0.04878048780487805	0.038461538461538464	0.09210526315789473	0.017094017094017096	0	0.023255813953488372	0.029411764705882353	0.043010752688172046	0.07407407407407407	0.03296703296703297	0	0	0.06451612903225806	0.009615384615384616	0.10843373493975904	0.012396694214876033	0.008559622195985831	0.010625737898465172	0.013282172373081463	0.008854781582054308	0.006493506493506494	0.00974025974025974	0.013872491145218418	0.007674144037780402	0.009445100354191263	0.008559622195985831	0.007083825265643447	0.007674144037780402	0.008559622195985831	0.010920897284533649	0.010330578512396695	0.010035419126328217	0.009149940968122787	0.009149940968122787	0.01652892561983471	308
Mycobacterium_leprae	0	0	0	0	0	0	0	0	0	0	0	0	0	0	0	0	0	0	0	0	0	0	0	0	0	0	0	0	0	0	0	0	0	0	0	0	0	0	0	0	0
Mycobacterium_leprae_Kyoto-2	0.2857142857142857	0	0	0	0	0	0	0	0.2857142857142857	0	0	0	0	0	0	0	0	0	0.6666666666666666	0	0.01818181818181818	0.012121212121212121	0.024242424242424242	0.0	0.0	0.01818181818181818	0.012121212121212121	0.006060606060606061	0.024242424242424242	0.006060606060606061	0.0	0.0	0.0	0.0	0.0	0.0	0.0	0.024242424242424242	0.0303030303030303	0.0	15
Mycobacterium_marseillense	0.05	0.0975609756097561	0	0.1724137931034483	0	0	0	0.03571428571428571	0	0.07894736842105263	0	0	0	0.08333333333333333	0.038461538461538464	0.03333333333333333	0.02857142857142857	0.030303030303030304	0	0.09090909090909091	0.013685239491691105	0.007820136852394917	0.0039100684261974585	0.017595307917888565	0.013685239491691105	0.007820136852394917	0.010752688172043012	0.01270772238514174	0.011730205278592375	0.01270772238514174	0.004887585532746823	0.004887585532746823	0.0039100684261974585	0.011730205278592375	0.009775171065493646	0.01270772238514174	0.01270772238514174	0.011730205278592375	0.011730205278592375	0.015640273704789834	93
Mycobacterium_sp._JS623	0.04225352112676056	0.02097902097902098	0.027210884353741496	0.036231884057971016	0.02586206896551724	0.02127659574468085	0.01694915254237288	0.04580152671755725	0.02054794520547945	0.007936507936507936	0.03508771929824561	0.024193548387096774	0.024193548387096774	0.08870967741935484	0.03389830508474576	0.03968253968253968	0.015503875968992248	0.06711409395973154	0.02586206896551724	0.052083333333333336	0.010246348375844778	0.009592326139088728	0.010464355788096794	0.006540222367560497	0.010246348375844778	0.007630259428820579	0.009156311314584695	0.007848266841072597	0.008720296490080662	0.007194244604316547	0.007848266841072597	0.009374318726836712	0.010028340963592761	0.009156311314584695	0.010246348375844778	0.008720296490080662	0.010464355788096794	0.012426422498364944	0.011336385437104862	0.011118378024852845	417
Mycobacterium_sp._YC-RL4	0	0.08333333333333333	0.1	0	0.08333333333333333	0.02	0	0	0	0.02702702702702703	0.022222222222222223	0	0.023255813953488372	0.021739130434782608	0.09523809523809523	0.0784313725490196	0.046511627906976744	0.047619047619047616	0	0	0.008754208754208754	0.010774410774410775	0.014814814814814815	0.007407407407407408	0.0101010101010101	0.006734006734006734	0.010774410774410775	0.006060606060606061	0.006060606060606061	0.009427609427609427	0.0053872053872053875	0.00808080808080808	0.008754208754208754	0.006060606060606061	0.012794612794612794	0.015488215488215487	0.008754208754208754	0.012121212121212121	0.0101010101010101	0.006734006734006734	135
Mycobacterium_tuberculosis	0.012345679012345678	0.05555555555555555	0.01834862385321101	0.13253012048192772	0	0	0.01	0	0.12121212121212122	0.019801980198019802	0	0.010309278350515464	0.09195402298850575	0.0684931506849315	0.03278688524590164	0.03260869565217391	0	0.053763440860215055	0.05333333333333334	0.3	0.007609130957148579	0.0184221065278334	0.004805766920304365	0.014016820184221065	0.005606728073688426	0.014016820184221065	0.0092110532639167	0.016019223067681217	0.008009611533840609	0.006407689227072487	0.0032038446135362435	0.014817781337605127	0.012414897877452945	0.007609130957148579	0.012414897877452945	0.010412494993992792	0.010412494993992792	0.00961153384060873	0.012414897877452945	0.007208650380456549	227
Mycobacterium_tuberculosis_KZN_1435	0.05	0	0	0.21875	0	0	0.031578947368421054	0	0	0	0	0.0379746835443038	0	0.038461538461538464	0	0	0	0.030927835051546393	0	0.04477611940298507	0.00777289624873268	0.013856032443393037	0.01081446434606286	0.01622169651909429	0.0070969922271037515	0.00844880027036161	0.0070969922271037515	0.009800608313619466	0.011152416356877323	0.005745184183845894	0.01486988847583643	0.013518080432578574	0.011828320378506252	0.01791145657316661	0.005745184183845894	0.013856032443393037	0.011490368367691788	0.014193984454207503	0.0050692801622169645	0.009462656302805001	269
Mycobacterium_tuberculosis_complex	0.03587443946188341	0.07960199004975124	0	0.091324200913242	0	0	0.07462686567164178	0.10144927536231885	0	0	0.0995850622406639	0.028037383177570093	0	0	0	0.022222222222222223	0	0.00847457627118644	0	0.015384615384615385	0.008636363636363636	0.007045454545454546	0.013522727272727273	0.012840909090909092	0.012840909090909092	0.011818181818181818	0.012727272727272728	0.013522727272727273	0.00909090909090909	0.007272727272727273	0.009659090909090909	0.009545454545454546	0.016477272727272726	0.009772727272727273	0.012954545454545455	0.008295454545454545	0.008863636363636363	0.010795454545454546	0.011363636363636364	0.009886363636363636	800
Mycobacterium_tuberculosis_variant_africanum	0	0	0	0	0	0	0	0	0	0	0	0	0	0	0	0	0	0	0	0	0	0	0	0	0	0	0	0	0	0	0	0	0	0	0	0	0	0	0	0	0
Mycobacterium_tuberculosis_variant_bovis	0	0	0	0	0	0	0	0	0	0	0	0	0	0	0	0	0	0	0	0	0	0	0	0	0	0	0	0	0	0	0	0	0	0	0	0	0	0	0	0	0
Mycobacteroides_abscessus	0.04784688995215311	0	0.0861244019138756	0.036057692307692304	0.042283298097251586	0.03044496487119438	0.009966777408637873	0.08314606741573034	0.05719557195571956	0.0492845786963434	0.003590664272890485	0.00663716814159292	0.0022675736961451248	0.15625	0.0024752475247524753	0	0.027777777777777776	0.009505703422053232	0	0.12162162162162163	0.012304470187839518	0.006348583022449113	0.016951371163034232	0.010079193664506839	0.007461221284115452	0.007919366450683946	0.01191177433078081	0.0068721774985273905	0.008573859545781791	0.009293801950389423	0.007461221284115452	0.0028797696184305254	0.005105046141763205	0.011388179854702533	0.015773283591858107	0.002814320308920741	0.006937626808037175	0.007068525427056745	0.00994829504548727	0.012697166044898227	1389
Mycobacteroides_abscessus_subsp._abscessus	0.42105263157894735	0	0.14285714285714285	0.1	0	0	0	0	0	0.125	0	0	0	0	0	0.18867924528301888	0.1276595744680851	0	0.04411764705882353	0	0.024374176548089592	0.010540184453227932	0.01515151515151515	0.009881422924901184	6.587615283267457E-4	0.00922266139657444	0.008563899868247694	0.012516469038208168	0.025032938076416336	0.008563899868247694	0.001976284584980237	0.014492753623188406	0.005270092226613966	0.008563899868247694	0.011198945981554676	0.016469038208168644	0.030961791831357048	0.003952569169960474	0.006587615283267457	0.03293807641633729	138
Mycobacteroides_abscessus_subsp._bolletii	0	0	0	0	0	0	0	0	0	0.2	0.16666666666666666	0	0	0	0	0	0	0	0.2	0	0.01818181818181818	0.024242424242424242	0.012121212121212121	0.006060606060606061	0.006060606060606061	0.006060606060606061	0.006060606060606061	0.0	0.006060606060606061	0.03636363636363636	0.006060606060606061	0.0	0.012121212121212121	0.01818181818181818	0.0	0.006060606060606061	0.0	0.0	0.01818181818181818	0.0	15
Mycobacteroides_abscessus_subsp._bolletii_50594	0	0	0	0	0	0	0	0	0	0	0	0	0	0	0	0	0	0	0	0	0.0	0.0	0.0	0.045454545454545456	0.0	0.0	0.0	0.0	0.0	0.0	0.0	0.0	0.0	0.045454545454545456	0.0	0.0	0.0	0.0	0.0	0.0	2
Mycobacteroides_abscessus_subsp._massiliense	0.0967741935483871	0.2727272727272727	0	0	0	0	0	0	0	0	0	0	0	0	0	0	0	0	0	0	0.004058441558441558	0.00487012987012987	0.0	0.0	0.0	0.005681818181818182	0.008116883116883116	0.005681818181818182	0.005681818181818182	0.0	0.008116883116883116	0.003246753246753247	0.003246753246753247	0.0	0.00974025974025974	0.0	0.015422077922077922	0.00487012987012987	0.002435064935064935	0.005681818181818182	112
Mycobacteroides_abscessus_subsp._massiliense_CCUG_48898_=_JCM_15300	0	0	0	0	0.07407407407407407	0	0	0	0	0	0	0	0	0	0	0	0	0	0	0	0.05454545454545454	0.03272727272727273	0.012727272727272728	0.0036363636363636364	0.045454545454545456	0.045454545454545456	0.01818181818181818	0.0	0.012727272727272728	0.04181818181818182	0.0	0.0	0.0	0.0018181818181818182	0.0	0.012727272727272728	0.012727272727272728	0.04181818181818182	0.012727272727272728	0.0	50
Mycoplasma_haemocanis	0	0	0	0	0	0	0	0	0	0	0	0	0	0	0	0	0	0	0	0	0	0	0	0	0	0	0	0	0	0	0	0	0	0	0	0	0	0	0	0	0
Mycoplasma_haemofelis	0	0	0	0	0	0	0	0	0	0	0	0	0	0	0	0	0	0	0	0	0	0	0	0	0	0	0	0	0	0	0	0	0	0	0	0	0	0	0	0	0
Mycoplasma_haemofelis_str._Langford_1	0	0	0	0	0	0	0	0	0	0	0	1.0	0	0	0	0	0	0	0	0	0.0	0.0	0.0	0.0	0.030303030303030304	0.0	0.030303030303030304	0.0	0.0	0.0	0.030303030303030304	0.030303030303030304	0.0	0.0	0.0	0.0	0.0	0.030303030303030304	0.0	0.030303030303030304	3
Mycoplasma_mycoides	0	0	0	0	0	0	0	0	0	0	0	0	0	0	0	0	0	0	0	0	0	0	0	0	0	0	0	0	0	0	0	0	0	0	0	0	0	0	0	0	0
Mycoplasma_ovipneumoniae	0	0	0	0	0	0	0	0	0	0	0	0	0	0	0	0	0	0	0	0	0	0	0	0	0	0	0	0	0	0	0	0	0	0	0	0	0	0	0	0	0
Mycoplasma_pneumoniae	0	0	0	0	0	0	0	0	0	0	0	0	0	0	0	0	0	0	0	0	0	0	0	0	0	0	0	0	0	0	0	0	0	0	0	0	0	0	0	0	0
Neisseria_elongata	0	0	0	0	0	0	0	0	0	0	0	0	0	0	0	0	0	0	0	0	0	0	0	0	0	0	0	0	0	0	0	0	0	0	0	0	0	0	0	0	0
Neisseria_elongata_subsp._glycolytica	0.6666666666666666	0	0	0	0	0	0	0	0	0	0	0	0	0	0	0	0	0	0	0	0.06060606060606061	0.0	0.0	0.0	0.0	0.030303030303030304	0.0	0.0	0.0	0.0	0.0	0.0	0.0	0.0	0.0	0.0	0.06060606060606061	0.0	0.06060606060606061	0.0	3
Neisseria_gonorrhoeae	0	0	0	0	0	0	0	0	0	0	0	0	0	0	0	0	0	0	0	0	0.0	0.0	0.0	0.0	0.0	0.0	0.0	0.0	0.09090909090909091	0.0	0.0	0.00909090909090909	0.0	0.0	0.0	0.00909090909090909	0.00909090909090909	0.00909090909090909	0.0	0.0	10
Neisseria_gonorrhoeae_NG-k51.05	0	0	0	0	0	0	0	0	0	0	0	0	0	0	0	0	0	0	0	0	0.0	0.0	0.0	0.0	0.0	0.0	0.0	0.0	0.0	0.0	0.0	0.0	0.0	0.0	0.0	0.0839160839160839	0.0839160839160839	0.0	0.0839160839160839	0.0	13
Neisseria_meningitidis	0	0	0	0	0	0	0	0	0.5	0	0	0	0	0	0	0	0	0	0	0	0.0	0.0	0.0	0.01948051948051948	0.0	0.0	0.0	0.0	0.01948051948051948	0.0	0.01948051948051948	0.0	0.0	0.0	0.0	0.006493506493506494	0.006493506493506494	0.0	0.0	0.032467532467532464	14
Neisseria_mucosa	0	0	0	0	0	0	0	0	0	0	0	0	0	0	0	0	0	0	0	0	0.0	0.0	0.022727272727272728	0.022727272727272728	0.0	0.022727272727272728	0.022727272727272728	0.022727272727272728	0.022727272727272728	0.0	0.0	0.0	0.0	0.0	0.022727272727272728	0.0	0.0	0.0	0.022727272727272728	0.045454545454545456	4
Neisseria_sicca	0	0	0	0	0	0	0	0	0	0	0	0	0	0	0	0	0	0	0	0	0.015151515151515152	0.0	0.0	0.0	0.06060606060606061	0.04545454545454545	0.04545454545454545	0.0	0.0	0.0	0.0	0.0	0.0	0.0	0.0	0.015151515151515152	0.0	0.0	0.030303030303030304	0.0	6
Neisseria_subflava	0	0	0	0	0	0	0	1.0	0	0	0	0	0	0	0	0	0	0	0	0	0.0	0.022727272727272728	0.0	0.0	0.0	0.022727272727272728	0.0	0.022727272727272728	0.0	0.0	0.0	0.0	0.022727272727272728	0.0	0.0	0.022727272727272728	0.0	0.0	0.022727272727272728	0.022727272727272728	4
Neisseria_weaveri	0	0	0	0	0	0	0	0	0	0	0	0.1111111111111111	0	0	0	0	0	0	0	0	0.0033670033670033673	0.006734006734006735	0.0101010101010101	0.0	0.0033670033670033673	0.0	0.006734006734006735	0.0	0.0	0.0	0.0033670033670033673	0.0101010101010101	0.0	0.006734006734006735	0.0033670033670033673	0.0	0.0033670033670033673	0.0033670033670033673	0.0033670033670033673	0.0	27
Orthohepadnavirus	0	0	0	0	0	0	0	0	0	0	0	0	0	0	0	0	0	0	0	0	0	0	0	0	0	0	0	0	0	0	0	0	0	0	0	0	0	0	0	0	0
Orthopoxvirus	0	0	0	0	0	0	0	0	0	0	0	0	0	0	0	0	0	0	0	0	0	0	0	0	0	0	0	0	0	0	0	0	0	0	0	0	0	0	0	0	0
Paraavulavirus	0	0	0	0	0	0	0	0	0	0	0	0	0	0	0	0	0	0	0	0	0	0	0	0	0	0	0	0	0	0	0	0	0	0	0	0	0	0	0	0	0
Parvimonas_micra	0	0	0	0	0	0	0	0	0	0	0	0	0	0	0	0	0	0	0	0	0.0	0.0	0.0	0.0	0.0	0.0	0.0	0.0	0.0	0.0	0.0	0.0	0.0	0.0	0.0	0.0	0.0	0.0	0.0	0.0	1
Pasteurella_multocida	0	0	0	0	0	0	0	0	0	0	0	0	0	0	0	0	0	0	0	0	0.0	0.0	0.0	0.0	0.0	0.0	0.0	0.0	0.0	0.045454545454545456	0.045454545454545456	0.0	0.0	0.0	0.045454545454545456	0.045454545454545456	0.0	0.0	0.0	0.0	2
Pasteurella_multocida_subsp._multocida	0	0	0	0	0	0	0	0	0	0	0	0	0	0	0	0	0	0	0	0	0.0	0.09090909090909091	0.022727272727272728	0.0	0.022727272727272728	0.0	0.0	0.0	0.0	0.0	0.06818181818181818	0.056818181818181816	0.0	0.0	0.0	0.0	0.0	0.0	0.0	0.0	8
Peptostreptococcus_anaerobius	0	0	0	0	0	0	0	0	0	0	0	0	0	0	0	0	0	0	0	0	0	0	0	0	0	0	0	0	0	0	0	0	0	0	0	0	0	0	0	0	0
Polyomaviridae	0	0	0	0	0	0	0	0	0	0	0	0	0	0	0	0	0	0	0	0	0	0	0	0	0	0	0	0	0	0	0	0	0	0	0	0	0	0	0	0	0
Porphyromonas_gingivalis	0	0	0	0	0	0	0	0	0	0	0	0	0	0	0	0	0	0	0	0	0.022727272727272724	0.0	0.007575757575757576	0.007575757575757576	0.04545454545454545	0.015151515151515152	0.030303030303030304	0.007575757575757576	0.0	0.007575757575757576	0.022727272727272724	0.0	0.0	0.0	0.0	0.0	0.030303030303030304	0.007575757575757576	0.0	0.0	12
Porphyromonas_gingivalis_W83	0	0	0	0	0	0	0	0	0	0	0	0	0	0	0	0	0	0	0	0	0	0	0	0	0	0	0	0	0	0	0	0	0	0	0	0	0	0	0	0	0
Rickettsia_africae	0	0	0	0	0	0	0	0	0	0	0	0	0	0	0	0	0	0	0	0	0	0	0	0	0	0	0	0	0	0	0	0	0	0	0	0	0	0	0	0	0
Rickettsia_akari	0	0	0	0	0	0	0	0	0	0	0	0	0	0	0	0	0	0	0	0	0	0	0	0	0	0	0	0	0	0	0	0	0	0	0	0	0	0	0	0	0
Rickettsia_conorii	0	0	0	0	0	0	0	0	0	0	0	0	0	0	0	0	0	0	0	0	0	0	0	0	0	0	0	0	0	0	0	0	0	0	0	0	0	0	0	0	0
Rickettsia_felis	0	0	0	0	0	0	0	0	0	0	0	0	0	0	0	0	0	0	0	0	0	0	0	0	0	0	0	0	0	0	0	0	0	0	0	0	0	0	0	0	0
Rickettsia_japonica	0	0	0	0	0	0	0	0	0	0	0	0	0	0	0	0	0	0	0	0	0	0	0	0	0	0	0	0	0	0	0	0	0	0	0	0	0	0	0	0	0
Rickettsia_prowazekii	0	0	0	0	0	0	0	0	0	0	0	0	0	0	0	0	0	0	0	0	0	0	0	0	0	0	0	0	0	0	0	0	0	0	0	0	0	0	0	0	0
Rickettsia_rickettsii	0	0	0	0	0	0	0	0	0	0	0	0	0	0	0	0	0	0	0	0	0	0	0	0	0	0	0	0	0	0	0	0	0	0	0	0	0	0	0	0	0
Rickettsia_sibirica	0	0	0	0	0	0	0	0	0	0	0	0	0	0	0	0	0	0	0	0	0	0	0	0	0	0	0	0	0	0	0	0	0	0	0	0	0	0	0	0	0
Rickettsia_typhi	0	0	0	0	0	0	0	0	0	0	0	0	0	0	0	0	0	0	0	0	0	0	0	0	0	0	0	0	0	0	0	0	0	0	0	0	0	0	0	0	0
Salmonella_enterica	0	0.199203187250996	0	0	0.24937655860349128	0	0	0	0	0	0	0	0	0	0	0	0	0	0	0	0.0	0.008286839514276337	0.016409583196586808	0.008286839514276337	0.008286839514276337	0.008204791598293404	1.6409583196586806E-4	0.0	0.008204791598293404	8.204791598293403E-5	0.008122743682310469	0.0	0.0	0.0	8.204791598293403E-5	0.008122743682310469	0.008204791598293404	0.008122743682310469	8.204791598293403E-5	0.016737774860518546	1108
Salmonella_enterica_subsp._VII	0	0	0	0	0	0	0	0	0	0	0	0	0	0	0	0	0	0	0	0	0.0	0.0	0.0	0.0	0.0	0.045454545454545456	0.045454545454545456	0.0	0.0	0.0	0.0	0.0	0.0	0.09090909090909091	0.045454545454545456	0.0	0.045454545454545456	0.0	0.0	0.0	2
Salmonella_enterica_subsp._diarizonae_serovar_48:i:z	0	0	0	0	0	0	0	0	0	0	0	0	0	0	0	0	0	0	0	0	0.0	0.0	0.0	0.0	0.0	0.0	0.0	0.0	0.0	0.0	0.0	0.09090909090909091	0.0	0.0	0.0	0.0	0.0	0.0	0.0	0.0	1
Salmonella_enterica_subsp._diarizonae_serovar_61:k:1,5,(7)	0	0	0	0	0	0	0	0	0	0	0	0	0	0	0	0	0	0	0	0	0.0	0.0	0.0	0.0	0.0	0.09090909090909091	0.0	0.0	0.0	0.0	0.0	0.0	0.0	0.0	0.0	0.0	0.0	0.0	0.0	0.0	1
Salmonella_enterica_subsp._enterica	0.004942339373970346	0	0	0	0	0	0	0	0	0	0	0	0	0	0	0	0	0.004962779156327543	0	0.9523809523809523	0.016979987871437233	0.0	7.166877997684547E-4	0.01653894922542588	0.0055129830751419594	0.0	0.0055129830751419594	2.7564915375709797E-4	0.011025966150283919	0.0	4.961684767627763E-4	0.0	0.005788632228899057	0.0055129830751419594	0.0	0.008434864104967197	4.961684767627763E-4	0.015987650917911683	0.0055129830751419594	0.011742653950052372	1649
Salmonella_enterica_subsp._enterica_serovar_Choleraesuis	0	0	0	0	1.0	0	0	0	0	0	0	0	0	0	0	0	0	0	0	0	0.0	0.0	0.0	0.0	0.09090909090909091	0.0	0.0	0.0	0.0	0.0	0.0	0.0	0.0	0.09090909090909091	0.0	0.0	0.0	0.0	0.0	0.0	1
Salmonella_enterica_subsp._enterica_serovar_Derby	0	0	0	0	0.5	0	0	0	0	0	0	0	0	0	0	0	0	0	0	0	0.0	0.01818181818181818	0.01818181818181818	0.0	0.03636363636363636	0.03636363636363636	0.0	0.0	0.03636363636363636	0.0	0.0	0.0	0.0	0.0	0.0	0.03636363636363636	0.0	0.0	0.01818181818181818	0.01818181818181818	5
Salmonella_enterica_subsp._enterica_serovar_India_str._SA20085604	0	0	0	0	1.0	0	0	0	0	0	0	0	0	1.0	0	0	0	0	0	0	0.0	0.0	0.0	0.045454545454545456	0.022727272727272728	0.0	0.0	0.022727272727272728	0.022727272727272728	0.045454545454545456	0.0	0.0	0.0	0.022727272727272728	0.0	0.045454545454545456	0.0	0.0	0.0	0.022727272727272728	4
Salmonella_enterica_subsp._enterica_serovar_Manchester_str._ST278	0	0	1.0	0	0	0	0	0	0	0	0	0	0	0	0	0	0	0	0	0	0.0	0.0	0.09090909090909091	0.0	0.0	0.09090909090909091	0.0	0.0	0.0	0.0	0.045454545454545456	0.045454545454545456	0.045454545454545456	0.0	0.0	0.0	0.0	0.0	0.0	0.0	2
Salmonella_enterica_subsp._enterica_serovar_Minnesota	0	0	0	0	0	0	0	0	0	0	0	0	0	0	0	0	0	0	0	0	0.0	0.0	0.09090909090909091	0.0	0.0	0.0	0.0	0.0	0.0	0.0	0.0	0.0	0.0	0.0	0.0	0.0	0.0	0.0	0.0	0.0	1
Salmonella_enterica_subsp._enterica_serovar_Napoli	0	0	0	0	0	0	0	0	0	0	0	0	0	0	0	0	0	0	0	0	0.0	0.0	0.0	0.0	0.0	0.0	0.0	0.0	0.0	0.0	0.0	0.0	0.0	0.0	0.0	0.0	0.0	0.0	0.0	0.0	2
Salmonella_enterica_subsp._enterica_serovar_Pullorum_str._ATCC_9120	0	0	0	0	0	0	0	0	0	0	0	0	0	0	0	0	0	0	0	0	0.0	0.0	0.0	0.0	0.0	0.0	0.0	0.09090909090909091	0.0	0.0	0.0	0.0	0.0	0.0	0.0	0.0	0.0	0.0	0.0	0.0	1
Salmonella_enterica_subsp._enterica_serovar_Reading	0	0	0	0	0	0	0	0	1.0	0	0	0	0	0	0	0	0	0	0	0	0.0	0.0	0.0	0.0	0.0	0.0	0.0	0.0	0.09090909090909091	0.0	0.0	0.09090909090909091	0.0	0.0	0.0	0.0	0.0	0.0	0.0	0.0	1
Salmonella_enterica_subsp._enterica_serovar_Typhimurium	0	0	0	0	0	0	0	0	0	0	0	0	0	0	0	0	0	0	0	0	0.09090909090909091	0.0	0.0	0.09090909090909091	0.09090909090909091	0.0	0.0	0.0	0.0	0.09090909090909091	0.0	0.09090909090909091	0.09090909090909091	0.0	0.09090909090909091	0.09090909090909091	0.0	0.0	0.09090909090909091	0.0	1
Salmonella_enterica_subsp._houtenae_str._ATCC_BAA-1581	0	0	0	0	0	0	0	0	0	0	0	0	0	0	0	0	0	0	0	0	0.0	0.0	0.0	0.0	0.030303030303030304	0.0	0.0	0.0	0.0	0.0	0.0	0.06060606060606061	0.0	0.030303030303030304	0.0	0.0	0.0	0.06060606060606061	0.06060606060606061	0.030303030303030304	3
Salmonella_enterica_subsp._salamae_serovar_55:k:z39_str._1315K	0	0	0	0	0	0	0	0	0	0	0	0	0	0	0	0	0	0	0	0	0.0	0.045454545454545456	0.045454545454545456	0.0	0.0	0.0	0.0	0.0	0.0	0.0	0.0	0.045454545454545456	0.0	0.0	0.0	0.0	0.0	0.045454545454545456	0.0	0.0	2
Sheeppox_virus	0	0	0	0	0	0	0	0	0	0	0	0	0	0	0	0	0	0	0	0	0	0	0	0	0	0	0	0	0	0	0	0	0	0	0	0	0	0	0	0	0
Shigella_boydii	0	0	0	0	0	0	0	0	0	0	0	0	0	0	0	0	0	0	0	0	0.0	0.0	0.0	0.0	0.0	0.0	0.0	0.09090909090909091	0.0	0.0	0.0	0.0	0.045454545454545456	0.045454545454545456	0.0	0.0	0.0	0.0	0.0	0.045454545454545456	2
Shigella_dysenteriae	0	0	0	0	1.0	0	0	0	0	0	0	0	0	0	0	0	0	0	0	0	0.0	0.0	0.0	0.09090909090909091	0.09090909090909091	0.09090909090909091	0.0	0.0	0.09090909090909091	0.0	0.0	0.0	0.0	0.0	0.0	0.0	0.0	0.0	0.0	0.0	1
Shigella_flexneri	0	0	0	0	0	0	0	0	0	0	0	0	0	0	0	0	0	0	0	0	0	0	0	0	0	0	0	0	0	0	0	0	0	0	0	0	0	0	0	0	0
Shigella_sonnei	0	0	0	0	0	0	0	0	0	0	0	0	0	0	0	0	0	0	0	0	0	0	0	0	0	0	0	0	0	0	0	0	0	0	0	0	0	0	0	0	0
Simian_virus_12	0	0	0	0	0	0	0	0	0	0	0	0	0	0	0	0	0	0	0	0	0	0	0	0	0	0	0	0	0	0	0	0	0	0	0	0	0	0	0	0	0
Staphylococcus_aureus	0.16666666666666666	0	0	0	0	0	0	0	0	0	1.0	0	0.2857142857142857	0	0	0	0	0	0	0	0.008264462809917356	0.0	0.0	0.0	0.0	0.0	0.01652892561983471	0.008264462809917356	0.0	0.0	0.05785123966942149	0.01652892561983471	0.024793388429752063	0.024793388429752063	0.008264462809917356	0.01652892561983471	0.01652892561983471	0.0	0.024793388429752063	0.0	11
Staphylococcus_cohnii	0	0	0	0	0	0	0	0	0	0	0	0	0	0	0	0	0	0	0	0	0	0	0	0	0	0	0	0	0	0	0	0	0	0	0	0	0	0	0	0	0
Staphylococcus_epidermidis	0	0	0	0	0	0	0	0	0	1.0	0	0	0	0	0	0	0	0	0	0	0.0	0.00135685210312076	0.0	0.00135685210312076	0.0	0.00135685210312076	0.011533242876526458	0.0	0.0	0.00135685210312076	0.0	0.0	0.0	0.0	0.0	0.0	0.0	0.0	0.00135685210312076	0.0	134
Staphylococcus_epidermidis_PM221	0	0	0	0	0	0	0	0	0	0	0	0	0	0	0	0	0	0	0	0	0.0	0.0	0.0	0.0	0.0	0.0	0.0	0.0	0.0	0.0	0.0	0.0	0.0	0.0	0.0	0.0	0.0	0.0	0.0	0.0	12
Staphylococcus_equorum	0	0	0	0	0	0	0	0	0	0	0	0	0	0	0	0	0	0	0	0	0	0	0	0	0	0	0	0	0	0	0	0	0	0	0	0	0	0	0	0	0
Staphylococcus_hominis	0	0	0	0	0	0	0	0	0	0	0	0	0	0	0	0	0	0	0	0	0.0	0.0	0.0	0.0	0.0	0.0	0.0	0.0	0.0	0.0	0.008264462809917356	0.0	0.0	0.0	0.0	0.0	0.0	0.0	0.0	0.0	11
Staphylococcus_hominis_subsp._hominis	0	0	0	0	0	0	0	0	0	0	0	0	0	0	0	0	0	0	0	0	0.0	0.0	0.0	0.0	0.0	0.0	0.0	0.0	0.0	0.0	0.0	0.0	0.0	0.0	0.0	0.0	0.0	0.0	0.0	0.0	9
Staphylococcus_nepalensis	0	0	0	0	0	0	0	0	0	0	0	0	0	0	0	0	0	0	0	0	0.0	0.0	0.0	0.0	0.0	0.0	0.0	0.0	0.0	0.0	0.0	0.0	0.0	0.0	0.0	0.0	0.0	0.0	0.0	0.0	1
Staphylococcus_saprophyticus	0	0	0	0	0	0	0	0	0	0	0	0	0	0	0	0	0	0	0	0	0.0	0.0	0.0	0.0	0.0	0.0	0.0	0.0	0.0	0.0	0.0	0.0	0.0	0.0	0.0	0.0	0.0	0.0	0.0	0.0	1
Staphylococcus_simulans	0	0	0	0	0	0	0	0	0	0	0	0	0	0	0	0	0	0	0	0	0	0	0	0	0	0	0	0	0	0	0	0	0	0	0	0	0	0	0	0	0
Staphylococcus_succinus	0	0	0	0	0	0	0	0	0	0	0	0	0	0	0	0	0	0	0	0	0	0	0	0	0	0	0	0	0	0	0	0	0	0	0	0	0	0	0	0	0
Streptococcus_agalactiae	0	0	0	0	0	0	0	0	0	0	0	0	0	0	0	0	0	0	0	0	0	0	0	0	0	0	0	0	0	0	0	0	0	0	0	0	0	0	0	0	0
Streptococcus_anginosus	0	0	0	0	0	0	0	0	0	0	0	0	0	0	0	0	0	0	0	0	0	0	0	0	0	0	0	0	0	0	0	0	0	0	0	0	0	0	0	0	0
Streptococcus_canis	0	0	0	0	0	0	0	0	0	0	0	0	0	0	0	0	0	0	0	0	0	0	0	0	0	0	0	0	0	0	0	0	0	0	0	0	0	0	0	0	0
Streptococcus_cristatus	0	0	0	0	0	0	0	0	0	0	0	0	0	0	0	0	0	0	0	0	0	0	0	0	0	0	0	0	0	0	0	0	0	0	0	0	0	0	0	0	0
Streptococcus_cristatus_AS_1.3089	0	0	0	0	0	0	0	0	0	0	0	0	0	0	0	0	0	0	0	0	0.0	0.0	0.0	0.0	0.0	0.0	0.0	0.0	0.0	0.09090909090909091	0.0	0.0	0.0	0.0	0.0	0.0	0.0	0.09090909090909091	0.0	0.0	1
Streptococcus_dysgalactiae	0	0	0	0	0	0	0	0	0	0	0	0	0	0	0	0	0	0	0	0	0	0	0	0	0	0	0	0	0	0	0	0	0	0	0	0	0	0	0	0	0
Streptococcus_equi	0	0	0	0	0	0	0	0	0	0	0	0	0	0	0	0	0	0	0	0	0	0	0	0	0	0	0	0	0	0	0	0	0	0	0	0	0	0	0	0	0
Streptococcus_gallolyticus	0	0	0	0	0	0	0	0	0	0	0	0	0	0	0	0	0	0	0	0	0	0	0	0	0	0	0	0	0	0	0	0	0	0	0	0	0	0	0	0	0
Streptococcus_gordonii	0	0	0	0	0	1.0	0	0	0	0	0	0	0	0	0	0	0	0	0	0	0.0	0.0	0.0	0.01818181818181818	0.0	0.01818181818181818	0.0	0.0	0.0	0.0	0.0	0.0	0.0	0.0	0.0	0.0	0.0	0.03636363636363636	0.0	0.03636363636363636	5
Streptococcus_gordonii_str._Challis_substr._CH1	0	0	0	0	0	0	0	0	0	0	0	0	0	0	0	0	0	0	0	0	0	0	0	0	0	0	0	0	0	0	0	0	0	0	0	0	0	0	0	0	0
Streptococcus_intermedius	0	0	0	0	0	0	0	0	0	0	0	0	0	0	0	0	0	0	0	0	0	0	0	0	0	0	0	0	0	0	0	0	0	0	0	0	0	0	0	0	0
Streptococcus_lutetiensis	0	0	0	0	0	0	0	0	0	0	0	0	0	0	0	0	0	0	0	0	0	0	0	0	0	0	0	0	0	0	0	0	0	0	0	0	0	0	0	0	0
Streptococcus_milleri	0	0	0	0	0	0	0	0	0	0	0	0	0	0	0	0	0	0	0	0	0	0	0	0	0	0	0	0	0	0	0	0	0	0	0	0	0	0	0	0	0
Streptococcus_mitis	0	0	0	0	0	0	0	0	0	0	0	0	0	0	0	0	0	0	0	0	0.09090909090909091	0.0	0.0	0.0	0.0	0.09090909090909091	0.0	0.0	0.0	0.0	0.0	0.0	0.09090909090909091	0.0	0.0	0.09090909090909091	0.0	0.0	0.09090909090909091	0.09090909090909091	1
Streptococcus_mitis_B6	0	0	0	0	0	0	0	0	0	0	0	0	0	0	0	0	0	0	0	0	0.0	0.0	0.0	0.0	0.0	0.0	0.0	0.0	0.0	0.0	0.0	0.0	0.0	0.0	0.0	0.0	0.0	0.0	0.0	0.0	5
Streptococcus_mutans	0	0	0	0	0	0	0	0	0	0	0	0	0	0	0	0	0	0	0	0	0	0	0	0	0	0	0	0	0	0	0	0	0	0	0	0	0	0	0	0	0
Streptococcus_oralis	0	0	0	0	0	0	0	0	0	0	0	0	0	0	0	0	0	0	0	0	0.0	0.0	0.0	0.0	0.0	0.0	0.0	0.0	0.0	0.0	0.022727272727272728	0.045454545454545456	0.0	0.0	0.0	0.0	0.0	0.0	0.0	0.0	4
Streptococcus_oralis_ATCC_35037	0	0	0	0	0	0	0	0	0	0	0	0	0	0	0	0	0	0	0	0	0.0	0.0	0.0	0.0	0.0	0.0	0.0	0.0	0.0	0.0	0.0	0.0	0.0	0.0	0.0	0.0	0.0	0.0	0.0	0.0	2
Streptococcus_parauberis	0	0	0	0	0	0	0	0	0	0	0	0	0	0	0	0	0	0	0	0	0	0	0	0	0	0	0	0	0	0	0	0	0	0	0	0	0	0	0	0	0
Streptococcus_parauberis_NCFD_2020	0	0	0	0	1.0	0	0	0	0	0	0	0	0	0	0	0	0	0	0	0	0.0	0.0	0.0	0.0	0.09090909090909091	0.0	0.0	0.0	0.0	0.0	0.0	0.0	0.0	0.0	0.0	0.0	0.0	0.0	0.0	0.0	1
Streptococcus_pneumoniae	0	0	0	0	0	0	0	0	0	0	0	0	0	0	0	0	0	0	0	0	0	0	0	0	0	0	0	0	0	0	0	0	0	0	0	0	0	0	0	0	0
Streptococcus_pyogenes	0	0	0	0	0	0	0	0	0	0	0	0	0	0	0	0	0	0	0	0	0	0	0	0	0	0	0	0	0	0	0	0	0	0	0	0	0	0	0	0	0
Streptococcus_salivarius	0	0	0	0	0	0	0	0	0	0	0	0	0	0	0	0	0	0	0	0	0.0	0.0	0.0	0.0	0.0	0.0	0.0	0.0	0.0	0.0	0.0	0.0	0.0	0.0	0.0	0.0	0.0	0.0	0.0	0.0	9
Streptococcus_sanguinis	0	0	0	0	0	0	0	0	0	0	0	0	0	0	0	0	0	0	0	0	0.030303030303030304	0.0	0.030303030303030304	0.030303030303030304	0.0	0.0	0.0	0.0	0.0	0.0	0.0	0.0	0.0	0.0	0.0	0.0	0.0	0.0	0.0	0.0	3
Streptococcus_sanguinis_SK36	1.0	0	0	0	0	0	0	0	0	0	0	0	0	0	0	0	0	0	0	0	0.09090909090909091	0.0	0.0	0.0	0.0	0.0	0.0	0.0	0.0	0.0	0.0	0.0	0.0	0.0	0.0	0.0	0.0	0.0	0.0	0.0	1
Streptococcus_sp._HSISM1	0	0	0	0	0	0	0	0	0	0	0	0	0	0	0	0	0	0	0	0	0	0	0	0	0	0	0	0	0	0	0	0	0	0	0	0	0	0	0	0	0
Streptococcus_suis	0	0	0	0	0	0	0	0	0	0	0	0	0	0	0	0	0	0	0	0	0.0	0.0	0.0	0.0	0.0	0.0	0.0	0.0	0.09090909090909091	0.0	0.045454545454545456	0.0	0.0	0.0	0.045454545454545456	0.0	0.0	0.045454545454545456	0.0	0.09090909090909091	2
Streptococcus_suis_D12	0	0	0	0	0	0	0	0	0	0	0	0	0	0	0	0	0	0	0	0	0.0	0.0	0.0	0.0	0.0	0.0	0.0	0.0	0.0	0.09090909090909091	0.0	0.0	0.0	0.0	0.0	0.0	0.0	0.0	0.0	0.0	1
Streptococcus_thermophilus	0	0	0	0	0	0	0	0	0	0	0	0	0	0	0	0	0	0	0	0	0.0	0.0	0.0	0.0	0.0	0.0	0.0	0.0	0.0	0.0	0.0	0.0	0.0	0.0	0.0	0.0	0.0	0.0	0.0	0.0	29
Streptococcus_thermophilus_1F8CT	0	0	0	0	0	0	0	0	0	0	0	0	0	0	0	0	0	0	0	0	0.0	0.0	0.0	0.0	0.0	0.0	0.0	0.0	0.0	0.0	0.0	0.0	0.0	0.0	0.0	0.0	0.0	0.0	0.0	0.0	10
Streptococcus_thermophilus_ND03	0	0	0	0	0	0	0	0	0	0	0	0	0	0	0	0	0	0	0	0	0.0	0.0	0.0	0.0	0.0	0.0	0.0	0.0	0.0	0.0	0.0	0.0	0.0	0.0	0.0	0.0	0.0	0.0	0.0	0.0	15
Tannerella_forsythia	0	0	0.5	0	0	0	0	0	0	0	0	0	0	0	0	0	0	0	0	0	0.0	0.0	0.030303030303030304	0.0	0.0	0.0	0.0	0.0	0.0	0.0	0.0	0.0	0.0	0.015151515151515152	0.030303030303030304	0.04545454545454545	0.0	0.0	0.0	0.015151515151515152	6
Tannerella_forsythia_92A2	0	0	0	0	0	0	0	0	0	0	0	0	0	0	0	0	0	0	0	0	0.0	0.0	0.0	0.0	0.0	0.045454545454545456	0.0	0.0	0.045454545454545456	0.0	0.0	0.0	0.0	0.0	0.045454545454545456	0.0	0.0	0.0	0.0	0.045454545454545456	2
Tannerella_forsythia_KS16	0.3333333333333333	0	0	0	0	0	0	0	0	0	0	0	0	0	0	0	0	0	0	0	0.03636363636363636	0.01818181818181818	0.0	0.01818181818181818	0.03636363636363636	0.0	0.01818181818181818	0.0	0.01818181818181818	0.01818181818181818	0.03636363636363636	0.0	0.0	0.01818181818181818	0.0	0.0	0.0	0.01818181818181818	0.0	0.01818181818181818	5
Treponema	0	0.5	0.6666666666666666	0	0	0	0	0	0	0	0	0	0	0	0	0	0	0	0	0	0.005050505050505051	0.010101010101010102	0.0303030303030303	0.010101010101010102	0.01515151515151515	0.0	0.0	0.010101010101010102	0.0303030303030303	0.0	0.0	0.010101010101010102	0.0	0.06565656565656566	0.0	0.010101010101010102	0.04040404040404041	0.045454545454545456	0.01515151515151515	0.01515151515151515	18
Treponema_azotonutricium_ZAS-9	0	0	0	0	0	0	0	0	0	0	0	0	0	0	0	0	0	0	0	0	0.0	0.0	0.0	0.0	0.0	0.0	0.0	0.0	0.0	0.0	0.0	0.0	0.0	0.0	0.0	0.0	0.0	0.0	0.0	0.0	1
Treponema_brennaborense_DSM_12168	0	0	0	0	0	0	0	0	0	0	0	0	0	0	0	0	0	0	0	0	0.0	0.0	0.0	0.0	0.0	0.0	0.0	0.0	0.0	0.0	0.0	0.0	0.09090909090909091	0.0	0.0	0.0	0.0	0.0	0.0	0.0	1
Treponema_caldarium_DSM_7334	0	0	0	0	0	0	0	0	0	0	0	0	0	0	0	0	0	0	0	0	0.0	0.0	0.0	0.0	0.0	0.0	0.0	0.0	0.0	0.0	0.0	0.0	0.0	0.0	0.0	0.0	0.0	0.0	0.0	0.0	1
Treponema_denticola	0	0	0	0	0	0	0	0	0	0	0	0	0	0	0	0	0	0	0	0	0	0	0	0	0	0	0	0	0	0	0	0	0	0	0	0	0	0	0	0	0
Treponema_denticola_ATCC_35405	0	0	0	0	0	0	0	0	0	0	0	0	0	0	0	0	0	0	0	0	0	0	0	0	0	0	0	0	0	0	0	0	0	0	0	0	0	0	0	0	0
Treponema_medium	0	0	0	0	0	0	0	0	0	0	0	0	0	0	0	0	0	0	0	0	0.0	0.0	0.0	0.0	0.0	0.0	0.0	0.0	0.0	0.0	0.0	0.0	0.0	0.0	0.09090909090909091	0.0	0.0	0.09090909090909091	0.0	0.0	1
Treponema_pallidum	0	0	0	0	0	0	0	0	0	0	0	0	0	0	0	0	0	0	0	0	0	0	0	0	0	0	0	0	0	0	0	0	0	0	0	0	0	0	0	0	0
Treponema_pallidum_subsp._pallidum	0	0	0	0	0	0	0	0	0	0	0	0	0	0	0	0	0	0	0	0	0	0	0	0	0	0	0	0	0	0	0	0	0	0	0	0	0	0	0	0	0
Treponema_pallidum_subsp._pertenue	0	0	0	0	0	0	0	0	0	0	0	0	0	0	0	0	0	0	0	0	0	0	0	0	0	0	0	0	0	0	0	0	0	0	0	0	0	0	0	0	0
Treponema_parvum	0	0	0	0	0	0	0	0	0	0	0	0	0	0	0	0	0	0	0.5	0	0.0	0.0	0.0	0.0	0.0	0.0	0.0	0.0	0.0	0.0	0.0	0.0	0.06818181818181818	0.0	0.0	0.045454545454545456	0.0	0.0	0.045454545454545456	0.0	4
Treponema_pedis	0	0	0	0	0	0	0	0	0	0	0	0	0	0	0	0	0	0	0	0	0.0	0.0	0.09090909090909091	0.0	0.0	0.0	0.0	0.0	0.0	0.0	0.045454545454545456	0.045454545454545456	0.0	0.0	0.0	0.0	0.0	0.045454545454545456	0.045454545454545456	0.0	2
Treponema_phagedenis	0	0	0	0	0	0	0	0	0	0	0	0	0	0	0	0	0	0	0	0	0.0	0.0	0.0909090909090909	0.0	0.0	0.0	0.0	0.0	0.0	0.0	0.0	0.0	0.0	0.06060606060606061	0.0	0.0	0.0	0.0	0.0	0.0	3
Treponema_primitia_ZAS-2	0	0	0	0	0	0	0	0	0	0	0	0	0.3333333333333333	0	0	0	0	0	0	0	0.010101010101010102	0.020202020202020204	0.0	0.010101010101010102	0.020202020202020204	0.020202020202020204	0.020202020202020204	0.010101010101010102	0.04040404040404041	0.0	0.0	0.0	0.020202020202020204	0.0	0.010101010101010102	0.0	0.0	0.010101010101010102	0.010101010101010102	0.010101010101010102	9
Treponema_putidum	0	0	0	0	0	0	0	0	0	0	0	0	0	0	0	0	0	0	0	0	0.0	0.0	0.0	0.0	0.09090909090909091	0.0	0.0	0.0	0.0	0.0	0.0	0.0	0.0	0.09090909090909091	0.09090909090909091	0.0	0.0	0.0	0.0	0.0	1
Treponema_socranskii_subsp._buccale	0	0	0	0.25	0	0	0	0	0	0	0	0	0	0	0	0	0	0	0	0	0.01818181818181818	0.0	0.0	0.00909090909090909	0.0	0.0	0.0	0.00909090909090909	0.0	0.00909090909090909	0.0	0.0	0.0	0.0	0.02727272727272727	0.01818181818181818	0.03636363636363636	0.00909090909090909	0.01818181818181818	0.01818181818181818	10
Treponema_sp._OMZ_838	0	0	0	1.0	0	0	0	0	0	0	0	0	0	0	0	0	0	0	0	0	0.0	0.0	0.0	0.09090909090909091	0.0	0.0	0.0	0.0	0.0	0.0	0.0	0.0	0.0	0.0	0.0	0.0	0.0	0.0	0.0	0.0	1
Treponema_succinifaciens_DSM_2489	0	0	0	0	0	0	0.5	0	0	0	0	0	0	0	0	0	0	0	0.6666666666666666	0	0.0	0.015151515151515152	0.015151515151515152	0.030303030303030304	0.015151515151515152	0.015151515151515152	0.030303030303030304	0.0	0.0	0.06060606060606061	0.0	0.0	0.0	0.0	0.0	0.0	0.0	0.0	0.030303030303030304	0.04545454545454545	6
Treponema_vincentii	0	0	0	0	0	0	0	0	0	0	0	0	0	0	0	0	0	0	0	0	0.00909090909090909	0.01818181818181818	0.00909090909090909	0.00909090909090909	0.00909090909090909	0.0	0.01818181818181818	0.0	0.0	0.01818181818181818	0.01818181818181818	0.03636363636363636	0.06363636363636363	0.0	0.0	0.00909090909090909	0.0	0.02727272727272727	0.01818181818181818	0.01818181818181818	10
Veillonella_parvula	0	0	0	0	0	0	0	0	0	0	0	0	0	0	0	0	0	0	0	0	0.09090909090909091	0.0	0.09090909090909091	0.09090909090909091	0.0	0.0	0.0	0.0	0.09090909090909091	0.09090909090909091	0.0	0.0	0.0	0.0	0.0	0.09090909090909091	0.0	0.0	0.0	0.0	1
Vesicular_stomatitis_Indiana_virus	0	0	0	0	0	0	0	0	0	0	0	0	0	0	0	0	0	0	0	0	0	0	0	0	0	0	0	0	0	0	0	0	0	0	0	0	0	0	0	0	0
Vibrio_anguillarum	0	0	0	0	0	0	0	0	0	0	0	0	0	0	0	0	0	0	0	0	0	0	0	0	0	0	0	0	0	0	0	0	0	0	0	0	0	0	0	0	0
Vibrio_cholerae	0	0	0	0	0	0	0	0	0	0	0	0	0	0	0	0	0	0	0	0	0.007575757575757576	0.0	0.0	0.007575757575757576	0.007575757575757576	0.007575757575757576	0.007575757575757576	0.015151515151515152	0.0	0.007575757575757576	0.04545454545454545	0.007575757575757576	0.007575757575757576	0.030303030303030304	0.0	0.015151515151515152	0.022727272727272724	0.007575757575757576	0.007575757575757576	0.022727272727272724	12
Vibrio_furnissii	0	0	0	0	0	0	0	0	0	0	0	0	0	0	0	0	0	0	0	0	0.010101010101010102	0.020202020202020204	0.005050505050505051	0.010101010101010102	0.010101010101010102	0.010101010101010102	0.010101010101010102	0.010101010101010102	0.005050505050505051	0.010101010101010102	0.010101010101010102	0.0	0.01515151515151515	0.0	0.0	0.0	0.0	0.025252525252525252	0.01515151515151515	0.005050505050505051	18
Vibrio_furnissii_NCTC_11218	0.4	1.0	0	0	0	0.8888888888888888	0	0	0	0	0	0	0	0	0	0	0	0	0	0	0.03481624758220503	0.017408123791102514	0.0	0.0	0.017408123791102514	0.015473887814313346	0.0019342359767891683	0.01934235976789168	0.0038684719535783366	0.0019342359767891683	0.017408123791102514	0.017408123791102514	0.017408123791102514	0.03288201160541586	0.0	0.0	0.0	0.0	0.0	0.0	47
Vibrio_parahaemolyticus	0	0	0	0	0	0	0	0	0	0	0	0	0	0	0	0	0	0	0	0	0.0	0.0	0.0	0.0	0.0	0.0	0.09090909090909091	0.09090909090909091	0.0	0.0	0.0	0.09090909090909091	0.09090909090909091	0.09090909090909091	0.0	0.0	0.0	0.0	0.0	0.0	1
Vibrio_parahaemolyticus_O1:Kuk_str._FDA_R31	0	1.0	0	0	0	0	0	0	0	0	0	0	0	0	0	0	0	0	0	0	0.0	0.09090909090909091	0.0	0.09090909090909091	0.0	0.09090909090909091	0.0	0.09090909090909091	0.09090909090909091	0.0	0.0	0.09090909090909091	0.09090909090909091	0.0	0.0	0.0	0.0	0.0	0.0	0.0	1
Vibrio_parahaemolyticus_UCM-V493	0	0	0	0	0	0	0	0	0	0	0	0	0	0	0	0	0	0	0	0	0.0	0.0	0.0	0.0	0.0909090909090909	0.0909090909090909	0.0	0.0	0.0	0.0	0.0	0.0	0.0	0.0	0.0	0.0	0.07575757575757576	0.0	0.0	0.0	6
Vibrio_splendidus	0	0	0	0	0	0	0	0	0	0	0	0	0	0	0	0	0	0	0	0	0	0	0	0	0	0	0	0	0	0	0	0	0	0	0	0	0	0	0	0	0
Vibrio_vulnificus	0	0	0	0	0	0	0	0	0.25	0	0.25	0	0	0	0	0	0	0	0	0	0.022727272727272724	0.015151515151515152	0.04545454545454545	0.03787878787878788	0.0	0.022727272727272724	0.0	0.015151515151515152	0.007575757575757576	0.007575757575757576	0.022727272727272724	0.022727272727272724	0.022727272727272724	0.0	0.007575757575757576	0.0	0.0	0.0	0.0	0.0	12
Vibrio_vulnificus_Env1	1.0	0	0	0	0	0	0	0	0	0	0	0	0.5	0	0	0	0	0	0	1.0	0.045454545454545456	0.045454545454545456	0.0	0.0	0.09090909090909091	0.09090909090909091	0.0	0.0	0.0	0.0	0.0	0.0	0.045454545454545456	0.0	0.0	0.0	0.0	0.0	0.045454545454545456	0.045454545454545456	2
Vibrio_vulnificus_VVyb1(BT3)	0	0	1.0	0	0	0	0	0	0	0	0	0	0	0	0	0	0	0	0	0	0.09090909090909091	0.0	0.09090909090909091	0.0	0.0	0.0	0.0	0.0	0.0	0.09090909090909091	0.0	0.0	0.0	0.0	0.0	0.0	0.0	0.0	0.0	0.0	2
Yersinia_aldovae	0	0	0	0	0	0	0	0	0	0	0	0	0	0	0	0	0	0	0	0	0	0	0	0	0	0	0	0	0	0	0	0	0	0	0	0	0	0	0	0	0
Yersinia_aleksiciae	0	0	0	0	0	0	0	0	0	0	0	0	0	0	0	0	0	0	0	0	0	0	0	0	0	0	0	0	0	0	0	0	0	0	0	0	0	0	0	0	0
Yersinia_enterocolitica	0	0	0	0	0	0	0	0	0	0	0	0	0	0	0	0	0	0	0	0	0.0	0.0	0.0	0.0	0.07792207792207792	0.0	0.0	0.0	0.0	0.0	0.0	0.0	0.0	0.0	0.0	0.0	0.0	0.0	0.0	0.07792207792207792	7
Yersinia_enterocolitica_(type_O:5)_str._YE53/03	0	0	0	0	0	0	0	0	0	0	0	0	0	0	0	0	0	0	0	0	0.0	0.0	0.0	0.0	0.0	0.0	0.0	0.0	0.0	0.0	0.0	0.0	0.0	0.0	0.0	0.0	0.0	0.0	0.0	0.0	9
Yersinia_intermedia	0	0	0	0	0	0	0	0	0	0	0	0	0	0	0	0	0	0	0	0	0.09090909090909091	0.0	0.0	0.0	0.0	0.0	0.0	0.0	0.09090909090909091	0.0	0.0	0.0	0.0	0.0	0.0	0.0	0.0	0.0	0.0	0.0	2
Yersinia_pestis	0	0	0	0	0	0	0	0	0	0	0	1.0	0	0	0	0	0	0	0	0	0.0909090909090909	0.0	0.0	0.0	0.0	0.0	0.0909090909090909	0.0	0.0	0.0	0.0	0.08712121212121211	0.0	0.08712121212121211	0.08712121212121211	0.0	0.0	0.08712121212121211	0.0	0.0	24
Yersinia_pestis_CO92	0	0	0	0	0	0	0	0	0	0	0	0	0	0	0	0	0	0	0	0	0	0	0	0	0	0	0	0	0	0	0	0	0	0	0	0	0	0	0	0	0
Yersinia_pseudotuberculosis	0	0	0	0	0	0	0	0	0	0	0	0	0	0	0	0	0	0	0	0	0.0	0.0	0.0	0.0	0.0	0.0	0.0	0.0	0.0	0.0	0.0	0.0	0.0	0.0	0.0	0.0	0.0	0.0	0.0	0.0	1
Yersinia_pseudotuberculosis_complex	0	0	0	0	0	0	0	0	0	0	0	0	0	0	0	0	0	0	0	0	0.0	0.0	0.0	0.0	0.0	0.0	0.0	0.0	0.0	0.0	0.0	0.0	0.0	0.0	0.0	0.0	0.0	0.0	0.0	0.0	14
Yersinia_rohdei	0	0	0	0	0	0	0	0	0	0	0	0	0	0	0	0	0	0	0	0	0	0	0	0	0	0	0	0	0	0	0	0	0	0	0	0	0	0	0	0	0
Yersinia_ruckeri	0	0	0	0	0	0	0	0	0	0	0	0	0	0	1.0	0	0	0	0	0	0.0	0.0	0.09090909090909091	0.0	0.0	0.0	0.0	0.0	0.045454545454545456	0.0	0.022727272727272728	0.0	0.0	0.0	0.045454545454545456	0.0	0.045454545454545456	0.0	0.0	0.045454545454545456	4
