Node	C>T_1	C>T_2	C>T_3	C>T_4	C>T_5	C>T_6	C>T_7	C>T_8	C>T_9	C>T_10	G>A_11	G>A_12	G>A_13	G>A_14	G>A_15	G>A_16	G>A_17	G>A_18	G>A_19	G>A_20	D>V(11Substitution)_1	D>V(11Substitution)_2	D>V(11Substitution)_3	D>V(11Substitution)_4	D>V(11Substitution)_5	D>V(11Substitution)_6	D>V(11Substitution)_7	D>V(11Substitution)_8	D>V(11Substitution)_9	D>V(11Substitution)_10	H>B(11Substitution)_11	H>B(11Substitution)_12	H>B(11Substitution)_13	H>B(11Substitution)_14	H>B(11Substitution)_15	H>B(11Substitution)_16	H>B(11Substitution)_17	H>B(11Substitution)_18	H>B(11Substitution)_19	H>B(11Substitution)_20	considered_Matches
Actinobacillus_equuli	0	0	0	0	0	0	0	0	1.0	0	0	0	0	0	0	0	0	0	0	0	0.0	0.0	0.0	0.0	0.0	0.0	0.0	0.0	0.0909090909090909	0.0	0.030303030303030304	0.0	0.0	0.0	0.0	0.0	0.0	0.030303030303030304	0.0	0.0	3
Actinobacillus_pleuropneumoniae	0	0	0	0	0	0	0	0	0	0	0	0	0	0	0	0	0	1.0	0	0	0.022727272727272728	0.005681818181818182	0.0	0.0	0.0	0.005681818181818182	0.017045454545454544	0.0	0.005681818181818182	0.022727272727272728	0.0	0.0	0.017045454545454544	0.011363636363636364	0.028409090909090908	0.0	0.022727272727272728	0.017045454545454544	0.0	0.03977272727272727	16
Actinobacillus_pleuropneumoniae_serovar_4_str._M62	1.0	0	0	1.0	0	0	0	0	0	0	0	0	0	0	0	0	0	0	0	0	0.09090909090909091	0.0	0.0	0.09090909090909091	0.09090909090909091	0.0	0.0	0.0	0.0	0.0	0.0	0.0	0.0	0.0	0.0	0.0	0.0	0.09090909090909091	0.09090909090909091	0.0	1
Actinobacillus_pleuropneumoniae_serovar_9_str._CVJ13261	0	0	0	0	0	0	0	0	0	0	0	0	0	1.0	0	0	0	0	0	0	0.0	0.09090909090909091	0.0	0.0	0.0	0.0	0.0	0.0	0.0	0.0	0.0	0.09090909090909091	0.0	0.09090909090909091	0.0	0.0	0.0	0.0	0.0	0.09090909090909091	1
African_swine_fever_virus	0	0	0	0	0	0	0	0	0	0	0	0	0	0	0	0	0	0	0	0	0	0	0	0	0	0	0	0	0	0	0	0	0	0	0	0	0	0	0	0	0
Aphthovirus	0	0	0	0	0	0	0	0	0	0	0	0	0	0	0	0	0	0	0	0	0	0	0	0	0	0	0	0	0	0	0	0	0	0	0	0	0	0	0	0	0
Arcanobacterium_haemolyticum	0	0	0	0	0	0	0	0	0	0	0	0	0	0	0	0	0	0	0	0	0.045454545454545456	0.0	0.0	0.045454545454545456	0.0	0.0	0.0	0.0	0.0	0.045454545454545456	0.0	0.022727272727272728	0.0	0.0	0.022727272727272728	0.0	0.0	0.0	0.045454545454545456	0.0	4
Aspergillus_fumigatus	0	0	0	0	0	0	0	0	0	0	0	0	0	0	0	0	0	0	0	0	0	0	0	0	0	0	0	0	0	0	0	0	0	0	0	0	0	0	0	0	0
Bartonella_bacilliformis	0	0	0	0	0	0	0	0	0	0	0	0	0	0	0	0	0	0	0	0	0.0	0.0	0.0	0.0	0.0	0.0	0.0	0.0	0.0	0.0	0.0	0.0	0.0	0.0	0.0	0.0	0.0	0.09090909090909091	0.0	0.0	1
Bartonella_henselae	0	0	0	0	0	0	0	0	0	0	0	0	0	0	0	0	0	0	0	0	0	0	0	0	0	0	0	0	0	0	0	0	0	0	0	0	0	0	0	0	0
Bartonella_quintana	0	0	0	0	0	0	0	0	0	0	0	0	0	0	0	0	0	0	0	0	0	0	0	0	0	0	0	0	0	0	0	0	0	0	0	0	0	0	0	0	0
Blastomyces_dermatitidis	0	0	0	0	0	0	0	0	0	0	0	0	0	0	0	0	0	0	0	0	0	0	0	0	0	0	0	0	0	0	0	0	0	0	0	0	0	0	0	0	0
Bordetella_bronchialis	0.045454545454545456	0.11764705882352941	0	0	0	0	0.1111111111111111	0	0.09523809523809523	0.06666666666666667	0.05	0	0	0.058823529411764705	0.08695652173913043	0.11764705882352941	0	0.06666666666666667	0	0.047619047619047616	0.013774104683195593	0.013774104683195593	0.015151515151515152	0.013774104683195593	0.009641873278236915	0.008264462809917356	0.01928374655647383	0.011019283746556474	0.012396694214876033	0.015151515151515152	0.011019283746556474	0.004132231404958678	0.009641873278236915	0.005509641873278237	0.009641873278236915	0.012396694214876033	0.009641873278236915	0.015151515151515152	0.01928374655647383	0.013774104683195593	66
Bordetella_bronchiseptica	0.07142857142857142	0	0.13333333333333333	0	0.11764705882352941	0.05555555555555555	0.0625	0.02631578947368421	0.038461538461538464	0.01818181818181818	0.024390243902439025	0.06976744186046512	0.020833333333333332	0	0.041666666666666664	0.12121212121212122	0.024390243902439025	0.09090909090909091	0	0.041666666666666664	0.007836990595611285	0.0109717868338558	0.0219435736677116	0.008620689655172414	0.01567398119122257	0.014106583072100314	0.007836990595611285	0.0047021943573667705	0.007053291536050157	0.009404388714733541	0.006269592476489028	0.014890282131661442	0.007053291536050157	0.012539184952978056	0.018808777429467082	0.010188087774294672	0.0109717868338558	0.018025078369905956	0.019592476489028215	0.02115987460815047	116
Bordetella_genomosp._13	0.02857142857142857	0.03125	0	0	0.09302325581395349	0.044444444444444446	0	0.02702702702702703	0.08108108108108109	0	0	0	0	0	0	0	0.075	0	0	0.1388888888888889	0.010291595197255574	0.01457975986277873	0.0137221269296741	0.006003430531732418	0.015437392795883362	0.008576329331046312	0.008576329331046312	0.00686106346483705	0.015437392795883362	0.01457975986277873	0.006003430531732418	0.011149228130360206	0.009433962264150943	0.009433962264150943	0.007718696397941681	0.012006861063464836	0.008576329331046312	0.012006861063464836	0.012864493996569467	0.015437392795883362	106
Bordetella_pertussis	0.16455696202531644	0	0	0	0.054945054945054944	0	0	0	0.01834862385321101	0.027777777777777776	0.045112781954887216	0	0.07894736842105263	0	0	0	0	0	0.11363636363636363	0	0.011440940012368584	0.0191713048855906	0.013605442176870748	0.0095856524427953	0.008039579468150896	0.009894867037724181	0.008658008658008658	0.01515151515151515	0.01422387136672851	0.012368583797155224	0.007111935683364255	0.007421150278293135	0.008039579468150896	0.02009894867037724	0.009894867037724181	0.009276437847866418	0.019789734075448363	0.01020408163265306	0.008967223252937539	0.011131725417439705	294
Bordetella_pertussis_137	0	0	0	0.34375	0	0	0	0.4393939393939394	0	0	0	0.2894736842105263	0	0	0	0	0	0	0	0	0.009182736455463728	0.01652892561983471	0.0	0.02662993572084481	0.010101010101010102	9.182736455463728E-4	0.010101010101010102	0.045913682277318645	0.010101010101010102	0.0	0.0	0.010101010101010102	0.03397612488521579	0.0	0.0	0.03397612488521579	0.03397612488521579	0.020202020202020204	0.011019283746556472	0.010101010101010102	99
Bordetella_pertussis_18323	0	0	0	0	0	0	0	0	0	0	0	0	0	0	0	0	0	0	0	0	0.0	0.09090909090909091	0.0	0.0	0.0	0.0	0.0	0.0	0.0	0.0	0.0	0.0	0.08080808080808081	0.0	0.08080808080808081	0.0	0.0	0.0	0.0	0.0	9
Bordetella_petrii	0	0.09375	0	0	0	0	0	0.03125	0	0.17391304347826086	0.12	0	0	0.07692307692307693	0	0	0.045454545454545456	0	0.03333333333333333	0.041666666666666664	0.009857612267250822	0.01533406352683461	0.0065717415115005475	0.014238773274917854	0.01095290251916758	0.009857612267250822	0.01095290251916758	0.01095290251916758	0.009857612267250822	0.008762322015334063	0.018619934282584884	0.016429353778751366	0.013143483023001095	0.013143483023001095	0.009857612267250822	0.001095290251916758	0.009857612267250822	0.007667031763417305	0.012048192771084338	0.009857612267250822	83
Bordetella_trematum	0	0	0.02631578947368421	0	0.04	0	0	0.13793103448275862	0.16666666666666666	0	0	0	0	0.09090909090909091	0	0.034482758620689655	0.09523809523809523	0.02702702702702703	0.038461538461538464	0.05405405405405406	0.015311004784688996	0.008612440191387561	0.010526315789473684	0.010526315789473684	0.007655502392344498	0.017224880382775122	0.004784688995215311	0.013397129186602871	0.012440191387559809	0.003827751196172249	0.009569377990430622	0.005741626794258373	0.012440191387559809	0.022966507177033493	0.013397129186602871	0.008612440191387561	0.008612440191387561	0.007655502392344498	0.010526315789473684	0.010526315789473684	95
Borrelia_crocidurae	0	0	0	0	0	0	0	0	0	0	0	0	0	0	0	0	0	0	0	0	0	0	0	0	0	0	0	0	0	0	0	0	0	0	0	0	0	0	0	0	0
Borrelia_recurrentis	0	0	0	0	0	0	0	0	0	0	0	0	0	0	0	0	0	0	0	0	0	0	0	0	0	0	0	0	0	0	0	0	0	0	0	0	0	0	0	0	0
Borreliella_afzelii	0	0	0	0	0	0	0	0	0	0	0	0	0	0	0	0	0	0	0	0	0	0	0	0	0	0	0	0	0	0	0	0	0	0	0	0	0	0	0	0	0
Borreliella_burgdorferi	0	0	0	0	0	0	0	0	0	0	0	0	0	0	0	0	0	0	0	0	0	0	0	0	0	0	0	0	0	0	0	0	0	0	0	0	0	0	0	0	0
Borreliella_garinii	0	0	0	0	0	0	0	0	0	0	0	0	0	0	0	0	0	0	0	0	0	0	0	0	0	0	0	0	0	0	0	0	0	0	0	0	0	0	0	0	0
Bovine_rhinitis_A_virus	0	0	0	0	0	0	0	0	0	0	0	0	0	0	0	0	0	0	0	0	0	0	0	0	0	0	0	0	0	0	0	0	0	0	0	0	0	0	0	0	0
Brucella_abortus	0	0	0	0	0	0	0	0	0	0	0	0	0	0	0	0	0	0	0	0	0.0	0.0	0.0	0.0	0.0	0.0	0.09090909090909091	0.0	0.0	0.0	0.0	0.0	0.09090909090909091	0.0	0.0	0.0	0.0	0.0	0.0	0.0	1
Brucella_abortus_bv._6_str._870	0	0	0	1.0	0	0	0	0	0	0	0	0	0	0	0	0	0	0	0	0	0.0	0.0	0.0	0.09090909090909091	0.0	0.0	0.0	0.0	0.0	0.0	0.0	0.0	0.0	0.0	0.045454545454545456	0.0	0.0	0.045454545454545456	0.0	0.0	2
Brucella_canis	0	0	0	0	0	0	0	0	0	0	0	0	0	0	0	0	0	0	0	0	0.0	0.0	0.09090909090909091	0.0	0.0	0.09090909090909091	0.0	0.0	0.09090909090909091	0.0	0.0	0.0	0.0	0.0	0.09090909090909091	0.0	0.0	0.0	0.0	0.0	1
Brucella_melitensis	0	0	0	0	0	0	0	0	0	0	0	0	0	0	0	0	0	0	0	0	0.0	0.0	0.09090909090909091	0.0	0.0	0.0	0.0	0.0	0.0	0.0	0.0	0.09090909090909091	0.0	0.0	0.09090909090909091	0.0	0.0	0.0	0.0	0.0	1
Brucella_melitensis_bv._2_str._63/9	0	0	0	0	0	0	0	0	0	0	0	0	0	0	0	0	0	0	0	0	0.0	0.0	0.0	0.0	0.0	0.0	0.0	0.0	0.0	0.0	0.0	0.0	0.0	0.0	0.0	0.0	0.09090909090909091	0.0	0.0	0.0	1
Brucella_microti	0	0	0	0	0	0	0	0	0	0	0	0	0	0	0	0	0	0	0	0	0	0	0	0	0	0	0	0	0	0	0	0	0	0	0	0	0	0	0	0	0
Brucella_ovis	0	0	0	0	0	0	0	0	0	0	0	0	0	0	0	0	0	0	0	0	0	0	0	0	0	0	0	0	0	0	0	0	0	0	0	0	0	0	0	0	0
Brucella_ovis_ATCC_25840	0	0	0	0	0	0	0	0	0	0	0	0	0	1.0	0	0	0	0	0	0.5	0.01818181818181818	0.0	0.01818181818181818	0.03636363636363636	0.01818181818181818	0.01818181818181818	0.0	0.0	0.01818181818181818	0.01818181818181818	0.0	0.0	0.0	0.01818181818181818	0.03636363636363636	0.0	0.0	0.03636363636363636	0.0	0.01818181818181818	5
Brucella_suis	0	0	0	0	0	0	0	0	0	0	0	0	0	0	0	0	0	0	0	0	0	0	0	0	0	0	0	0	0	0	0	0	0	0	0	0	0	0	0	0	0
Burkholderia_cepacia	0.05714285714285714	0.018867924528301886	0	0	0	0.08196721311475409	0.06349206349206349	0.16216216216216217	0.013333333333333334	0	0	0	0	0.022222222222222223	0.05	0	0.04878048780487805	0.07692307692307693	0.021739130434782608	0	0.008762322015334063	0.004928806133625411	0.013691128148959475	0.00547645125958379	0.01150054764512596	0.01150054764512596	0.009309967141292442	0.01533406352683461	0.008214676889375683	0.014238773274917854	0.01150054764512596	0.00547645125958379	0.0065717415115005475	0.01095290251916758	0.006024096385542169	0.007119386637458927	0.01095290251916758	0.007667031763417305	0.0104052573932092	0.017524644030668127	166
Burkholderia_cepacia_ATCC_25416	0	0	0	0.04081632653061224	0	0.07692307692307693	0.15217391304347827	0.04838709677419355	0	0	0	0.36363636363636365	0	0	0	0	0	0	0.16071428571428573	0	0.014885699096225412	0.009569377990430623	0.014354066985645933	0.01594896331738437	0.009569377990430623	0.002658160552897395	0.006379585326953747	0.003721424774056353	0.0	0.0015948963317384368	0.011164274322169059	0.010101010101010102	0.013290802764486976	0.003721424774056353	0.014885699096225412	0.02126528442317916	0.012227538543328016	0.006911217437533227	0.014885699096225412	0.0015948963317384368	171
Burkholderia_cepacia_JBK9	0.1	0	0.03125	0	0	0.1111111111111111	0	0.058823529411764705	0	0	0	0.03125	0.3	0.13333333333333333	0.08695652173913043	0.10526315789473684	0	0	0	0	0.00737100737100737	0.00737100737100737	0.004914004914004914	0.004914004914004914	0.012285012285012284	0.00737100737100737	0.00737100737100737	0.012285012285012284	0.009828009828009828	0.018427518427518427	0.0085995085995086	0.011056511056511058	0.013513513513513514	0.01474201474201474	0.011056511056511058	0.0171990171990172	0.011056511056511058	0.0085995085995086	0.006142506142506142	0.00737100737100737	74
Burkholderia_gladioli	0.023529411764705882	0.03286384976525822	0.1	0.052307692307692305	0.0423728813559322	0.03225806451612903	0.041935483870967745	0.03492063492063492	0.023809523809523808	0.0847457627118644	0.056451612903225805	0.0215633423180593	0.0033444816053511705	0.004608294930875576	0.006644518272425249	0.037037037037037035	0.004132231404958678	0.05740181268882175	0.04923076923076923	0.0189873417721519	0.012658227848101266	0.01093210586881473	0.007959340237821251	0.011603375527426161	0.015151515151515152	0.012466436517069428	0.007671653241273494	0.012274645186037592	0.00939777522056003	0.009205983889528193	0.009301879555044112	0.009781357882623706	0.014288454161871883	0.013617184503260452	0.011603375527426161	0.014384349827387802	0.011795166858457997	0.01313770617568086	0.01150747986191024	0.011219792865362486	948
Burkholderia_gladioli_BSR3	0	0.02564102564102564	0	0.029411764705882353	0	0	0.10810810810810811	0	0.06060606060606061	0	0	0	0	0	0	0	0.10810810810810811	0.30952380952380953	0.02040816326530612	0.06896551724137931	0.010842368640533779	0.01834862385321101	0.014178482068390326	0.009174311926605505	0.010842368640533779	0.02085070892410342	0.010842368640533779	0.005838198498748957	0.004170141784820684	0.011676396997497914	0.010842368640533779	0.0025020850708924102	0.008340283569641367	0.0050041701417848205	0.01251042535446205	0.016680567139282735	0.011676396997497914	0.021684737281067557	0.01251042535446205	0.017514595496246874	109
Burkholderia_gladioli_pv._gladioli	0.04564315352697095	0.06280193236714976	0	0.07906976744186046	0.009569377990430622	0.12626262626262627	0.04736842105263158	0.014150943396226415	0.015151515151515152	0.022988505747126436	0	0.047058823529411764	0.016736401673640166	0	0.04365079365079365	0.087248322147651	0.01485148514851485	0	0.04484304932735426	0	0.008717310087173101	0.010460772104607722	0.015566625155666251	0.014321295143212951	0.016687422166874223	0.01768368617683686	0.012079701120797011	0.010336239103362392	0.010460772104607722	0.010460772104607722	0.009339975093399752	0.011332503113325032	0.00884184308841843	0.012328767123287671	0.014445828144458281	0.014694894146948941	0.01282689912826899	0.00797011207970112	0.010460772104607722	0.010460772104607722	730
Burkholderia_mallei	0	0	0	0	0.6666666666666666	0	0	0	0	0	0	0	0	0	0	0	0.14285714285714285	0	0	0.11764705882352941	0.0	0.0	0.006993006993006993	0.0	0.006993006993006993	0.0034965034965034965	0.0	0.006993006993006993	0.0	0.006993006993006993	0.0	0.006993006993006993	0.0	0.0	0.01748251748251748	0.013986013986013986	0.010489510489510488	0.01748251748251748	0.0	0.010489510489510488	26
Burkholderia_mallei_NCTC_10247	0	0	0	0	0	0	0	0	0	0	0	0	0	0	0	0	0	0	0	1.0	0.01818181818181818	0.0	0.0	0.0	0.0	0.03636363636363636	0.0	0.01818181818181818	0.0	0.05454545454545454	0.0	0.02727272727272727	0.0	0.01818181818181818	0.00909090909090909	0.01818181818181818	0.01818181818181818	0.045454545454545456	0.0	0.01818181818181818	10
Burkholderia_multivorans	0.010471204188481676	0.023952095808383235	0.039473684210526314	0.013071895424836602	0.024539877300613498	0.042682926829268296	0.11258278145695365	0.07741935483870968	0.05263157894736842	0.05309734513274336	0.06493506493506493	0.05747126436781609	0.03	0.020689655172413793	0.125	0.011695906432748537	0.09210526315789473	0.022222222222222223	0.05084745762711865	0	0.005307310392056155	0.01420989556582777	0.007019346002396849	0.00992980653997603	0.011813045711350795	0.011813045711350795	0.01660674542030474	0.011641842150316726	0.007532956685499058	0.011984249272384865	0.009758602978941962	0.01027221366204417	0.007019346002396849	0.012326656394453005	0.016264338298236605	0.007875363807567197	0.01369628488272556	0.010443417223078242	0.013867488443759629	0.006505735319294641	531
Burkholderia_multivorans_ATCC_17616	0	0	0	0	0.037037037037037035	0.07042253521126761	0	0.3076923076923077	0.015873015873015872	0	0.10144927536231885	0	0.02631578947368421	0	0.13636363636363635	0	0.07407407407407407	0	0.03333333333333333	0.0379746835443038	0.014285714285714285	0.009523809523809525	0.01515151515151515	0.00909090909090909	0.0012987012987012987	0.007359307359307359	0.008225108225108226	0.015584415584415586	0.0017316017316017316	0.006493506493506493	0.018614718614718615	0.0017316017316017316	0.009523809523809525	0.009523809523809525	0.014285714285714285	0.010822510822510824	0.016017316017316017	0.0038961038961038965	0.01818181818181818	0.007359307359307359	210
Burkholderia_multivorans_ATCC_BAA-247	0.1568627450980392	0.1	0.037037037037037035	0.023255813953488372	0	0.04878048780487805	0.039473684210526314	0.23076923076923078	0	0	0	0	0	0	0.16666666666666666	0.038461538461538464	0	0.015873015873015872	0	0.05555555555555555	0.006904487917146145	0.01093210586881473	0.014959723820483314	0.021288837744533946	0.013233601841196778	0.015535097813578827	0.00863060989643268	0.015535097813578827	0.009781357882623706	0.02013808975834292	0.0034522439585730723	0.004027617951668585	0.007479861910241657	0.01380897583429229	0.01611047180667434	0.012658227848101266	5.753739930955121E-4	0.012082853855005755	0.005178365937859609	0.00805523590333717	158
Burkholderia_pseudomallei	0	0.022388059701492536	0.011764705882352941	0.005291005291005291	0	0	0.041176470588235294	0	0	0.09047619047619047	0	0.08235294117647059	0.06190476190476191	0	0.005154639175257732	0.0048543689320388345	0	0.013422818791946308	0	0.07432432432432433	0.0011939280231963159	0.01654443117857752	0.01125703564727955	0.004434589800443459	0.01125703564727955	0.016373870032406618	0.01040422991642504	0.0023878560463926318	0.005969640115981579	0.01057479106259594	0.010745352208766844	0.005799078969810677	0.011768719085792256	0.009039740747057821	0.009551424185570527	0.01057479106259594	0.009210301893228722	0.01961453180965376	0.020637898686679174	0.015179942009210303	533
Burkholderia_pseudomallei_1106b	0	0	0	0	0	0	0	0	0	0	0	0	0	0	0	0	0	1.0	0	0	0.025974025974025976	0.012987012987012988	0.025974025974025976	0.03896103896103896	0.012987012987012988	0.012987012987012988	0.0	0.012987012987012988	0.012987012987012988	0.0	0.025974025974025976	0.0	0.0	0.025974025974025976	0.03896103896103896	0.025974025974025976	0.0	0.03896103896103896	0.012987012987012988	0.012987012987012988	7
Burkholderia_pseudomallei_1710a	0	0	0	0	0	0	0	0	0	0	0	0	0	0	0	0	0	0	0	0	0.0	0.0	0.0	0.0	0.0	0.0	0.0	0.0	0.0	0.0	0.0	0.0	0.0	0.0	0.0	0.0	0.0	0.0	0.0	0.0	1
Burkholderia_pseudomallei_7894	0	0.25	0	0	0	0	0	0	0	0.6363636363636364	0	0	0	0	0	0	0	0	0	0	0.0	0.01652892561983471	0.01652892561983471	0.0	0.01652892561983471	0.0	0.045454545454545456	0.01652892561983471	0.0	0.0371900826446281	0.0	0.004132231404958678	0.03305785123966942	0.0	0.0	0.0	0.01652892561983471	0.01652892561983471	0.02066115702479339	0.02066115702479339	22
Burkholderia_pseudomallei_MSHR1153	0	0.5	0	0	0	0	0	0	0	0	0	0	0	0	0	0	0	0	0	0.3333333333333333	0.022727272727272728	0.022727272727272728	0.022727272727272728	0.0	0.022727272727272728	0.0	0.0	0.0	0.022727272727272728	0.0	0.0	0.022727272727272728	0.0	0.0	0.0	0.022727272727272728	0.022727272727272728	0.022727272727272728	0.0	0.022727272727272728	4
Burkholderia_pseudomallei_MSHR2543	0	0	0	0	0	0	0	0	0	0.6666666666666666	0	0	0	0	0	0	0	0	0	0	0.0	0.0	0.0	0.0	0.0	0.06060606060606061	0.030303030303030304	0.030303030303030304	0.0	0.030303030303030304	0.030303030303030304	0.030303030303030304	0.030303030303030304	0.030303030303030304	0.030303030303030304	0.0	0.0	0.015151515151515152	0.030303030303030304	0.030303030303030304	6
Burkholderia_pseudomallei_MSHR346	0	0	0	0	0	0	0	0	0	0	0	0	0	0	0	0	0	0.3333333333333333	0	0	0.0	0.0	0.0	0.0	0.0	0.0	0.0	0.0	0.0	0.0	0.0	0.0	0.045454545454545456	0.0	0.0	0.022727272727272728	0.045454545454545456	0.045454545454545456	0.022727272727272728	0.022727272727272728	4
Burkholderia_pseudomallei_MSHR435	0	1.0	0	0	0	0	0	1.0	0	0	0	0	0.2	0	0	0	0	0	0	0	0.03409090909090909	0.045454545454545456	0.011363636363636364	0.0	0.011363636363636364	0.0	0.0	0.011363636363636364	0.022727272727272728	0.03409090909090909	0.03409090909090909	0.022727272727272728	0.011363636363636364	0.03409090909090909	0.022727272727272728	0.022727272727272728	0.045454545454545456	0.03409090909090909	0.0	0.0	8
Burkholderia_pseudomallei_NCTC_13179	0	0	0	0	0	0	0	0	0	0	0	0	0	0	0	0	0	1.0	0	0	0.006493506493506494	0.0	0.0	0.0	0.006493506493506494	0.0	0.0	0.006493506493506494	0.006493506493506494	0.0	0.0	0.07792207792207792	0.0	0.006493506493506494	0.0	0.07142857142857142	0.012987012987012988	0.012987012987012988	0.006493506493506494	0.0	14
Burkholderia_pseudomallei_Pasteur_52237	0	0	0	0	0	0	0.5	0	0	0	0	0	0	0	0	0	0	0	0	0	0.0	0.09090909090909091	0.045454545454545456	0.0	0.0	0.045454545454545456	0.045454545454545456	0.09090909090909091	0.0	0.0	0.09090909090909091	0.0	0.045454545454545456	0.0	0.0	0.0	0.0	0.0	0.0	0.0	2
Campylobacter_coli	0	0	0	0	0	0	0	0	0	0	0	0	0	0	0	0	0	0	0	0	0	0	0	0	0	0	0	0	0	0	0	0	0	0	0	0	0	0	0	0	0
Campylobacter_fetus	0	0	0	0	0	0	0	0	0	0	0	0	0	0	0	0	0	0	0	0	0	0	0	0	0	0	0	0	0	0	0	0	0	0	0	0	0	0	0	0	0
Campylobacter_gracilis	0	0	0	0	0	0	0	0	0	0	0	0	0	0	0	0	0	0	0	0	0.0	0.0	0.0	0.0	0.09090909090909091	0.0	0.0	0.0	0.0	0.0	0.0	0.0	0.0	0.0	0.0	0.0	0.09090909090909091	0.0	0.0	0.0	1
Campylobacter_showae	0	0	0	0	0	1.0	0	0	0	0	0	0	0	0	0	0	0	0	0	0	0.022727272727272728	0.0	0.0	0.022727272727272728	0.0	0.022727272727272728	0.0	0.0	0.0	0.0	0.022727272727272728	0.0	0.022727272727272728	0.0	0.0	0.0	0.045454545454545456	0.022727272727272728	0.045454545454545456	0.0	4
Canine_morbillivirus	0	0	0	0	0	0	0	0	0	0	0	0	0	0	0	0	0	0	0	0	0	0	0	0	0	0	0	0	0	0	0	0	0	0	0	0	0	0	0	0	0
Chlamydia_abortus	0	0	0	0	0	0	0	0	0	0	0	0	0	0	0	0	0	0	0	0	0	0	0	0	0	0	0	0	0	0	0	0	0	0	0	0	0	0	0	0	0
Chlamydia_caviae	0	0	0	0	0	0	0	0	0	0	0	0	0	0	0	0	0	0	0	0	0	0	0	0	0	0	0	0	0	0	0	0	0	0	0	0	0	0	0	0	0
Chlamydia_felis	0	0	0	0	0	0	0	0	0	0	0	0	0	0	0	0	0	0	0	0	0	0	0	0	0	0	0	0	0	0	0	0	0	0	0	0	0	0	0	0	0
Chlamydia_muridarum	0	0	0	0	0	0	0	0	0	0	0	0	0	0	0	0	0	0	0	0	0	0	0	0	0	0	0	0	0	0	0	0	0	0	0	0	0	0	0	0	0
Chlamydia_pecorum	0	0	0	0	0	0	0	0	0	0	0	0	0	0	0	0	0	0	0	0	0	0	0	0	0	0	0	0	0	0	0	0	0	0	0	0	0	0	0	0	0
Chlamydia_pneumoniae	0	0	0	0	0	0	0	0	0	0	0	0	0	0	0	0	0	0	0	0	0	0	0	0	0	0	0	0	0	0	0	0	0	0	0	0	0	0	0	0	0
Chlamydia_psittaci	0	0	0	0	0	0	0	0	0	0	0	0	0	0	0	0	0	0	0	0	0	0	0	0	0	0	0	0	0	0	0	0	0	0	0	0	0	0	0	0	0
Chlamydia_suis	0	0	0	0	0	0	0	0	0	0	0	0	0	0	0	0	0	0	0	0	0	0	0	0	0	0	0	0	0	0	0	0	0	0	0	0	0	0	0	0	0
Chlamydia_trachomatis	0	0	0	0	0	0	0	0	0	0	0	0	0	0	0	0	0	0	0	0	0	0	0	0	0	0	0	0	0	0	0	0	0	0	0	0	0	0	0	0	0
Corynebacterium_ammoniagenes	0	0	0	0	0	0	0	0	0	0	0	0	0	0	0	0	0	0	0	0	0.06060606060606061	0.0	0.0	0.0	0.0	0.0	0.0	0.0	0.0	0.0	0.0	0.0	0.030303030303030304	0.030303030303030304	0.0	0.030303030303030304	0.0	0.0	0.0	0.030303030303030304	3
Corynebacterium_amycolatum	0	0	0	0	0	0	0	0	0	0	0	0	0.5	0	0	0	0.5	0	0	0	0.0	0.0	0.0	0.0	0.0	0.007575757575757576	0.015151515151515152	0.0	0.0	0.015151515151515152	0.022727272727272724	0.022727272727272724	0.015151515151515152	0.007575757575757576	0.0	0.0	0.022727272727272724	0.015151515151515152	0.030303030303030304	0.04545454545454545	12
Corynebacterium_bovis	0	0.07407407407407407	0.029411764705882353	0.03225806451612903	0	0.17647058823529413	0.027777777777777776	0.023809523809523808	0.0625	0	0	0.02857142857142857	0.075	0	0	0	0.024390243902439025	0.11764705882352941	0.04	0.05714285714285714	0.011586452762923352	0.015151515151515152	0.013368983957219251	0.014260249554367202	0.012477718360071301	0.01693404634581105	0.00980392156862745	0.00980392156862745	0.008912655971479501	0.008021390374331552	0.016042780748663103	0.0035650623885918006	0.007130124777183601	0.006238859180035651	0.0106951871657754	0.012477718360071301	0.013368983957219251	0.018716577540106954	0.016042780748663103	0.0196078431372549	102
Corynebacterium_crudilactis	0	0	0	0	1.0	0	0	0	0	0	0	0	0	0	0	0	0	0	0	0	0.0	0.09090909090909091	0.0	0.0	0.09090909090909091	0.0	0.0	0.0	0.0	0.0	0.09090909090909091	0.0	0.0	0.0	0.0	0.0	0.09090909090909091	0.0	0.0	0.09090909090909091	1
Corynebacterium_diphtheriae	0	0	0.42857142857142855	0.05555555555555555	0	0.15384615384615385	0	0	0	0	0	0	0.75	0	0.2	0	0	0	0	0	0.03282828282828283	0.012626262626262626	0.01515151515151515	0.0025252525252525255	0.005050505050505051	0.005050505050505051	0.0303030303030303	0.0	0.007575757575757575	0.025252525252525252	0.0	0.007575757575757575	0.012626262626262626	0.0025252525252525255	0.005050505050505051	0.007575757575757575	0.007575757575757575	0.007575757575757575	0.025252525252525252	0.01515151515151515	36
Corynebacterium_diphtheriae_NCTC_13129	0	0	0	0	0	0	0	0	0	0	0	0	0	0	0	0	0	0	0	0	0.0	0.05454545454545454	0.0	0.0	0.0	0.0	0.0	0.05454545454545454	0.0	0.0	0.05454545454545454	0.03636363636363636	0.0	0.0	0.03636363636363636	0.0	0.03636363636363636	0.0	0.0	0.03636363636363636	5
Corynebacterium_jeikeium	0	0	0	0	0	0	0	0	0	0	0	0	0	0	0.3333333333333333	0	0	1.0	0	0	0.015151515151515152	0.0	0.0	0.0	0.0	0.0	0.0	0.007575757575757576	0.0	0.0	0.0	0.0	0.0	0.0	0.05303030303030303	0.0	0.015151515151515152	0.022727272727272724	0.0	0.007575757575757576	12
Corynebacterium_jeikeium_K411	0.2222222222222222	0	0	0	0	0	0	0	0.16666666666666666	0	0.1111111111111111	0	0	0	0	0	0	0	0	0	0.021212121212121213	0.00909090909090909	0.006060606060606061	0.01515151515151515	0.021212121212121213	0.00909090909090909	0.012121212121212121	0.0	0.006060606060606061	0.01515151515151515	0.006060606060606061	0.006060606060606061	0.00909090909090909	0.006060606060606061	0.0	0.01515151515151515	0.00909090909090909	0.0030303030303030303	0.00909090909090909	0.0	30
Corynebacterium_kroppenstedtii	0	0	1.0	0	0	0	0	0	0	0	0	0	0	0	0	0	0	0	0	0	0.045454545454545456	0.0	0.045454545454545456	0.0	0.0	0.0	0.0	0.0	0.022727272727272728	0.0	0.0	0.0	0.0	0.0	0.0	0.022727272727272728	0.0	0.0	0.0	0.0	4
Corynebacterium_kroppenstedtii_DSM_44385	0	0	0	0	0.125	0	0	0	0	0	0	0	0	0	0	0	0	0	0	0	0.0	0.01346801346801347	0.0202020202020202	0.0	0.01346801346801347	0.01346801346801347	0.006734006734006735	0.006734006734006735	0.0033670033670033673	0.0033670033670033673	0.006734006734006735	0.0	0.006734006734006735	0.006734006734006735	0.0	0.0	0.0	0.006734006734006735	0.01346801346801347	0.0	27
Corynebacterium_maris	0	0	0	0	0	0	0	0	0	0	0	0	0	0	0	0	0	0	0	0	0	0	0	0	0	0	0	0	0	0	0	0	0	0	0	0	0	0	0	0	0
Corynebacterium_maris_DSM_45190	0.275	0.1875	0.17391304347826086	0.2	0.13953488372093023	0.18461538461538463	0.125	0.17721518987341772	0.15789473684210525	0.058823529411764705	0	0.010869565217391304	0	0.02564102564102564	0	0.014492753623188406	0.024691358024691357	0.056338028169014086	0.01818181818181818	0.014084507042253521	0.01140819964349376	0.01033868092691622	0.009269162210338681	0.012834224598930482	0.006773618538324421	0.008556149732620321	0.007486631016042781	0.0106951871657754	0.008556149732620321	0.004634581105169341	0.006773618538324421	0.00784313725490196	0.00570409982174688	0.008556149732620321	0.008912655971479501	0.009269162210338681	0.00819964349376114	0.009625668449197862	0.00998217468805704	0.01390374331550802	255
Corynebacterium_matruchotii	0	0	0	0	0	0	0	0	0	0.125	0	0	0	0.4	0	0.2	0	0	0.2727272727272727	0	0.01652892561983471	0.012396694214876032	0.0	0.02066115702479339	0.02066115702479339	0.008264462809917356	0.012396694214876032	0.004132231404958678	0.024793388429752063	0.01652892561983471	0.008264462809917356	0.0	0.0	0.01652892561983471	0.012396694214876032	0.004132231404958678	0.0	0.012396694214876032	0.024793388429752063	0.02066115702479339	22
Corynebacterium_minutissimum	0	0	0	0	0.3	0	0	0	0	0	0	0	0	0	0	0	0	0	0	0	0.003246753246753247	0.025974025974025976	0.016233766233766232	0.012987012987012988	0.01948051948051948	0.0	0.022727272727272728	0.012987012987012988	0.003246753246753247	0.0	0.0	0.006493506493506494	0.012987012987012988	0.003246753246753247	0.003246753246753247	0.003246753246753247	0.006493506493506494	0.006493506493506494	0.022727272727272728	0.00974025974025974	28
Corynebacterium_pseudotuberculosis	0	0	0	0	0	0	0	0	0	0	0	0	0	0	0	0	0	0	0	0	0.0	0.0	0.0	0.09090909090909091	0.09090909090909091	0.0	0.0	0.0	0.0	0.0	0.0	0.0	0.0	0.0	0.0	0.0	0.0	0.0	0.0	0.0	4
Corynebacterium_pseudotuberculosis_Cp162	0	0	0	0	0	0	0	0	0	0	0	0	0	0	0	0	0	0	0	0	0.0	0.0	0.030303030303030304	0.0	0.030303030303030304	0.030303030303030304	0.0	0.0	0.0909090909090909	0.0	0.0	0.0	0.0	0.0	0.0	0.0	0.06060606060606061	0.0	0.0	0.0	3
Corynebacterium_renale	0	0	0	0	0.2	0	0	0	0	0	0	0	0	0	0	0	0	0	0	0	0.0	0.00909090909090909	0.00909090909090909	0.02727272727272727	0.00909090909090909	0.00909090909090909	0.0	0.0	0.00909090909090909	0.0	0.00909090909090909	0.0	0.0	0.0	0.0	0.00909090909090909	0.0	0.0	0.02727272727272727	0.00909090909090909	10
Corynebacterium_segmentosum	0	0	0	0	0	0	0	0	0	0	0	0	0	0	0	0	0	0	0	0	0.014354066985645932	0.019138755980861243	0.004784688995215311	0.0	0.0	0.019138755980861243	0.0	0.019138755980861243	0.004784688995215311	0.0	0.03827751196172249	0.014354066985645932	0.019138755980861243	0.004784688995215311	0.009569377990430622	0.0	0.0	0.019138755980861243	0.014354066985645932	0.019138755980861243	19
Corynebacterium_sphenisci	0	0	0	0	0	0	0	0	0	0	0	0	0	0	0	0	0	0	0	0	0	0	0	0	0	0	0	0	0	0	0	0	0	0	0	0	0	0	0	0	0
Corynebacterium_sphenisci_DSM_44792	0.046153846153846156	0.0847457627118644	0.02127659574468085	0.022727272727272728	0	0.034482758620689655	0.017241379310344827	0.019230769230769232	0.03571428571428571	0	0	0.02040816326530612	0.0625	0	0	0	0	0.03773584905660377	0.02	0.03508771929824561	0.012195121951219513	0.01164079822616408	0.010532150776053215	0.00942350332594235	0.009977827050997784	0.007760532150776053	0.00942350332594235	0.00942350332594235	0.007760532150776053	0.00942350332594235	0.007760532150776053	0.00942350332594235	0.010532150776053215	0.004434589800443459	0.006097560975609756	0.011086474501108647	0.01164079822616408	0.014966740576496674	0.012749445676274944	0.007760532150776053	164
Corynebacterium_stationis	0.5	0.08333333333333333	0.13333333333333333	0.06666666666666667	0.2222222222222222	0.07692307692307693	0.16666666666666666	0.1111111111111111	0	0	0	0	0	0.07692307692307693	0	0	0	0	0	0	0.014354066985645932	0.0023923444976076554	0.009569377990430622	0.0023923444976076554	0.011961722488038277	0.007177033492822966	0.007177033492822966	0.004784688995215311	0.0023923444976076554	0.0	0.009569377990430622	0.004784688995215311	0.0023923444976076554	0.004784688995215311	0.0023923444976076554	0.009569377990430622	0.01674641148325359	0.004784688995215311	0.0	0.007177033492822966	38
Corynebacterium_striatum	0	0	0	0	0	0	0	0	0	0	0	0	0	0	0	0	0	0.6666666666666666	0.5	0	0.0	0.022727272727272724	0.0	0.007575757575757576	0.007575757575757576	0.0	0.030303030303030304	0.0	0.0	0.0	0.0	0.0	0.007575757575757576	0.0	0.0	0.0	0.0	0.022727272727272724	0.030303030303030304	0.0	12
Corynebacterium_urealyticum	0	0	0	0	0	0	0	0	0.09090909090909091	0	0.4	0	0	0.25	0	0	0.2222222222222222	0	0.125	0	0.010489510489510488	0.006993006993006993	0.010489510489510488	0.010489510489510488	0.0034965034965034965	0.0034965034965034965	0.0	0.006993006993006993	0.006993006993006993	0.0034965034965034965	0.013986013986013986	0.01748251748251748	0.0034965034965034965	0.01748251748251748	0.006993006993006993	0.01748251748251748	0.013986013986013986	0.006993006993006993	0.006993006993006993	0.006993006993006993	26
Corynebacterium_ureicelerivorans	0.1111111111111111	0	0	0	0	0	0	0	0	0	0	0	0	0	0	0	0	0	0	0.07142857142857142	0.014662756598240468	0.00879765395894428	0.014662756598240468	0.014662756598240468	0.00879765395894428	0.014662756598240468	0.01759530791788856	0.00879765395894428	0.002932551319648094	0.00879765395894428	0.014662756598240468	0.005865102639296188	0.011730205278592375	0.011730205278592375	0.014662756598240468	0.014662756598240468	0.00879765395894428	0.011730205278592375	0.020527859237536656	0.011730205278592375	31
Corynebacterium_xerosis	0	0	0	0	0	0.023809523809523808	0.22727272727272727	0	0	0.045454545454545456	0.04	0	0	0.02631578947368421	0	0.037037037037037035	0	0.03225806451612903	0.05	0	0.00706090026478376	0.00706090026478376	0.009708737864077669	0.0052956751985878195	0.00706090026478376	0.0088261253309797	0.01147396293027361	0.0088261253309797	0.01147396293027361	0.0088261253309797	0.01500441306266549	0.0088261253309797	0.01676963812886143	0.013239187996469549	0.0088261253309797	0.0052956751985878195	0.01235657546337158	0.007943512797881731	0.015887025595763462	0.01235657546337158	103
Cowpox_virus	0	0	0	0	0	0	0	0	0	0	0	0	0	0	0	0	0	0	0	0	0	0	0	0	0	0	0	0	0	0	0	0	0	0	0	0	0	0	0	0	0
Coxiella_burnetii	0	0	0	0	0	0	0	0	0	0	0	0	0	0	0	0	0	0	0	0	0.0	0.0	0.0	0.0034965034965034965	0.006993006993006993	0.0	0.0	0.0	0.0	0.0	0.0017482517482517483	0.0	0.0	0.0034965034965034965	0.0	0.012237762237762238	0.0	0.0034965034965034965	0.0017482517482517483	0.0017482517482517483	52
Coxiella_burnetii_Dugway_5J108-111	0	0	0	0	0	0	0	0	0	0	0	0	0	0	0.1	0	0	0	0	0	0.0101010101010101	0.016835016835016835	0.0101010101010101	0.0101010101010101	0.0101010101010101	0.0101010101010101	0.06060606060606061	0.037037037037037035	0.0101010101010101	0.03367003367003367	0.0	0.0033670033670033673	0.0033670033670033673	0.006734006734006735	0.0033670033670033673	0.0033670033670033673	0.006734006734006735	0.0	0.0	0.0202020202020202	27
Coxiella_burnetii_str._Schperling	0	0	0	0	0	0	0	0	0	0	0	0	0	0	0.25	0	0	0	0	0	0.0	0.0	0.0	0.07272727272727272	0.07272727272727272	0.0	0.0	0.0	0.0	0.0	0.0	0.01818181818181818	0.0	0.0	0.03636363636363636	0.0	0.0	0.01818181818181818	0.0	0.01818181818181818	5
Cryptosporidium	0	0	0	0	0	0	0	0	0	0	0	0	0	0	0	0	0	0	0	0	0	0	0	0	0	0	0	0	0	0	0	0	0	0	0	0	0	0	0	0	0
Cryptosporidium_parvum	0	0	0	0	0	0	0	0	0	0	0	0	0	0	0	0	0	0	0	0	0	0	0	0	0	0	0	0	0	0	0	0	0	0	0	0	0	0	0	0	0
Deltaretrovirus	0	0	0	0	0	0	0	0	0	0	0	0	0	0	0	0	0	0	0	0	0	0	0	0	0	0	0	0	0	0	0	0	0	0	0	0	0	0	0	0	0
Ehrlichia_canis	0	0	0	0	0	0	0	0	0	0	0	0	0	0	0	0	0	0	0	0	0	0	0	0	0	0	0	0	0	0	0	0	0	0	0	0	0	0	0	0	0
Enterococcus_avium	0	0	0	0	0	0	0	0	0	0	0	0	0	0	0	0	0	0	0	0	0	0	0	0	0	0	0	0	0	0	0	0	0	0	0	0	0	0	0	0	0
Enterococcus_casseliflavus	0	0	0	0	0	0	0	0	0	0	0	0	0	0	0	0	0	0	0	0	0	0	0	0	0	0	0	0	0	0	0	0	0	0	0	0	0	0	0	0	0
Enterococcus_casseliflavus_EC20	0	0	0	0	0	0	0	0	0	0	0	0	0	0	0	0	0	0	0	0	0.0	0.0	0.0	0.0	0.0	0.0	0.0	0.0	0.0	0.0	0.0	0.0	0.0	0.0	0.0	0.0	0.0	0.0	0.0	0.0	5
Enterococcus_cecorum	0	0	0	0	0	0	0	0	0	0	0	0	0	0	0	0	0	0	0	0	0.0	0.022727272727272728	0.0	0.0	0.022727272727272728	0.0	0.0	0.022727272727272728	0.0	0.0	0.0	0.0	0.0	0.0	0.0	0.0	0.0	0.0	0.06818181818181818	0.022727272727272728	4
Enterococcus_durans	0	0	0	0	0	1.0	0	0	0	0	0	0	0	0	0	0	0	0	0	0	0.09090909090909091	0.0	0.0	0.0	0.09090909090909091	0.09090909090909091	0.0	0.0	0.0	0.0	0.0	0.0	0.0	0.0	0.0	0.0	0.0	0.0	0.0	0.0	1
Enterococcus_faecalis	0	0	0	0	0	1.0	0	0	0	0	0	0	0	0	0	0	0	0	0	0	0.0	0.0036363636363636364	0.0018181818181818182	0.0	0.0036363636363636364	0.0036363636363636364	0.0	0.005454545454545454	0.0018181818181818182	0.0	0.0	0.005454545454545454	0.025454545454545455	0.0036363636363636364	0.0	0.02727272727272727	0.0	0.0	0.005454545454545454	0.05272727272727273	50
Enterococcus_faecalis_D32	0	0	0	0	0	0	0	0	0	0	0	0	0	0	0	0	0	0	0	0	0.0	0.0	0.0	0.0	0.0	0.0	0.0	0.0	0.0	0.0	0.0	0.0	0.0	0.0	0.0	0.0	0.08879492600422834	0.0	0.0	0.0	43
Enterococcus_faecium	0.6440677966101694	0.28846153846153844	0.1590909090909091	0	0.06451612903225806	0.017543859649122806	0.5961538461538461	0	0.1111111111111111	0.07058823529411765	0	0	0	0	0	0.10204081632653061	0	0	0	0.025	0.0221606648199446	0.0037773860488541926	0.0025182573659027953	0.0012591286829513977	0.0010073029463611182	5.036514731805591E-4	0.0196424074540418	0.0017627801561319566	0.0012591286829513977	0.0017627801561319566	5.036514731805591E-4	0.0	0.0020146058927222365	0.0	7.554772097708386E-4	0.005036514731805591	5.036514731805591E-4	0.002266431629312516	0.004784688995215311	0.007806597834298666	361
Enterococcus_faecium_ATCC_8459_=_NRRL_B-2354	0	0.5040650406504065	0	0.234375	0	0	1.0	1.0	0	0	0	0	0	0	0	0	0	0	0	0	0.0	0.029967262654243265	0.014354066985645933	0.0037773860488541926	0.0	0.0	0.0037773860488541926	0.0037773860488541926	0.0	0.0	0.0	0.0	0.0	0.0	0.0	0.014102241249055653	0.0	0.0	0.015361369932007053	0.013346764039284816	361
Enterococcus_faecium_Com15	0.9534883720930233	0	0	0.8333333333333334	0	0	0.5	0	0	1.0	0	0	0	0	0	0	0	0	0	0	0.038425492033739454	0.0	0.0	0.07497656982193064	0.0	0.0	0.004686035613870665	0.0	0.0	0.004686035613870665	0.0	0.0	0.004686035613870665	0.0	0.0	0.0	0.004686035613870665	0.0	0.004686035613870665	0.0	97
Enterococcus_hirae	0	0	0	0	0	0.5	0	0	0	0	0	0	0	0	0	0	0	0	0	0	0.0	0.0	0.0	0.0	0.0	0.030303030303030304	0.0	0.0	0.0	0.0	0.0	0.0	0.0	0.0	0.0	0.0	0.030303030303030304	0.0	0.030303030303030304	0.0	3
Enterococcus_mundtii	1.0	0	1.0	0.3333333333333333	0	0	0	0	0	0	0	0	0	0	0	0	0	0	0	0	0.010101010101010102	0.0	0.010101010101010102	0.0303030303030303	0.01515151515151515	0.0	0.005050505050505051	0.0	0.01515151515151515	0.025252525252525252	0.010101010101010102	0.01515151515151515	0.0	0.0	0.0	0.0	0.005050505050505051	0.01515151515151515	0.010101010101010102	0.0	18
Enterovirus_B	0	0	0	0	0	0	0	0	0	0	0	0	0	0	0	0	0	0	0	0	0	0	0	0	0	0	0	0	0	0	0	0	0	0	0	0	0	0	0	0	0
Epizootic_hemorrhagic_disease_virus_(serotype_1_/_strain_New_Jersey)	0	0	0	0	0	0	0	0	0	0	0	0	0	0	0	0	0	0	0	0	0	0	0	0	0	0	0	0	0	0	0	0	0	0	0	0	0	0	0	0	0
Equine_rhinitis_A_virus	0	0	0	0	0	0	0	0	0	0	0	0	0	0	0	0	0	0	0	0	0	0	0	0	0	0	0	0	0	0	0	0	0	0	0	0	0	0	0	0	0
Erysipelothrix_rhusiopathiae	0	0	0	0	0	0	0	0	0	0	0	0	0	0	0	0	0	0	0	0	0.0	0.0	0.0	0.0	0.09090909090909091	0.09090909090909091	0.0	0.0	0.0	0.0	0.0	0.0	0.0	0.0	0.0	0.0	0.0	0.0	0.0	0.0	1
Erythroparvovirus	0	0	0	0	0	0	0	0	0	0	0	0	0	0	0	0	0	0	0	0	0	0	0	0	0	0	0	0	0	0	0	0	0	0	0	0	0	0	0	0	0
Escherichia_coli	0.08333333333333333	0.6521739130434783	0.07407407407407407	0.07692307692307693	0.2549019607843137	0.125	0.12121212121212122	0.041666666666666664	0	0	0.17333333333333334	0	0.09615384615384616	0.02702702702702703	0.0196078431372549	0	0.07407407407407407	0.0425531914893617	0.023255813953488372	0.08695652173913043	0.006893580353295993	0.03188280913399397	0.01938819474364498	0.01120206807410599	0.04308487720809996	0.006031882809133994	0.007324429125376992	0.012925463162429986	0.025420077552778975	0.007755277897457993	0.007755277897457993	0.005601034037052995	0.009047824213700992	0.00990952175786299	0.007324429125376992	0.02929771650150797	0.012494614390348987	0.014218009478672985	0.012063765618267988	0.012063765618267988	211
Escherichia_coli_O111	0	0	0	0	0	0	0	0	0	0	0	0	0	0	0	0	0	0	0	0	0	0	0	0	0	0	0	0	0	0	0	0	0	0	0	0	0	0	0	0	0
Escherichia_coli_O157:H7	0	0	0	0	0	0	0	0	0	0	0	0	0	0	0	0	0	0	0	0	0	0	0	0	0	0	0	0	0	0	0	0	0	0	0	0	0	0	0	0	0
Escherichia_coli_O26	0	0	0	0	0	0	0	0	0	0	0	0	0	0	0	0	0	0	0	0	0	0	0	0	0	0	0	0	0	0	0	0	0	0	0	0	0	0	0	0	0
Escherichia_coli_O45:H2	0	1.0	0	0	0	0	0	0	0	0	0	0	0	1.0	0	0	0	0	0	0	0.0	0.09090909090909091	0.0	0.0	0.0	0.0	0.0	0.0	0.0	0.0	0.0	0.022727272727272728	0.0	0.022727272727272728	0.0	0.06818181818181818	0.0	0.0	0.0	0.0	4
Escherichia_coli_O55:H7	0	0	0	0	0	0	0	0	0	0	0	0	0	0	0	0	0	0	0	0	0.0	0.0	0.0	0.0	0.0	0.0	0.0	0.0	0.0	0.09090909090909091	0.045454545454545456	0.0	0.0	0.0	0.0	0.0	0.0	0.045454545454545456	0.0	0.045454545454545456	2
Escherichia_coli_TW11681	0	0	0	0	0	0	0	0	0	0	0	0	0	0	0	0	0	0	0	0	0.0	0.0	0.0	0.0	0.0	0.0	0.0	0.0	0.0	0.0	0.0	0.0	0.0	0.0	0.0	0.0	0.0	0.0	0.0	0.0	1
Francisella_tularensis	0	0	0	0	0	0	0	0	0	0	0	0	0	0	0	0	0	0	0	0	0.0	0.0	0.0	0.0	0.09090909090909091	0.0	0.0	0.0	0.0	0.09090909090909091	0.0	0.0	0.0	0.0	0.0	0.0	0.0	0.08181818181818182	0.0	0.0	10
Francisella_tularensis_subsp._novicida	0	0	0	0	0	0	0	0	0	0	0	0	0	0	0	0	0	0	0	0	0.0	0.0	0.09090909090909091	0.0	0.0	0.09090909090909091	0.0	0.0	0.0	0.09090909090909091	0.0	0.09090909090909091	0.0	0.0	0.0	0.0	0.0	0.09090909090909091	0.0	0.0	1
Fusobacterium	0	0	0	0	0	0	0	0	0	0	0	0	0	0	0	0	0	0	0	0	0.0	0.0	0.0	0.0	0.025974025974025976	0.0	0.0	0.0	0.0	0.0	0.05194805194805195	0.0	0.0	0.0	0.0	0.0	0.0	0.0	0.0	0.0	7
Fusobacterium_mortiferum_ATCC_9817	0	0	0	0	0	0	0	0	0	0	0	0	0	0	0	0	0	0	0	0	0.0	0.09090909090909091	0.0	0.09090909090909091	0.0	0.0	0.0	0.0	0.0	0.0	0.045454545454545456	0.0	0.0	0.0	0.0	0.0	0.0	0.0	0.0	0.0	2
Fusobacterium_nucleatum	0	0	0	0	0	0	0	0	0	0	0	0	0	0	0	0	0	0	0	0	0	0	0	0	0	0	0	0	0	0	0	0	0	0	0	0	0	0	0	0	0
Fusobacterium_nucleatum_subsp._nucleatum_ATCC_23726	0	0	0	0	0	0	0	0	0	0	0	0	0	0	0	0	0	0	0	0	0.0	0.0	0.0	0.0	0.0	0.0	0.0	0.0	0.0	0.0	0.0	0.0	0.0	0.0	0.0	0.0	0.0	0.0	0.0	0.0	2
Fusobacterium_pseudoperiodonticum	0	0	0	0	0	0	0	0	0	0	0	0	0	0	0	0	0	0	0	0	0.09090909090909091	0.0	0.0	0.0	0.0	0.0	0.0	0.0	0.0	0.0	0.0	0.0	0.0	0.0	0.0	0.0	0.0	0.0	0.0	0.0	1
Goatpox_virus	0	0	0	0	0	0	0	0	0	0	0	0	0	0	0	0	0	0	0	0	0	0	0	0	0	0	0	0	0	0	0	0	0	0	0	0	0	0	0	0	0
Haemophilus_influenzae	0	0	0	0	0	0	0	0	0	1.0	0	0	0	0	0	0	0	0	0	0	0.0	0.0	0.0	0.0	0.03636363636363636	0.0	0.0	0.01818181818181818	0.03636363636363636	0.07272727272727272	0.03636363636363636	0.03636363636363636	0.0	0.0	0.0	0.0	0.0	0.0	0.0	0.0	5
Helicobacter_cinaedi	0	0	0	0	0	0	0	1.0	0	0	0	0	0	0	0	0	0	0	0	0	0.0	0.0	0.0	0.0	0.0	0.0	0.0	0.0909090909090909	0.0	0.0	0.06060606060606061	0.0	0.0	0.0	0.06060606060606061	0.0	0.0	0.0	0.0	0.0	3
Helicobacter_pylori	0.5	0	0	0	0	0	0	0	0	0	0	0	0	0	0	0	0	0	0	0	0.0014204545454545455	0.02954545454545455	0.02869318181818182	8.522727272727272E-4	5.681818181818182E-4	0.0	0.05681818181818182	0.02954545454545455	2.840909090909091E-4	0.02869318181818182	0.0	0.0011363636363636363	0.02897727272727273	0.0	0.02897727272727273	0.02954545454545455	0.0014204545454545455	2.840909090909091E-4	8.522727272727272E-4	0.0014204545454545455	320
Helicobacter_pylori_BM012A	0	0	0	0	0	0	0	0	0	0	0	0	0	0	0	0	0	0	0	0	0.0	0.0	0.0	0.09090909090909091	0.0	0.0	0.0	0.0	0.0	0.0	0.0	0.0	0.0	0.0	0.0	0.09090909090909091	0.0	0.0	0.0	0.0	1
Helicobacter_pylori_ELS37	0	0	0	0	0	0	0	0	0	0	0	0	0	0	0	0	0	0	0	0	0.09090909090909091	0.0	0.0	0.09090909090909091	0.0	0.0	0.09090909090909091	0.0	0.0	0.0	0.0	0.0	0.0	0.045454545454545456	0.0	0.0	0.0	0.0	0.0	0.0	2
Helicobacter_pylori_Shi112	0	0	0	0	0	0	0	0.6	0	0.3333333333333333	0	0.2	0	0.5025125628140703	0	0	0	0	0	0	0.0	0.0	0.0	0.0	0.0	0.0	0.0	0.04040404040404041	0.0	0.020202020202020204	0.0	0.010101010101010102	0.020202020202020204	0.010101010101010102	0.0201010101010101	0.030303030303030304	0.0	0.0	0.020202020202020204	0.01	900
Hepatitis_B_virus	0	0	0	0	0	0	0	0	0	0	0	0	0	0	0	0	0	0	0	0	0	0	0	0	0	0	0	0	0	0	0	0	0	0	0	0	0	0	0	0	0
Hepatitis_E_virus	0	0	0	0	0	0	0	0	0	0	0	0	0	0	0	0	0	0	0	0	0	0	0	0	0	0	0	0	0	0	0	0	0	0	0	0	0	0	0	0	0
Hepatitis_delta_virus	0	0	0	0	0	0	0	0	0	0	0	0	0	0	0	0	0	0	0	0	0	0	0	0	0	0	0	0	0	0	0	0	0	0	0	0	0	0	0	0	0
Human_adenovirus_1	0	0	0	0	0	0	0	0	0	0	0	0	0	0	0	0	0	0	0	0	0	0	0	0	0	0	0	0	0	0	0	0	0	0	0	0	0	0	0	0	0
Human_adenovirus_2	0	0	0	0	0	0	0	0	0	0	0	0	0	0	0	0	0	0	0	0	0	0	0	0	0	0	0	0	0	0	0	0	0	0	0	0	0	0	0	0	0
Human_adenovirus_35	0	0	0	0	0	0	0	0	0	0	0	0	0	0	0	0	0	0	0	0	0	0	0	0	0	0	0	0	0	0	0	0	0	0	0	0	0	0	0	0	0
Human_adenovirus_5	0	0	0	0	0	0	0	0	0	0	0	0	0	0	0	0	0	0	0	0	0	0	0	0	0	0	0	0	0	0	0	0	0	0	0	0	0	0	0	0	0
Human_adenovirus_54	0	0	0	0	0	0	0	0	0	0	0	0	0	0	0	0	0	0	0	0	0	0	0	0	0	0	0	0	0	0	0	0	0	0	0	0	0	0	0	0	0
Human_adenovirus_7	0	0	0	0	0	0	0	0	0	0	0	0	0	0	0	0	0	0	0	0	0	0	0	0	0	0	0	0	0	0	0	0	0	0	0	0	0	0	0	0	0
Human_alphaherpesvirus_1	0	0	0	0	0	0	0	0	0	0	0	0	0	0	0	0	0	0	0	0	0	0	0	0	0	0	0	0	0	0	0	0	0	0	0	0	0	0	0	0	0
Human_alphaherpesvirus_2	0	0	0	0	0	0	0	0	0	0	0	0	0	0	0	0	0	0	0	0	0	0	0	0	0	0	0	0	0	0	0	0	0	0	0	0	0	0	0	0	0
Human_alphaherpesvirus_3	0	0	0	0	0	0	0	0	0	0	0	0	0	0	0	0	0	0	0	0	0	0	0	0	0	0	0	0	0	0	0	0	0	0	0	0	0	0	0	0	0
Human_gammaherpesvirus_4	0	0	0	0	0	0	0	0	0	0	0	0	0	0	0	0	0	0	0	0	0	0	0	0	0	0	0	0	0	0	0	0	0	0	0	0	0	0	0	0	0
Human_herpesvirus_4_type_2	0	0	0	0	0	0	0	0	0	0	0	0	0	0	0	0	0	0	0	0	0	0	0	0	0	0	0	0	0	0	0	0	0	0	0	0	0	0	0	0	0
Human_mastadenovirus_C	0	0	0	0	0	0	0	0	0	0	0	0	0	0	0	0	0	0	0	0	0	0	0	0	0	0	0	0	0	0	0	0	0	0	0	0	0	0	0	0	0
JC_polyomavirus	0	0	0	0	0	0	0	0	0	0	0	0	0	0	0	0	0	0	0	0	0	0	0	0	0	0	0	0	0	0	0	0	0	0	0	0	0	0	0	0	0
Klebsiella_aerogenes	0.23529411764705882	0	0	0	0	0	0.14285714285714285	0.14285714285714285	0	0.16666666666666666	0	0	0	0	0	0	0	0	0.0625	0.5	0.022113022113022116	0.022113022113022116	0.004914004914004914	0.009828009828009828	0.002457002457002457	0.004914004914004914	0.009828009828009828	0.019656019656019656	0.002457002457002457	0.004914004914004914	0.019656019656019656	0.0171990171990172	0.004914004914004914	0.009828009828009828	0.019656019656019656	0.02457002457002457	0.01474201474201474	0.01474201474201474	0.01474201474201474	0.0171990171990172	37
Klebsiella_michiganensis	0	0.23529411764705882	0.15	0	0.6923076923076923	0.6428571428571429	0.25	0	0.0967741935483871	0	0	0	0	0	0	0	0	0	0	0	0.009569377990430622	0.006379585326953748	0.006379585326953748	0.006379585326953748	0.014354066985645933	0.03987240829346093	0.012759170653907496	0.0	0.004784688995215311	0.0	0.001594896331738437	0.006379585326953748	0.012759170653907496	0.02073365231259968	0.004784688995215311	0.012759170653907496	0.019138755980861243	0.012759170653907496	0.007974481658692184	0.011164274322169059	57
Klebsiella_michiganensis_HKOPL1	0	0	0	0	0.45454545454545453	0	0	0.06666666666666667	0	0	0	0	0	0	0	0	0	0	0	0	0.0	0.0	0.0	0.0	0.04132231404958677	0.0	0.0	0.0027548209366391185	0.008264462809917356	0.0	0.0	0.0	0.0	0.008264462809917356	0.008264462809917356	0.05234159779614325	0.04132231404958677	0.008264462809917356	0.0	0.04132231404958677	33
Klebsiella_michiganensis_KCTC_1686	0	0	0	0	0	0	0	0	0	0	0	0	0	0	0	0	0	0	0	0	0.09090909090909091	0.0	0.0	0.0	0.0	0.0	0.0	0.0	0.0	0.09090909090909091	0.0	0.0	0.0	0.0	0.0	0.0	0.0	0.0	0.0	0.0	7
Klebsiella_oxytoca	0.09090909090909091	0	0	0	0	0	0	0	0	0	0.2	0.041666666666666664	0	0	0	0	0	0	0	0	0.01818181818181818	0.004545454545454545	0.0393939393939394	0.006060606060606061	0.00909090909090909	0.0030303030303030303	0.027272727272727275	0.0196969696969697	0.00909090909090909	0.0030303030303030303	0.04393939393939394	0.024242424242424242	0.0196969696969697	0.012121212121212121	0.0015151515151515152	0.03787878787878788	0.03181818181818182	0.013636363636363637	0.01515151515151515	0.012121212121212121	60
Klebsiella_pneumoniae	0.4444444444444444	0.03048780487804878	0	0	0	0	0	0.003048780487804878	0.7	0	0	0	0	0	0	0.010309278350515464	0	0	0	0.16666666666666666	0.018328445747800588	0.0031158357771260995	0.0018328445747800585	7.331378299120235E-4	5.498533724340175E-4	0.03995601173020528	3.6656891495601173E-4	5.498533724340175E-4	0.024560117302052785	0.001466275659824047	0.001282991202346041	0.019244868035190616	0.03793988269794721	9.164222873900293E-4	0.0023826979472140763	0.020344574780058654	0.0027492668621700877	0.057551319648093846	0.019244868035190616	0.0018328445747800585	496
Klebsiella_pneumoniae_subsp._pneumoniae	0.3680555555555556	0.18877551020408162	0	0.1870967741935484	0.2554112554112554	0	0.36024844720496896	0.21722846441947566	0.15384615384615385	0	0	0.12937062937062938	0	0	0	0	0	0	0	0	0.013865271419228255	0.005232177894048397	0.02576847612818836	0.007586657946370176	0.007979071288423806	0.012949640287769784	0.020536298234139962	0.007586657946370176	0.02223675604970569	0.006278613472858077	0.0	0.004839764551994768	0.004970568999345978	0.0014388489208633094	3.924133420536298E-4	0.02432962720732505	0.02432962720732505	0.027992151733158926	2.616088947024199E-4	0.009156311314584695	695
Klebsiella_pneumoniae_subsp._rhinoscleromatis	0	0	0	0	0	0	0	0	0	0	0	0	0	0	0	0	0	0	0	0	0	0	0	0	0	0	0	0	0	0	0	0	0	0	0	0	0	0	0	0	0
Klebsiella_pneumoniae_subsp._rhinoscleromatis_SB3432	0	0	0	0	0	0	0	0	0	0	0	0	0	0	0	0	0	0.5	0	0	0.0	0.0	0.0	0.0	0.0	0.0	0.0	0.0	0.0	0.0	0.045454545454545456	0.0	0.0	0.0	0.0	0.0	0.0	0.045454545454545456	0.0	0.0	2
Legionella_anisa	0	0	0	0	0	0	0	0	0	0	0	0	0	0	0	0	0	0	0	0	0	0	0	0	0	0	0	0	0	0	0	0	0	0	0	0	0	0	0	0	0
Legionella_lansingensis	0	0	0	0	0	0	0	0	0	0	0	0	0	0	0	0	0	0	0	0	0	0	0	0	0	0	0	0	0	0	0	0	0	0	0	0	0	0	0	0	0
Legionella_pneumophila	0	0	0	0	1.0	0	0	0	0	0	0	0	0	0	0	0	0	0	0	0	0.0	0.06818181818181818	0.0	0.0	0.06818181818181818	0.0	0.0	0.06818181818181818	0.0	0.0	0.0	0.022727272727272728	0.0	0.0	0.022727272727272728	0.0	0.022727272727272728	0.0	0.022727272727272728	0.022727272727272728	4
Legionella_pneumophila_subsp._pascullei	1.0	0	0	0	0	0	0	0	0	0	0	0	0	0	0	0	0	0	0	0	0.09090909090909091	0.0	0.09090909090909091	0.0	0.0	0.0	0.0	0.0	0.0	0.0	0.0	0.045454545454545456	0.0	0.0	0.0	0.0	0.0	0.0	0.0	0.0	2
Legionella_pneumophila_subsp._pneumophila	0	0	0	0	0	0	0	0	0	0	0	0	0	0	0.9	0	0	0	0	0	0.0	0.0	0.0	0.0	0.0	0.0	0.0	0.0	0.0	0.0	0.0	0.01818181818181818	0.0	0.0	0.08181818181818182	0.0	0.0	0.0	0.0	0.0	10
Leptospira_alexanderi	0	0	0	0	0	0	0	0	0	0	0	0	0	0	0	0	0	0	0	0	0	0	0	0	0	0	0	0	0	0	0	0	0	0	0	0	0	0	0	0	0
Leptospira_alstonii	0	0	0	0	0	0	0	0	0	0	0	0	0	0	0	0	0	0	0	0	0	0	0	0	0	0	0	0	0	0	0	0	0	0	0	0	0	0	0	0	0
Leptospira_biflexa	0	0	0	0	0	0	0	0	0	0	0	0	0	0	0	0	0	0	0	0	0	0	0	0	0	0	0	0	0	0	0	0	0	0	0	0	0	0	0	0	0
Leptospira_borgpetersenii	0	0	0	0	0	0	0	0	0	0	0	0	0	0	0	0	0	0	0	0	0.0	0.0	0.0	0.0	0.0	0.0	0.09090909090909091	0.0	0.0	0.09090909090909091	0.0	0.0	0.0	0.09090909090909091	0.0	0.0	0.0	0.0	0.0	0.0	1
Leptospira_borgpetersenii_serovar_Ceylonica	0	0	0	0	0	0.3	0	0	0	0	0	0	0	0	0.391304347826087	0	0	0	0	0	0.0	0.005928853754940711	0.023715415019762844	0.011857707509881422	0.005928853754940711	0.011857707509881422	0.01383399209486166	0.005928853754940711	0.021739130434782608	0.019762845849802372	0.03359683794466403	0.0	0.017786561264822136	0.007905138339920948	0.017786561264822136	0.017786561264822136	0.0	0.001976284584980237	0.005928853754940711	0.005928853754940711	46
Leptospira_broomii	0	0	0	0	0	0	0	0	0	0	0	0	0	0	0	0	0	0	0	0	0	0	0	0	0	0	0	0	0	0	0	0	0	0	0	0	0	0	0	0	0
Leptospira_fainei	0	0	0	0	0	0	0	0	0	0	0	0	0	0	0	0	0	0	0	0	0	0	0	0	0	0	0	0	0	0	0	0	0	0	0	0	0	0	0	0	0
Leptospira_inadai	0	0	0	0	0	0	0	0	0	0	0	0	0	0	0	0	0	0	0	0	0	0	0	0	0	0	0	0	0	0	0	0	0	0	0	0	0	0	0	0	0
Leptospira_interrogans	0	0	0	0	0	0	0	0	0	0	0	0	0	0	0	0	0	0	0	0	0.0	0.0	0.0	0.0	0.045454545454545456	0.045454545454545456	0.045454545454545456	0.0	0.0	0.0	0.0	0.0	0.0	0.0	0.0	0.0	0.0	0.0	0.0	0.0	14
Leptospira_kirschneri	0	0	0	0	0	0	0	0	0	0	0	0	0	0	0	0	0	0	0	0	0	0	0	0	0	0	0	0	0	0	0	0	0	0	0	0	0	0	0	0	0
Leptospira_kmetyi	0	0	0	0	0	0	0	0	0	0	0	0	0	0	0	0	0	0	0	0	0.0	0.0	0.045454545454545456	0.0	0.0	0.0	0.0	0.045454545454545456	0.045454545454545456	0.045454545454545456	0.045454545454545456	0.0	0.0	0.045454545454545456	0.0	0.0	0.045454545454545456	0.022727272727272728	0.0	0.045454545454545456	4
Leptospira_licerasiae	0	0	0	0	0	0	0	0	0	0	0	0	0	0	0	0	0	0	0	0	0	0	0	0	0	0	0	0	0	0	0	0	0	0	0	0	0	0	0	0	0
Leptospira_noguchii	0	0	0	0	0	0	0	0	0	0	0	0	0	0	0	0	0	0	0	0	0.0	0.0	0.0	0.0	0.0	0.0	0.0	0.045454545454545456	0.0	0.0	0.0	0.0	0.045454545454545456	0.045454545454545456	0.0	0.0	0.0	0.0	0.045454545454545456	0.0	2
Leptospira_santarosai	0	0	0	0	0	0	0	0	0	0	0	0	0	0	0	0	0	0	0	0	0	0	0	0	0	0	0	0	0	0	0	0	0	0	0	0	0	0	0	0	0
Leptospira_weilii	0	0	1.0	0	0	0	0	0	0	0	0	0	0	0	0	0	0	0	0	0	0.03557312252964427	0.0	0.03557312252964427	0.0	0.011857707509881422	0.011857707509881422	0.011857707509881422	0.0	0.0	0.011857707509881422	0.0	0.0	0.011857707509881422	0.007905138339920948	0.0	0.03557312252964427	0.007905138339920948	0.0	0.007905138339920948	0.011857707509881422	23
Leptospira_wolffii	0	0	0	0	0	0	0	0	0	0	0	0	0	0	0	0	0	0	0	0	0	0	0	0	0	0	0	0	0	0	0	0	0	0	0	0	0	0	0	0	0
Listeria_monocytogenes	1.0	0	0	1.0	0	0	0	0	0	0	0	0	0	0	0	0	0	0	0	0	0.04545454545454545	0.04545454545454545	0.0	0.04545454545454545	0.0	0.0	0.007575757575757576	0.0	0.0	0.030303030303030304	0.0	0.04545454545454545	0.0	0.0	0.022727272727272724	0.0	0.0	0.022727272727272724	0.0	0.0	12
Listeria_monocytogenes_FSL_J1-208	0	0	0	0	0	0	0	0	0	0	0	0	0	0	0	0	0	0	0	0	0.0	0.0	0.09090909090909091	0.0	0.0	0.09090909090909091	0.0	0.0	0.0	0.0	0.0	0.0	0.0	0.0	0.0	0.0	0.0	0.09090909090909091	0.0	0.0	1
Lumpy_skin_disease_virus	0	0	0	0	0	0	0	0	0	0	0	0	0	0	0	0	0	0	0	0	0	0	0	0	0	0	0	0	0	0	0	0	0	0	0	0	0	0	0	0	0
Lymphocryptovirus	0	0	0	0	0	0	0	0	0	0	0	0	0	0	0	0	0	0	0	0	0	0	0	0	0	0	0	0	0	0	0	0	0	0	0	0	0	0	0	0	0
Mannheimia_haemolytica	1.0	0	0	0	0	0	0	0	0	0	0	0	0	0	0	0	0	0	0	0	0.05692438402718777	8.496176720475786E-4	0.0	0.0	0.0	0.0025488530161427354	0.0	0.0025488530161427354	0.0025488530161427354	8.496176720475786E-4	0.0	8.496176720475786E-4	8.496176720475786E-4	0.0	0.0	0.0	0.0	0.0	0.08071367884451996	0.0	107
Mannheimia_haemolytica_USDA-ARS-USMARC-183	0	0	0	0	0	0	0	0	0	0	0	0	0	0	0	0	0	0	0	0	0.0	0.0	0.0	0.0	0.0	0.0	0.0	0.0	0.0	0.09090909090909091	0.0	0.0	0.0	0.0	0.0	0.0	0.0	0.0	0.0	0.0	5
Measles_morbillivirus	0	0	0	0	0	0	0	0	0	0	0	0	0	0	0	0	0	0	0	0	0	0	0	0	0	0	0	0	0	0	0	0	0	0	0	0	0	0	0	0	0
Methanobrevibacter_oralis	0	0	0	0	0	0	0	0	0	0	0	0	0	0	0	0	0	0	0	0	0	0	0	0	0	0	0	0	0	0	0	0	0	0	0	0	0	0	0	0	0
Moraxella_catarrhalis	0	0	0	0	0	0	0	1.0	0	0	0	0	0	0	0	0	0	0	0	0	0.0	0.0	0.0	0.0	0.0	0.0	0.0	0.09090909090909091	0.0	0.0	0.0	0.0	0.0	0.0	0.0	0.0	0.09090909090909091	0.0	0.0	0.09090909090909091	1
Morbillivirus	0	0	0	0	0	0	0	0	0	0	0	0	0	0	0	0	0	0	0	0	0	0	0	0	0	0	0	0	0	0	0	0	0	0	0	0	0	0	0	0	0
Mycobacterium_avium	0.04935622317596566	0.05523809523809524	0.05793991416309013	0.027707808564231738	0.01744186046511628	0.03368421052631579	0.020050125313283207	0.012320328542094456	0.019927536231884056	0.04113110539845758	0.039923954372623575	0.009828009828009828	0.005208333333333333	0.042	0.046460176991150445	0.029585798816568046	0.01950354609929078	0.011965811965811967	0	0.016706443914081145	0.017400075652502837	0.013491363005926111	0.009015256588072122	0.011600050435001891	0.0076913377884251675	0.011032656663724624	0.010465262892447359	0.011600050435001891	0.009960912873534233	0.0071869877695120415	0.009897869121170093	0.008321775312066574	0.00699785651241962	0.009645694111713529	0.008700037826251419	0.012923969234648846	0.008132644054974152	0.006745681502963056	0.012734837977556424	0.011852225444458454	1442
Mycobacterium_avium_subsp._avium	0	0.16216216216216217	0.029411764705882353	0	0.09523809523809523	0	0.3333333333333333	0	0	0.10810810810810811	0.17073170731707318	0	0	0	0.2857142857142857	0.24242424242424243	0	0	0.17647058823529413	0	0.007575757575757575	0.010101010101010102	0.010101010101010102	0.005050505050505051	0.012626262626262626	0.008838383838383838	0.01515151515151515	0.0012626262626262627	0.006313131313131313	0.006313131313131313	0.01515151515151515	0.0012626262626262627	0.006313131313131313	0.0037878787878787876	0.011363636363636364	0.022727272727272728	0.005050505050505051	0.011363636363636364	0.007575757575757575	0.013888888888888888	72
Mycobacterium_avium_subsp._hominissuis	0	0.017543859649122806	0	0	0.06779661016949153	0.2127659574468085	0	0	0.07017543859649122	0.09803921568627451	0.05172413793103448	0	0.07692307692307693	0.09302325581395349	0.06976744186046512	0	0	0.22448979591836735	0.12	0.07142857142857142	0.011507479861910242	0.012658227848101266	0.01380897583429229	0.014959723820483314	0.01380897583429229	0.013233601841196778	0.005178365937859609	0.005178365937859609	0.009205983889528193	0.006329113924050633	0.01093210586881473	0.00805523590333717	0.009205983889528193	0.019562715765247412	0.01380897583429229	0.004027617951668585	0.00863060989643268	0.01668584579976985	0.010356731875719219	0.005753739930955121	158
Mycobacterium_avium_subsp._paratuberculosis	0	0	0	0	0	0	0	0	0	0	0.2	0	0	0	0	0	0	0	0	0	0.015151515151515152	0.022727272727272724	0.026515151515151516	0.015151515151515152	0.0	0.003787878787878788	0.011363636363636362	0.015151515151515152	0.007575757575757576	0.01893939393939394	0.015151515151515152	0.026515151515151516	0.015151515151515152	0.007575757575757576	0.007575757575757576	0.011363636363636362	0.01893939393939394	0.022727272727272724	0.0	0.0	24
Mycobacterium_canettii	0	0	0	0	0	0	0	0	0.5	0	0	0	0	0	0.25	0.2857142857142857	0	0	0	0	0.004784688995215311	0.004784688995215311	0.009569377990430622	0.004784688995215311	0.0	0.0	0.009569377990430622	0.009569377990430622	0.014354066985645932	0.004784688995215311	0.004784688995215311	0.009569377990430622	0.009569377990430622	0.014354066985645932	0.023923444976076555	0.023923444976076555	0.004784688995215311	0.004784688995215311	0.014354066985645932	0.023923444976076555	19
Mycobacterium_colombiense	0	0	0	0	0	0	0	0	0	0	0	0	0	0	0	0	0	0	0	0	0	0	0	0	0	0	0	0	0	0	0	0	0	0	0	0	0	0	0	0	0
Mycobacterium_colombiense_CECT_3035	0	0	0.07407407407407407	0	0.03125	0	0	0.17647058823529413	0	0	0	0.07692307692307693	0	0	0.05	0	0	0.037037037037037035	0	0	0.011235955056179775	0.015321756894790602	0.014300306435137895	0.011235955056179775	0.011235955056179775	0.014300306435137895	0.012257405515832482	0.015321756894790602	0.006128702757916241	0.0071501532175689475	0.0071501532175689475	0.011235955056179775	0.006128702757916241	0.009193054136874362	0.01634320735444331	0.0030643513789581204	0.0071501532175689475	0.011235955056179775	0.010214504596527068	0.010214504596527068	89
Mycobacterium_intracellulare	0.19444444444444445	0	0	0.05128205128205128	0	0	0	0.09523809523809523	0.027777777777777776	0.06666666666666667	0.12121212121212122	0.14814814814814814	0	0.06818181818181818	0	0.05263157894736842	0.03571428571428571	0.06060606060606061	0.02631578947368421	0.043478260869565216	0.015909090909090907	0.010227272727272727	0.00909090909090909	0.010795454545454546	0.01534090909090909	0.008522727272727272	0.007954545454545454	0.013068181818181817	0.011931818181818182	0.017613636363636366	0.014204545454545456	0.010795454545454546	0.008522727272727272	0.015909090909090907	0.0125	0.019886363636363636	0.021022727272727273	0.011363636363636364	0.01534090909090909	0.011931818181818182	160
Mycobacterium_intracellulare_subsp._yongonense	0	0.045454545454545456	0.04	0	0	0	0.2857142857142857	0	0	0.20833333333333334	0	0	0.16666666666666666	0	0.021739130434782608	0.15	0	0	0	0.03571428571428571	0.005285412262156448	0.008456659619450317	0.005285412262156448	0.010570824524312896	0.013742071881606767	0.016913319238900635	0.008456659619450317	0.004228329809725159	0.0010570824524312897	0.009513742071881607	0.011627906976744186	0.023255813953488372	0.014799154334038054	0.008456659619450317	0.003171247357293869	0.007399577167019027	0.010570824524312896	0.008456659619450317	0.007399577167019027	0.021141649048625793	86
Mycobacterium_kansasii	0.07352941176470588	0.014492753623188406	0.08064516129032258	0	0.041666666666666664	0.013513513513513514	0	0	0	0.20689655172413793	0.07272727272727272	0.014285714285714285	0	0	0.031746031746031744	0.22	0.0125	0	0.015873015873015872	0	0.011363636363636364	0.013181818181818182	0.011818181818181818	0.016363636363636365	0.01681818181818182	0.012727272727272728	0.009545454545454546	0.004545454545454545	0.008181818181818182	0.010454545454545454	0.013636363636363636	0.004545454545454545	0.010909090909090908	0.01	0.01	0.011363636363636364	0.008181818181818182	0.016363636363636365	0.012272727272727274	0.008636363636363636	200
Mycobacterium_leprae	0	0	0	0	0	0	0	0	0	0	0	0	0	0	0	0	0	0	0	0	0	0	0	0	0	0	0	0	0	0	0	0	0	0	0	0	0	0	0	0	0
Mycobacterium_leprae_Kyoto-2	0	0	0	0	0	0.14285714285714285	0	0	0	0	0	0.5	0	0	0	0	0	0	0	0	0.0	0.022727272727272728	0.0	0.022727272727272728	0.0	0.011363636363636364	0.011363636363636364	0.011363636363636364	0.0	0.022727272727272728	0.011363636363636364	0.011363636363636364	0.011363636363636364	0.0	0.0	0.0	0.0	0.0	0.0	0.011363636363636364	8
Mycobacterium_marseillense	0	0	0	0.08333333333333333	0.25	0	0	0	0	0	0.125	0.06666666666666667	0	0	0	0.08333333333333333	0.16666666666666666	0	0	0	0.004329004329004329	0.012987012987012986	0.012987012987012986	0.015151515151515152	0.006493506493506493	0.0021645021645021645	0.004329004329004329	0.010822510822510822	0.008658008658008658	0.0021645021645021645	0.010822510822510822	0.004329004329004329	0.010822510822510822	0.017316017316017316	0.015151515151515152	0.021645021645021644	0.017316017316017316	0.006493506493506493	0.008658008658008658	0.010822510822510822	42
Mycobacterium_sp._JS623	0.07142857142857142	0.03225806451612903	0.08888888888888889	0	0.05405405405405406	0.02857142857142857	0	0	0	0	0	0	0	0.024390243902439025	0	0	0	0.0196078431372549	0.05714285714285714	0.044444444444444446	0.006887052341597796	0.011707988980716254	0.008953168044077135	0.007575757575757576	0.011019283746556474	0.006198347107438017	0.007575757575757576	0.006198347107438017	0.0048209366391184574	0.006198347107438017	0.006887052341597796	0.011019283746556474	0.010330578512396693	0.010330578512396693	0.010330578512396693	0.011019283746556474	0.003443526170798898	0.011707988980716254	0.011019283746556474	0.007575757575757576	132
Mycobacterium_sp._YC-RL4	0.11428571428571428	0.05	0.037037037037037035	0	0	0.04	0	0	0.05263157894736842	0	0	0	0	0	0	0	0	0	0.13636363636363635	0	0.013468013468013467	0.006734006734006734	0.013468013468013467	0.004489337822671156	0.01122334455667789	0.005611672278338945	0.019079685746352413	0.016835016835016835	0.020202020202020204	0.006734006734006734	0.030303030303030304	0.01122334455667789	0.010101010101010102	0.013468013468013467	0.014590347923681258	0.01122334455667789	0.012345679012345678	0.007856341189674524	0.005611672278338945	0.007856341189674524	81
Mycobacterium_tuberculosis	0.13513513513513514	0.16666666666666666	0	0.17073170731707318	0	0	0.024390243902439025	0	0.06666666666666667	0	0.11904761904761904	0	0.16279069767441862	0.12962962962962962	0.075	0.045454545454545456	0	0	0.05084745762711865	0.03125	0.02154882154882155	0.014141414141414142	0.01616161616161616	0.019528619528619527	0.011447811447811448	0.011447811447811448	0.01616161616161616	0.006734006734006734	0.006734006734006734	0.007407407407407408	0.014141414141414142	0.010774410774410775	0.012794612794612794	0.006734006734006734	0.010774410774410775	0.006734006734006734	0.011447811447811448	0.010774410774410775	0.012121212121212121	0.0202020202020202	135
Mycobacterium_tuberculosis_KZN_1435	0	0.08888888888888889	0.0625	0	0	0	0	0.4117647058823529	0.06666666666666667	0	0	0	0	0.08333333333333333	0	0	0.06818181818181818	0	0	0.14285714285714285	0.012491325468424706	0.008327550312283136	0.01179736294240111	0.02359472588480222	0.004163775156141568	0.005551700208188758	0.0034698126301179735	0.018043025676613464	0.01040943789035392	0.012491325468424706	0.0034698126301179735	0.009715475364330326	0.009715475364330326	0.004857737682165163	0.009715475364330326	0.004857737682165163	0.015961138098542677	0.013879250520471894	0.005551700208188758	0.0131852879944483	131
Mycobacterium_tuberculosis_complex	0.06666666666666667	0	0.04819277108433735	0.07692307692307693	0	0	0	0	0	0	0	0	0	0	0.06666666666666667	0.29906542056074764	0.1595744680851064	0	0	0.0410958904109589	0.021281517464723572	0.011103400416377515	0.008327550312283136	0.0018505667360629193	0.005320379366180893	0.007864908628267407	0.004626416840157298	0.002313208420078649	0.004395095998149434	0.002775850104094379	0.0016192458940550544	0.01087207957436965	0.009252833680314597	0.015961138098542677	0.01226000462641684	0.02405736756881795	0.005320379366180893	0.012953967152440436	0.013416608836456165	0.008790191996298867	393
Mycobacterium_tuberculosis_variant_africanum	0	0	0	0	0	0	0	0	0	0	0	0	0	0	0	0	0	0	0	0	0	0	0	0	0	0	0	0	0	0	0	0	0	0	0	0	0	0	0	0	0
Mycobacterium_tuberculosis_variant_bovis	0	0	0	0	0	0	0	0	0	0	0	0	0	0	0	0	0	0	0	0	0	0	0	0	0	0	0	0	0	0	0	0	0	0	0	0	0	0	0	0	0
Mycobacteroides_abscessus	0	0.2	0	0.10902255639097744	0	0.08239700374531835	0.08823529411764706	0.039525691699604744	0.11647727272727272	0.004273504273504274	0.11813186813186813	0.005249343832020997	0.050156739811912224	0.039568345323741004	0.03051643192488263	0.10028653295128939	0.02654867256637168	0.1548974943052392	0	0.20460358056265984	0.00708041958041958	0.017395104895104894	0.011888111888111888	0.013898601398601398	0.010926573426573426	0.013111888111888112	0.014510489510489511	0.008304195804195804	0.017832167832167834	0.006993006993006993	0.009527972027972027	0.00506993006993007	0.011363636363636364	0.010576923076923078	0.009527972027972027	0.014947552447552448	0.009090909090909092	0.01958041958041958	0.014335664335664335	0.018968531468531467	1040
Mycobacteroides_abscessus_subsp._abscessus	0	0.11904761904761904	0	0.047619047619047616	0	0	0	0	0	0.10344827586206896	0	0	0	0	0	0.05128205128205128	0.1	0	0	0	0.028797289666854888	0.029361942405420668	0.009034443817052512	0.028232636928289104	0.006211180124223602	0.023150762281197064	0.009599096555618294	0.002258610954263128	0.01637492941840768	0.007905138339920948	0.005081874647092039	0.015810276679841896	0.00282326369282891	0.006775832862789384	0.009034443817052512	0.012987012987012986	0.00846979107848673	0.026538678712591756	0.010163749294184078	0.030491247882552232	161
Mycobacteroides_abscessus_subsp._bolletii	1.0	0	0	0	0	0	0	0	0	0	0	0	0	0	0	0	0	0	0	0	0.01818181818181818	0.01818181818181818	0.006060606060606061	0.0	0.012121212121212121	0.012121212121212121	0.0	0.006060606060606061	0.012121212121212121	0.006060606060606061	0.006060606060606061	0.006060606060606061	0.024242424242424242	0.012121212121212121	0.006060606060606061	0.01818181818181818	0.006060606060606061	0.006060606060606061	0.006060606060606061	0.01818181818181818	15
Mycobacteroides_abscessus_subsp._bolletii_50594	0	0	0	0	0	0	0	0	0	0	0	0	0	0	0	0	0	1.0	0	0	0.07272727272727272	0.0	0.01818181818181818	0.0	0.07272727272727272	0.01818181818181818	0.07272727272727272	0.0	0.0	0.0	0.0	0.0	0.0	0.0	0.0	0.0	0.01818181818181818	0.01818181818181818	0.0	0.0	5
Mycobacteroides_abscessus_subsp._massiliense	0	0	0	0	0.1111111111111111	0	0	0	0	0	0	0	0	0	0.4482758620689655	0	0	0.4	0	0	0.010243277848911651	0.012804097311139564	0.011523687580025609	0.0012804097311139564	0.006402048655569782	0.0076824583866837385	0.03713188220230473	0.008962868117797696	0.0012804097311139564	0.0076824583866837385	0.012804097311139564	0.014084507042253521	0.0	0.010243277848911651	0.020486555697823303	0.0012804097311139564	0.03713188220230473	0.02560819462227913	0.0	0.0	71
Mycobacteroides_abscessus_subsp._massiliense_CCUG_48898_=_JCM_15300	0	0.38461538461538464	0	0	0	0	0	0.36363636363636365	0	0	0	0	0	0	0	0	0	0	0	0	0.03430531732418525	0.008576329331046312	0.0	0.0	0.020583190394511147	0.0	0.03430531732418525	0.022298456260720412	0.0137221269296741	0.008576329331046312	0.012006861063464836	0.0	0.0	0.0	0.0	0.020583190394511147	0.0	0.010291595197255574	0.03430531732418525	0.042881646655231566	53
Mycoplasma_haemocanis	0	0	0	0	0	0	0	0	0	0	0	0	0	0	0	0	0	0	0	0	0	0	0	0	0	0	0	0	0	0	0	0	0	0	0	0	0	0	0	0	0
Mycoplasma_haemofelis	0	0	0	0	0	0	0	0	0	0	0	0	0	0	0	0	0	0	0	0	0	0	0	0	0	0	0	0	0	0	0	0	0	0	0	0	0	0	0	0	0
Mycoplasma_mycoides	0	0	0	0	0	0	0	0	0	0	0	0	0	0	0	0	0	0	0	0	0	0	0	0	0	0	0	0	0	0	0	0	0	0	0	0	0	0	0	0	0
Mycoplasma_mycoides_subsp._capri_LC_str._95010	0	0	0	0	0	0	0	0	0	0	0	0	0	0	0	0	0	0	0	0	0.0	0.0	0.0	0.0	0.0	0.0	0.09090909090909091	0.0	0.0	0.0	0.0	0.0	0.0	0.0	0.0	0.0	0.0	0.0	0.09090909090909091	0.0	1
Mycoplasma_ovipneumoniae	0	0	0	0	0	0	0	0	0	0	0	0	0	0	0	0	0	0	0	0	0	0	0	0	0	0	0	0	0	0	0	0	0	0	0	0	0	0	0	0	0
Mycoplasma_pneumoniae	0	0	0	0	0	0	0	0	0	0	0	0	0	0	0	0	0	0	0	0	0	0	0	0	0	0	0	0	0	0	0	0	0	0	0	0	0	0	0	0	0
Neisseria_elongata	0	0	0	0	0	0	0	0	0	0	0	0	0	0	0	0	0	0	0	0	0	0	0	0	0	0	0	0	0	0	0	0	0	0	0	0	0	0	0	0	0
Neisseria_elongata_subsp._glycolytica	0	0	0	0	0	0	1.0	0	0	0	0	0	0	0	0	0	0	0	0	0	0.0	0.0	0.0	0.0	0.0	0.0	0.09090909090909091	0.0	0.0	0.0	0.0	0.0	0.0	0.0	0.0	0.0	0.0	0.0	0.0	0.0	1
Neisseria_gonorrhoeae	0	0	0	0	0	0	0	0	0	0	0	0	0	0	0	0	0	0	0	0	0.0033670033670033673	0.0033670033670033673	0.0033670033670033673	0.0033670033670033673	0.0	0.02693602693602694	0.02693602693602694	0.0	0.0	0.0	0.0	0.0033670033670033673	0.0033670033670033673	0.0033670033670033673	0.006734006734006735	0.057239057239057235	0.0101010101010101	0.0	0.04713804713804714	0.04713804713804714	27
Neisseria_meningitidis	0	0	0	0	0	0	0	0	0	0	0	0	0	0	0	0	0	0	0	0	0.0	0.045454545454545456	0.0	0.045454545454545456	0.0	0.0	0.01948051948051948	0.01948051948051948	0.0	0.0	0.07142857142857142	0.0	0.0	0.0	0.006493506493506494	0.0	0.01948051948051948	0.0	0.0	0.0	14
Neisseria_meningitidis_8013	0	0	0	0	0	0	0	0	0	0	0	0	0	0	0	0	0	0	0	0	0.0	0.0	0.0	0.0	0.0909090909090909	0.0	0.0909090909090909	0.0	0.0	0.0	0.0	0.0	0.0909090909090909	0.0	0.0	0.0	0.0	0.08787878787878788	0.0	0.0	30
Neisseria_meningitidis_H44/76	0	0	0	0	0	0	0	0	0	0	0	0	0	0	0	0	0	0	0	0	0.0	0.09090909090909091	0.0	0.0	0.0	0.0	0.0	0.0	0.0	0.0	0.005681818181818182	0.0	0.0	0.0	0.0	0.0	0.08522727272727272	0.005681818181818182	0.005681818181818182	0.005681818181818182	16
Neisseria_meningitidis_MC58	0	0	0	0	0	0	0	0	0	0	0	0	0	0	0	0	0	0	0	0	0.0	0.0	0.0	0.0909090909090909	0.0	0.0909090909090909	0.0	0.0	0.0	0.0	0.0	0.0	0.0	0.0	0.030303030303030304	0.0	0.0	0.0	0.0	0.0	3
Neisseria_mucosa	0	0	0	0	0	0	0	0.5	0	0	0	0	0	0	0	0	0	0	0	0	0.0	0.030303030303030304	0.030303030303030304	0.030303030303030304	0.0	0.0	0.0	0.06060606060606061	0.030303030303030304	0.030303030303030304	0.0	0.0	0.0	0.0	0.0	0.0	0.0	0.0	0.0	0.0	3
Neisseria_sicca	0	0	0	0	0	0	0	0	0	0	0	0	0	0	0	0	0	0	0	0	0.0	0.045454545454545456	0.0	0.0	0.0	0.045454545454545456	0.0	0.0	0.0	0.045454545454545456	0.0	0.0	0.0	0.0	0.0	0.0	0.0	0.0	0.045454545454545456	0.0	2
Neisseria_subflava	0	0	0	0	0	0	0	0	0	0	0	0	0	1.0	0	0	0	0	0	0	0.0	0.0	0.0	0.0	0.09090909090909091	0.0	0.0	0.09090909090909091	0.0	0.0	0.045454545454545456	0.0	0.0	0.045454545454545456	0.0	0.0	0.0	0.0	0.0	0.0	2
Neisseria_weaveri	0	0	0	0	0	0	0	0	0	0	0	0	0	0	0	0	0	0	0	0	0	0	0	0	0	0	0	0	0	0	0	0	0	0	0	0	0	0	0	0	0
Orthohepadnavirus	0	0	0	0	0	0	0	0	0	0	0	0	0	0	0	0	0	0	0	0	0	0	0	0	0	0	0	0	0	0	0	0	0	0	0	0	0	0	0	0	0
Orthopoxvirus	0	0	0	0	0	0	0	0	0	0	0	0	0	0	0	0	0	0	0	0	0	0	0	0	0	0	0	0	0	0	0	0	0	0	0	0	0	0	0	0	0
Paraavulavirus	0	0	0	0	0	0	0	0	0	0	0	0	0	0	0	0	0	0	0	0	0	0	0	0	0	0	0	0	0	0	0	0	0	0	0	0	0	0	0	0	0
Parvimonas_micra	1.0	0	0	0	0	0	0	0	0	0	0	0	0	0	0	0	0	0	0	0	0.030303030303030304	0.06060606060606061	0.0	0.030303030303030304	0.0	0.0	0.0	0.0	0.030303030303030304	0.0	0.06060606060606061	0.0	0.0	0.0	0.0	0.030303030303030304	0.0	0.0	0.0	0.0	3
Pasteurella_multocida	1.0	0	0	0	0	0	0	0	0	0	0	0	0	0	0	0	0	0	0	0	0.09090909090909091	0.0	0.0	0.0	0.0	0.0	0.0	0.0	0.0	0.0	0.0	0.0	0.0	0.0	0.0	0.0	0.0	0.0	0.0	0.0	1
Pasteurella_multocida_subsp._multocida	0.16666666666666666	0	0.14285714285714285	0	0	0.1111111111111111	0.0625	0.09090909090909091	0.09090909090909091	0	0	0	0	0	0	0	0.08333333333333333	0	0.05263157894736842	0.1	0.01383399209486166	0.003952569169960474	0.005928853754940711	0.003952569169960474	0.007905138339920948	0.009881422924901186	0.005928853754940711	0.005928853754940711	0.005928853754940711	0.0	0.003952569169960474	0.0	0.003952569169960474	0.005928853754940711	0.001976284584980237	0.001976284584980237	0.003952569169960474	0.007905138339920948	0.009881422924901186	0.001976284584980237	46
Peptostreptococcus_anaerobius	0	0	0	0	0	0	0	0	0	0	0	0	0	0	0	0	0	0	0	0	0	0	0	0	0	0	0	0	0	0	0	0	0	0	0	0	0	0	0	0	0
Polyomaviridae	0	0	0	0	0	0	0	0	0	0	0	0	0	0	0	0	0	0	0	0	0	0	0	0	0	0	0	0	0	0	0	0	0	0	0	0	0	0	0	0	0
Porphyromonas_gingivalis	0	0	0	0	0	0	0	0	0	0	0	0	0	0	0	0	0	0	0	0	0.0	0.0	0.0	0.030303030303030304	0.0	0.06060606060606061	0.0	0.0	0.0	0.0	0.07575757575757576	0.0	0.0	0.0	0.0	0.0	0.015151515151515152	0.0	0.0	0.0	6
Porphyromonas_gingivalis_A7A1-28	0	0	0	0	0	0	0	0	0	0	0	0	0	0	0	0	0	0	0	0	0.0	0.0	0.030303030303030304	0.015151515151515152	0.0	0.0	0.0	0.015151515151515152	0.030303030303030304	0.030303030303030304	0.0	0.007575757575757576	0.0	0.030303030303030304	0.030303030303030304	0.007575757575757576	0.007575757575757576	0.015151515151515152	0.015151515151515152	0.0	12
Porphyromonas_gingivalis_AJW4	0	0	0	0	0	0	0	0	0	0	0	0	0	0	0	0	0	0	0	0	0.0	0.0	0.0	0.0	0.09090909090909091	0.0	0.0	0.0	0.0	0.0	0.0	0.0	0.0	0.0	0.011363636363636364	0.0	0.07954545454545454	0.0	0.0	0.0	8
Porphyromonas_gingivalis_W83	0	0	0	0	0	0	0	0	0	0	0	0	0	0	0	0	0	0	0	0	0.0	0.0	0.0	0.0	0.0	0.0	0.0	0.09090909090909091	0.09090909090909091	0.0	0.09090909090909091	0.0	0.0	0.0	0.0	0.0	0.0	0.0	0.045454545454545456	0.0	2
Rickettsia_africae	0	0	0	0	0	0	0	0	0	0	0	0	0	0	0	0	0	0	0	0	0	0	0	0	0	0	0	0	0	0	0	0	0	0	0	0	0	0	0	0	0
Rickettsia_akari	0	0	0	0	0	0	0	0	0	0	0	0	0	0	0	0	0	0	0	0	0	0	0	0	0	0	0	0	0	0	0	0	0	0	0	0	0	0	0	0	0
Rickettsia_akari_str._Hartford	0	0	0	0	0	0	0	0	0	0	0	0	0	0	0	0	0	0	0	0	0.0	0.0	0.09090909090909091	0.0	0.09090909090909091	0.0	0.09090909090909091	0.0	0.0	0.0	0.09090909090909091	0.0	0.0	0.0	0.0	0.0	0.0	0.09090909090909091	0.0	0.0	1
Rickettsia_conorii	0	0	0	0	0	0	0	0	0	0	0	0	0	0	0	0	0	0	0	0	0	0	0	0	0	0	0	0	0	0	0	0	0	0	0	0	0	0	0	0	0
Rickettsia_felis	0	0	0	0	0	0	0	0	0	0	0	0	0	0	0	0	0	0	0	0	0	0	0	0	0	0	0	0	0	0	0	0	0	0	0	0	0	0	0	0	0
Rickettsia_japonica	0	0	0	0	0	0	0	0	0	0	0	0	0	0	0	0	0	0	0	0	0	0	0	0	0	0	0	0	0	0	0	0	0	0	0	0	0	0	0	0	0
Rickettsia_prowazekii	0	0	0	0	0	0	0	0	0	0	0	0	0	0	0	0	0	0	0	0	0	0	0	0	0	0	0	0	0	0	0	0	0	0	0	0	0	0	0	0	0
Rickettsia_rickettsii	0	0	0	0	0	0	0	0	0	0	0	0	0	0	0	0	0	0	0	0	0	0	0	0	0	0	0	0	0	0	0	0	0	0	0	0	0	0	0	0	0
Rickettsia_sibirica	0	0	0	0	0	0	0	0	0	0	0	0	0	0	0	0	0	0	0	0	0	0	0	0	0	0	0	0	0	0	0	0	0	0	0	0	0	0	0	0	0
Rickettsia_typhi	0	0	0	0	0	0	0	0	0	0	0	0	0	0	0	0	0	0	0	0	0	0	0	0	0	0	0	0	0	0	0	0	0	0	0	0	0	0	0	0	0
Salmonella_enterica	0.3300653594771242	0.24630541871921183	0.014150943396226415	0	0	0	0.0023148148148148147	0.33554817275747506	0.017857142857142856	0.012578616352201259	0	0	0.013029315960912053	0	0.003105590062111801	0	0	0	0	0	0.023337222870478413	0.011668611435239206	0.002015487429723136	4.243131430996075E-4	4.243131430996075E-4	0.002545878858597645	1.0607828577490188E-4	0.01188076800678901	0.022488596584279198	0.00169725257239843	0.01071390686326509	0.02142781372653018	0.011244298292139599	0.0	5.303914288745093E-4	1.0607828577490188E-4	5.303914288745093E-4	0.011138220006364696	5.303914288745093E-4	0.011244298292139599	857
Salmonella_enterica_subsp._VII	0	0	0	0	0	0	0	0	0	0	0	0	0	0	0	0	1.0	0	0	0	0.0	0.0	0.09090909090909091	0.0	0.0	0.09090909090909091	0.0	0.0	0.0	0.0	0.0	0.045454545454545456	0.045454545454545456	0.0	0.0	0.0	0.045454545454545456	0.0	0.0	0.0	2
Salmonella_enterica_subsp._enterica	0	0	0.04142011834319527	0	0	0	0.009208103130755065	0	0	0.003278688524590164	0	0	0	0.016286644951140065	0.9433962264150944	0	0	0	0	0.0024813895781637717	0.0	0.007785665216395695	0.0010686207159758797	0.0	0.015266010228226854	6.869704602702084E-4	0.02328066559804595	0.0	0.0	0.00770933516525456	1.5266010228226853E-4	0.008701625830089306	0.0	0.009235936188077247	0.007633005114113427	0.0	0.0	0.0	0.0	0.001984581329669491	1191
Salmonella_enterica_subsp._enterica_serovar_Choleraesuis	0	0	0.5	0	0	0	0.5	0	0	0	0	0	0	0	0	0	0	0	0	0	0.0	0.01818181818181818	0.05454545454545454	0.01818181818181818	0.01818181818181818	0.0	0.03636363636363636	0.01818181818181818	0.03636363636363636	0.0	0.03636363636363636	0.0	0.0	0.01818181818181818	0.03636363636363636	0.01818181818181818	0.01818181818181818	0.0	0.0	0.01818181818181818	5
Salmonella_enterica_subsp._enterica_serovar_Derby	0	0	0	0	0	0	0	0	0	0	0	0	0	0	0	0	0	0	0	0	0.0	0.0	0.0	0.0	0.0	0.0	0.0	0.0	0.0	0.0	0.0	0.0	0.0	0.0	0.0	0.0	0.0	0.0	0.0	0.0	1
Salmonella_enterica_subsp._enterica_serovar_Enteritidis	0	0	0	0	0	0	0	0	0	0	0	0	0	0	0	0	0	0	0	0	0.0	0.0	0.056818181818181816	0.0	0.056818181818181816	0.0	0.0	0.0	0.056818181818181816	0.0	0.0	0.0	0.0	0.056818181818181816	0.0	0.0	0.011363636363636364	0.0	0.0	0.06818181818181818	8
Salmonella_enterica_subsp._enterica_serovar_Fresno	0	0	0	0	0	0	0	0	0	0	0	0	0	0	0	0	1.0	0	0	0	0.0	0.0	0.0	0.0	0.0	0.0	0.0	0.0	0.0	0.0	0.045454545454545456	0.0	0.045454545454545456	0.0	0.0	0.045454545454545456	0.045454545454545456	0.045454545454545456	0.0	0.0	2
Salmonella_enterica_subsp._enterica_serovar_India_str._SA20085604	0.5	0	0	0	0	0	0	0	0	0	0	0	0	0	0	0	0	0	0	0	0.022727272727272728	0.045454545454545456	0.0	0.0	0.0	0.0	0.022727272727272728	0.0	0.0	0.0	0.0	0.0	0.0	0.0	0.0	0.0	0.0	0.0	0.022727272727272728	0.0	4
Salmonella_enterica_subsp._enterica_serovar_Kentucky	0	0	0	0	0	0	0	0	0	0	0	0	0	0	0	0	0	0	0	0	0.09090909090909091	0.0	0.0	0.0	0.0	0.0	0.0	0.0	0.0	0.0	0.0	0.0	0.09090909090909091	0.0	0.0	0.0	0.0	0.0	0.0	0.0	1
Salmonella_enterica_subsp._enterica_serovar_Macclesfield_str._S-1643	0	1.0	0	0	1.0	0	0	0	0	0	0	0	0	0	0	0	0	0	0	0	0.06060606060606061	0.030303030303030304	0.030303030303030304	0.0	0.030303030303030304	0.0	0.0	0.0	0.0	0.0	0.0	0.0	0.0	0.0	0.0	0.06060606060606061	0.0	0.0	0.0	0.06060606060606061	3
Salmonella_enterica_subsp._enterica_serovar_Muenchen	1.0	0	0	0	0	0	0	0	1.0	0	0	0	0	0	0	0	0	0	0	0	0.0909090909090909	0.0	0.06060606060606061	0.0	0.0	0.0	0.0	0.0	0.0909090909090909	0.0	0.0	0.08333333333333333	0.0	0.0	0.0	0.0	0.0	0.0	0.0	0.0	12
Salmonella_enterica_subsp._enterica_serovar_Poona_str._ATCC_BAA-1673	0	0	0	0	0	0	0	0	0	0	0	0	0	0	0	0	0	0	1.0	0	0.0	0.0	0.0	0.0	0.0	0.0	0.0	0.0	0.030303030303030304	0.0	0.0	0.0	0.0	0.0	0.0	0.0	0.0	0.0	0.0909090909090909	0.0	3
Salmonella_enterica_subsp._enterica_serovar_Senftenberg	0	0.6666666666666666	0.5	0	0	0	0	0	0	0	0	0	0	0	0	0	0	0	0	0	0.0	0.03636363636363636	0.00909090909090909	0.0	0.0	0.0	0.0	0.0	0.0	0.0	0.004545454545454545	0.0	0.0	0.0	0.0	0.0	0.00909090909090909	0.01818181818181818	0.00909090909090909	0.01818181818181818	20
Salmonella_enterica_subsp._enterica_serovar_Typhimurium	0	0	0	0	0	0	0	0	0	0	0	0	0	0	0	0	0	0	0	0	0	0	0	0	0	0	0	0	0	0	0	0	0	0	0	0	0	0	0	0	0
Salmonella_enterica_subsp._enterica_serovar_Typhimurium_var._5-_str._CFSAN001921	0	1.0	0	0.6666666666666666	0	0	0.5	0	0	0	0	0	0	0	0	0	0	0	0	0	0.0	0.03636363636363636	0.01818181818181818	0.05454545454545454	0.0	0.0	0.03636363636363636	0.0	0.0	0.0	0.0	0.0	0.0	0.0	0.0	0.0	0.0	0.01818181818181818	0.01818181818181818	0.0	5
Salmonella_enterica_subsp._salamae	0	0	0	0	0	1.0	0	0	1.0	0	0	0	0	0	0	0	0	0	0	0	0.0	0.0	0.0	0.0	0.0	0.09090909090909091	0.0	0.0	0.09090909090909091	0.0	0.0	0.0	0.06818181818181818	0.0	0.0	0.0	0.0	0.0	0.0	0.0	4
Salmonella_enterica_subsp._salamae_serovar_55:k:z39_str._1315K	0	0	0	0.5	0	0	0	0	0	0	0	0.5	0	0	0	0	0	0	0	0	0.0	0.030303030303030304	0.030303030303030304	0.030303030303030304	0.0	0.0	0.0	0.0	0.0	0.0	0.0	0.030303030303030304	0.030303030303030304	0.030303030303030304	0.0	0.0	0.0	0.0	0.030303030303030304	0.0	3
Sheeppox_virus	0	0	0	0	0	0	0	0	0	0	0	0	0	0	0	0	0	0	0	0	0	0	0	0	0	0	0	0	0	0	0	0	0	0	0	0	0	0	0	0	0
Shigella_boydii	0	0	0	0	0	0	0	0	0	0	0	0	0	0	0	0	0	0	0	0	0.09090909090909091	0.09090909090909091	0.0	0.0	0.0	0.0	0.0	0.0	0.0	0.09090909090909091	0.0	0.0	0.0	0.0	0.0	0.0	0.0	0.0	0.0	0.0	1
Shigella_dysenteriae	0	0	0	0	0	0	0	0	0	0	0	0	0	0	0	0	0	0	0	0	0	0	0	0	0	0	0	0	0	0	0	0	0	0	0	0	0	0	0	0	0
Shigella_flexneri	0	0	0	0	0	0	0	0	0	0	0	0	0	0	0	0	0	0	0	0	0	0	0	0	0	0	0	0	0	0	0	0	0	0	0	0	0	0	0	0	0
Shigella_flexneri_3a	0	0	0	0	0	0	0	0	0	0	0	0	0	0	0	0	0	0	0	0	0.09090909090909091	0.09090909090909091	0.0	0.0	0.0	0.0	0.09090909090909091	0.0	0.0	0.0	0.0	0.0	0.0	0.0	0.0	0.0	0.0	0.0	0.09090909090909091	0.0	1
Shigella_sonnei	0	0	0	0	0	0	0	0	0	0	0	0	0	0	0	0	0	0	0	0	0	0	0	0	0	0	0	0	0	0	0	0	0	0	0	0	0	0	0	0	0
Shigella_sonnei_Ss046	0	0	0	0	0	0	0	0	0	0	0	0	0	0	0	0	0	0	0	0	0.0	0.0	0.0	0.0	0.0	0.0	0.0	0.0	0.0	0.0	0.0	0.0	0.0	0.0	0.045454545454545456	0.0	0.045454545454545456	0.0	0.0	0.0	2
Simian_virus_12	0	0	0	0	0	0	0	0	0	0	0	0	0	0	0	0	0	0	0	0	0	0	0	0	0	0	0	0	0	0	0	0	0	0	0	0	0	0	0	0	0
Staphylococcus_aureus	0.02	0	0	0	0	0.01529051987767584	0	0.05128205128205128	0	0.5	0	0.9543147208121827	0	0.01744186046511628	0	0	0.0033783783783783786	0	0	0	0.005451338784672118	3.20666987333654E-4	0.005932339265672599	0.030142696809363476	0.030623697290363957	0.0019240019240019239	0.004810004810004809	0.04184704184704185	1.60333493666827E-4	0.0024050024050024047	0.014590347923681258	0.03158569825236492	0.0024050024050024047	0.0011223344556677889	0.0320666987333654	0.015071348404681738	0.011383678050344716	0.0011223344556677889	0.01443001443001443	0.016193682860349525	567
Staphylococcus_aureus_subsp._aureus_71193	0	0	0	0	0	0	0	0	0	0	0	0	0	0	0	0	0	0	0	0	0.0	0.0	0.0	0.0	0.0	0.0	0.0	0.0	0.0	0.0	0.0	0.0	0.0	0.0015408320493066256	0.0	0.06317411402157165	0.0	0.0	0.0	0.0	59
Staphylococcus_aureus_subsp._aureus_NCTC_8325	0	0	0	0	0	0	0	0	0	0	0	0	0	0	0	0	0	0	0	0	0.0	0.0	0.0	0.0	0.0	0.0	0.0	0.0	0.0	0.09090909090909091	0.0	0.0	0.0	0.0	0.0	0.0	0.0	0.0	0.0	0.0	100
Staphylococcus_cohnii	0.6	0	0.25	0	0.3076923076923077	0	0	0	0	0	0	0	0	0	0	0.3333333333333333	0	0	0.2857142857142857	0	0.021645021645021644	0.008658008658008658	0.006493506493506493	0.01948051948051948	0.01948051948051948	0.0021645021645021645	0.006493506493506493	0.010822510822510822	0.006493506493506493	0.015151515151515152	0.0	0.010822510822510822	0.004329004329004329	0.0021645021645021645	0.017316017316017316	0.010822510822510822	0.0021645021645021645	0.008658008658008658	0.015151515151515152	0.017316017316017316	42
Staphylococcus_epidermidis	0	0.023809523809523808	0.24050632911392406	0	0	0	0	0	0	0	0	0	0	0	0	0	0	0	0	0	0.005431675242995998	8.576329331046312E-4	0.005431675242995998	0.00686106346483705	2.858776443682104E-4	2.858776443682104E-4	0.0011435105774728416	0.0	2.858776443682104E-4	8.576329331046312E-4	2.858776443682104E-4	0.002858776443682104	5.717552887364208E-4	2.858776443682104E-4	0.0	0.0	2.858776443682104E-4	0.002287021154945683	2.858776443682104E-4	0.007432818753573471	318
Staphylococcus_epidermidis_ATCC_12228	0	0	0	0	0	0	0	0	0	0	0	0	0	0	0	0	0	0	0	0	0.0	0.0	0.0	0.0	0.0	0.0	0.0	0.0707070707070707	0.0	0.0606060606060606	0.0	0.0	0.0	0.0	0.0	0.0	0.0	0.0	0.0	0.005050505050505051	18
Staphylococcus_epidermidis_PM221	0	0	0	0	0	0	1.0	0	0	0	0	0	0	0	0	0	0	0	0	0	0.024242424242424242	0.00909090909090909	0.00909090909090909	0.0	0.00909090909090909	0.0	0.024242424242424242	0.0	0.0	0.0	0.0	0.0	0.00909090909090909	0.0	0.024242424242424242	0.0	0.0	0.0	0.0	0.024242424242424242	30
Staphylococcus_equorum	0.26594301221166894	0.1584022038567493	0.12445095168374817	0.07372654155495978	0.13788819875776398	0.04178674351585014	0.04683544303797468	0.03536067892503536	0.05053598774885146	0.050143266475644696	0.0015060240963855422	0.002797202797202797	0.0013605442176870747	0.001379310344827586	0.0038860103626943004	0.010071942446043165	0.016566265060240965	0.002962962962962963	0.0031397174254317113	0.010135135135135136	0.005660590965696819	0.0029887920298879204	0.002535944752632175	0.0016981772897090457	0.0030114343937507077	0.0013811841956300238	0.0014491112872183857	0.0011321181931393638	9.9626400996264E-4	0.0012453300124533001	0.001879316200611344	0.0012679723763160875	0.0013811841956300238	0.0012453300124533001	0.0014717536510811728	0.002128382203102004	0.00224159402241594	0.002445375297181026	0.002626514208083324	0.004528472772557455	4015
Staphylococcus_hominis	0	0	0	0	0	0	0	0	0.75	0	0	1.0	0	0	0	0	0	0	0	0	0.022727272727272724	0.015151515151515152	0.0	0.015151515151515152	0.007575757575757576	0.015151515151515152	0.015151515151515152	0.0	0.022727272727272724	0.022727272727272724	0.0	0.022727272727272724	0.0	0.0	0.007575757575757576	0.0	0.015151515151515152	0.007575757575757576	0.0	0.0	12
Staphylococcus_hominis_subsp._hominis	0	0	0	0	0	0	0	0	0	0	0	0	0	0	0	0	0	0	0	0	0.0	0.0	0.0	0.0	0.0	0.0	0.0	0.0	0.0	0.0	0.0	0.0	0.0	0.0	0.0	0.0	0.0	0.0	0.0	0.0	24
Staphylococcus_nepalensis	0.5	0	0	0	0	0	0	0	0	0	0	0	0	0	0	0	0	0	0	0	0.013986013986013986	0.0	0.0	0.006993006993006993	0.006993006993006993	0.013986013986013986	0.0	0.013986013986013986	0.006993006993006993	0.0	0.0	0.006993006993006993	0.0	0.013986013986013986	0.0	0.0	0.0	0.006993006993006993	0.006993006993006993	0.0	13
Staphylococcus_saprophyticus	0.3333333333333333	0.6	0	0	0	0	0.3333333333333333	0	0	0	0	0.14285714285714285	0	0	0	0	0	0	0	0	0.013636363636363636	0.022727272727272728	0.013636363636363636	0.01818181818181818	0.022727272727272728	0.01818181818181818	0.00909090909090909	0.031818181818181815	0.0	0.00909090909090909	0.0	0.00909090909090909	0.00909090909090909	0.004545454545454545	0.0	0.031818181818181815	0.004545454545454545	0.0	0.004545454545454545	0.00909090909090909	20
Staphylococcus_simulans	0	0	0	0	0	0	0	0	0	0	0	0	0	0	0	0	0	0	0	0	0.0030303030303030303	0.012121212121212121	0.012121212121212121	0.006060606060606061	0.01818181818181818	0.0	0.0	0.006060606060606061	0.01818181818181818	0.0030303030303030303	0.0	0.0	0.01818181818181818	0.012121212121212121	0.0	0.006060606060606061	0.01818181818181818	0.012121212121212121	0.00909090909090909	0.0030303030303030303	30
Staphylococcus_succinus	1.0	0.8	0	0	0.5	0	0	0	0	1.0	0	0	0	0	0	0	0	0	0.5	0	0.014354066985645932	0.019138755980861243	0.019138755980861243	0.014354066985645932	0.014354066985645932	0.0	0.0	0.0	0.009569377990430622	0.004784688995215311	0.009569377990430622	0.009569377990430622	0.009569377990430622	0.0	0.004784688995215311	0.004784688995215311	0.0	0.004784688995215311	0.014354066985645932	0.0	19
Streptococcus_agalactiae	0	0	0	0	0	0	0	0	0	0	0	0	0	0	0	0	0	0	0	0	0	0	0	0	0	0	0	0	0	0	0	0	0	0	0	0	0	0	0	0	0
Streptococcus_anginosus	0	0	0	0	0	0	0	0	0	0	0	0	0	0	0	0	0	0	0	0	0.0	0.0	0.0	0.0	0.0	0.09090909090909091	0.0	0.0	0.0	0.0	0.0	0.0	0.0	0.0	0.0	0.0	0.0	0.0	0.0	0.0	1
Streptococcus_canis	0	0	0	0	0	0	0	0	0	0	0	0	0	0	0	0	0	0	0	0	0.0	0.0	0.0	0.0	0.0	0.0	0.0	0.0	0.0	0.0	0.0	0.0	0.0	0.0	0.0	0.0	0.0	0.0	0.0	0.0	2
Streptococcus_cristatus	0	0	0	0	0	0	0	0	0	0	0	0	0	0	0	0	0	0	0	0	0	0	0	0	0	0	0	0	0	0	0	0	0	0	0	0	0	0	0	0	0
Streptococcus_dysgalactiae	0	0	0	0	0	0	0	0	0	0	0	0	0	0	0	0	0	0	0	0	0	0	0	0	0	0	0	0	0	0	0	0	0	0	0	0	0	0	0	0	0
Streptococcus_equi	0	0	0	0	0	0	0	0	0	0	0	0	0	0	0	0	0	0	0	0	0	0	0	0	0	0	0	0	0	0	0	0	0	0	0	0	0	0	0	0	0
Streptococcus_gallolyticus	0	0	0	0	0	0	0	0	0	0	0	0	0	0	0	0	0	0	0	0	0	0	0	0	0	0	0	0	0	0	0	0	0	0	0	0	0	0	0	0	0
Streptococcus_gallolyticus_UCN34	0	1.0	0	0	0	0	0	0	0	0	0	0	0	0	0	0	0	0	0	0	0.0	0.012987012987012988	0.0	0.0	0.05194805194805195	0.0	0.0	0.0	0.0	0.0	0.0	0.0	0.03896103896103896	0.0	0.0	0.0	0.0	0.03896103896103896	0.025974025974025976	0.03896103896103896	7
Streptococcus_gordonii	0	0.8571428571428571	0	0	0	0	0	0	0	0	0	0	0	0	0	0	0	0	0	0	0.0	0.03636363636363636	0.0	0.0	0.0	0.006060606060606061	0.0	0.03636363636363636	0.006060606060606061	0.0	0.0	0.0	0.0	0.0	0.0	0.0	0.0	0.0	0.0	0.0	15
Streptococcus_gordonii_str._Challis_substr._CH1	0	0	0	0	0	0	0	0	0	0	0	0	0	0	0	0	0	0	0	0	0	0	0	0	0	0	0	0	0	0	0	0	0	0	0	0	0	0	0	0	0
Streptococcus_intermedius	0	0	0	0	0	0	0	0	0	0	0	0	0	0	0	0	0	0	0	0	0	0	0	0	0	0	0	0	0	0	0	0	0	0	0	0	0	0	0	0	0
Streptococcus_lutetiensis	0	0	0	0	0	0	0.5	0	0	0	0	0	0	0	0	0	0	0	0	0	0.0	0.0	0.0	0.0	0.0	0.0	0.022727272727272728	0.0	0.0	0.0	0.0	0.0	0.0	0.0	0.0	0.011363636363636364	0.0	0.0	0.0	0.0	8
Streptococcus_milleri	0	0	0	0	0	0	0	0	0	0	0	0	0	0	0	0	0	0	0	0	0	0	0	0	0	0	0	0	0	0	0	0	0	0	0	0	0	0	0	0	0
Streptococcus_mitis	0	0	0	1.0	0	0	0	0	0	0	0	0	0	0	0	0	0	0	0	0	0.0	0.0	0.0	0.045454545454545456	0.0	0.0	0.0	0.0	0.0	0.0	0.0	0.0	0.0	0.0	0.0	0.0	0.0	0.0	0.0	0.06818181818181818	4
Streptococcus_mutans	0	0	0	0	0	0	0	0	0	0	0	0	0	0	0	0	0	0	0	0	0	0	0	0	0	0	0	0	0	0	0	0	0	0	0	0	0	0	0	0	0
Streptococcus_oralis	0	0	0	0	0	0	0	0	0	0	0	0	0	0	0	0	0	0	0	0	0.0	0.0	0.0	0.0	0.0	0.0	0.0	0.0	0.0	0.0	0.0	0.0	0.0	0.0	0.0	0.0	0.0	0.0	0.0	0.0	4
Streptococcus_oralis_subsp._oralis	0	0	0	0	0	0	0	0	0	0	0	0	0	0	0	0	0	0	0	0	0.0	0.0	0.0	0.0	0.0	0.0	0.0	0.0	0.0	0.0	0.0	0.0	0.0	0.0	0.0	0.0	0.0	0.0	0.0	0.0	2
Streptococcus_parauberis	0	0	0	0	0	0	0	0	0	0	0	0	0	0	0	0	0	0	0	0	0	0	0	0	0	0	0	0	0	0	0	0	0	0	0	0	0	0	0	0	0
Streptococcus_pneumoniae	0	0	0	0	0	0	0	0	0	0	0	0	0	0	0	0	0	0	0	0	0.0	0.0	0.0	0.0	0.0	0.0	0.0	0.0	0.0	0.0	0.0023923444976076554	0.0	0.0	0.0	0.0	0.0	0.0	0.0	0.0	0.0	38
Streptococcus_pyogenes	0	0	0	0	0	0	0	0	0	0	0	0	0	0	0	0	0	0	0	0	0.0	0.0	0.0	0.0	0.0	0.0	0.0	0.0	0.0	0.0	0.0	0.0	0.0	0.0	0.0	0.001652892561983471	0.0	0.0	0.0	0.0	55
Streptococcus_salivarius	0	0	0	0	0	0	0	0	0	0	0	0	0	0	0	0	0	0	0	0	0	0	0	0	0	0	0	0	0	0	0	0	0	0	0	0	0	0	0	0	0
Streptococcus_salivarius_CCHSS3	0	0	0	0	0	0	0	0	0	0	0	0	0	0	0	0	0	0	0	0	0.0	0.0	0.0	0.0	0.0	0.0	0.0	0.05194805194805195	0.0	0.0	0.0	0.0	0.0	0.0	0.0	0.0	0.0	0.0	0.0	0.0	7
Streptococcus_sanguinis	0	0	1.0	0	0	0	0	0	0	0	0	0	0	0	0	0	0	0	0	0	0.0	0.0	0.0909090909090909	0.0	0.0	0.0	0.0	0.0	0.0	0.0	0.06060606060606061	0.0909090909090909	0.0	0.0	0.030303030303030304	0.0	0.0	0.0	0.0	0.0	3
Streptococcus_sp._HSISM1	0	0	0	0	0	0	0	0	0	0	0	0	0	0	0	0	0	0	0	0	0.0	0.0	0.0	0.0	0.0	0.0	0.0	0.0	0.0	0.0	0.0	0.0	0.0	0.0	0.0	0.0	0.0	0.045454545454545456	0.045454545454545456	0.0	2
Streptococcus_suis	0	0	0	0	0	1.0	0	0	0	0	0	0	0	0	0	0	0	0	0	0	0.04105571847507331	0.04105571847507331	0.002932551319648094	0.0469208211143695	0.0	0.002932551319648094	0.005865102639296188	0.0	0.005865102639296188	0.0	0.0	0.0	0.0	0.0	0.020527859237536656	0.0	0.0	0.03812316715542522	0.0	0.01759530791788856	31
Streptococcus_thermophilus	0	0	0	0	0	0	0	0	0	0	0	0	0	0	0	0	0	0	0	0	0	0	0	0	0	0	0	0	0	0	0	0	0	0	0	0	0	0	0	0	0
Tannerella_forsythia	0	0	0	0	0	0	0	0	0	0	0	0	0	0	0	0	0	0	0	0	0	0	0	0	0	0	0	0	0	0	0	0	0	0	0	0	0	0	0	0	0
Tannerella_forsythia_92A2	0	0	0	0	0	0	0	0	0	0	0	0	0	0	0	0	0	0	0	0	0.0	0.0	0.0	0.0	0.0	0.0	0.0	0.0	0.0	0.09090909090909091	0.0	0.0	0.0	0.0	0.0	0.0	0.0	0.0	0.0	0.0	1
Tannerella_forsythia_KS16	0	0	0	0	0	0	0	0	0	0	0	0	0	0	0	0	0	0	0	0	0.0	0.045454545454545456	0.0	0.0	0.0	0.0	0.0	0.0	0.0	0.0	0.0	0.0	0.0	0.0	0.045454545454545456	0.0	0.0	0.045454545454545456	0.0	0.0	2
Treponema	0	0.25	0	0	0	0	0	0	0.6666666666666666	0	0	0.2	0	0	0	0	0.4	0	0	0	0.03636363636363636	0.03636363636363636	0.02727272727272727	0.0	0.0	0.0	0.0	0.0	0.01818181818181818	0.0	0.0	0.01818181818181818	0.045454545454545456	0.0	0.0	0.00909090909090909	0.01818181818181818	0.01818181818181818	0.00909090909090909	0.00909090909090909	10
Treponema_azotonutricium_ZAS-9	0	0	0	0	0	1.0	0	0	0	0	0	0	0	0	0	0	0	0	0	0	0.0	0.0	0.0	0.0	0.0	0.09090909090909091	0.0	0.0	0.0	0.0	0.0	0.0	0.09090909090909091	0.0	0.0	0.0	0.0	0.0	0.09090909090909091	0.0	1
Treponema_brennaborense_DSM_12168	0	0	0	0	0	0	0	0	0	0	0	0	0	0	0	0	0	0	0	0	0.0	0.0	0.04545454545454545	0.015151515151515152	0.0	0.0	0.0	0.0	0.0	0.015151515151515152	0.0	0.0	0.015151515151515152	0.030303030303030304	0.0	0.0	0.0	0.030303030303030304	0.0	0.015151515151515152	6
Treponema_caldarium_DSM_7334	0	0	0	0	0	0	0	0	0	0	0	0	0	0	0	0	0	0	0	0	0.0	0.0	0.0	0.0	0.0	0.0	0.0	0.0	0.09090909090909091	0.0	0.0	0.0	0.0	0.0	0.0	0.0	0.0	0.0	0.0	0.0	1
Treponema_denticola	0	0	0	0	0	0	0	0	0	0	0	0	0	0	0	0	0	0	0	0	0	0	0	0	0	0	0	0	0	0	0	0	0	0	0	0	0	0	0	0	0
Treponema_denticola_ATCC_35405	0	0	0	0	0	0	0	0	0	0	0	0	0	0	0	0	0	0	0	0	0	0	0	0	0	0	0	0	0	0	0	0	0	0	0	0	0	0	0	0	0
Treponema_medium	0	0	0	0	0	0	0	0	0	0	0	0	0	0	0	0	0	0	0	0	0.0	0.0	0.0	0.0	0.0	0.0	0.0	0.0	0.09090909090909091	0.0	0.0	0.0	0.0	0.0	0.0	0.0	0.0	0.0	0.0	0.0	1
Treponema_pallidum	0	0	0	0	0	0	0	0	0	0	0	0	0	0	0	0	0	0	0	0	0	0	0	0	0	0	0	0	0	0	0	0	0	0	0	0	0	0	0	0	0
Treponema_pallidum_subsp._pallidum	0	0	0	0	0	0	0	0	0	0	0	0	0	0	0	0	0	0	0	0	0	0	0	0	0	0	0	0	0	0	0	0	0	0	0	0	0	0	0	0	0
Treponema_pallidum_subsp._pertenue	0	0	0	0	0	0	0	0	0	0	0	0	0	0	0	0	0	0	0	0	0	0	0	0	0	0	0	0	0	0	0	0	0	0	0	0	0	0	0	0	0
Treponema_parvum	0	0	0	0	0	0	0	0	0	0	0	0	0	1.0	0	0	0	0	0	0	0.09090909090909091	0.0	0.0	0.0	0.09090909090909091	0.09090909090909091	0.0	0.0	0.0	0.0	0.0	0.0	0.0	0.09090909090909091	0.0	0.0	0.0	0.0	0.0	0.0	1
Treponema_phagedenis	0	0	0	0	0	0	0	0	0	0	0.14285714285714285	0.5714285714285714	0	0	0	0	0	0	0	0	0.012987012987012988	0.006493506493506494	0.0	0.012987012987012988	0.006493506493506494	0.012987012987012988	0.012987012987012988	0.012987012987012988	0.0	0.025974025974025976	0.00974025974025974	0.012987012987012988	0.0	0.01948051948051948	0.01948051948051948	0.006493506493506494	0.006493506493506494	0.03896103896103896	0.012987012987012988	0.025974025974025976	28
Treponema_primitia_ZAS-2	0	0	0	0	0	0	0	0	0	0	0	0	0	0	0	0	0	0	0	0	0.0	0.011363636363636364	0.011363636363636364	0.011363636363636364	0.011363636363636364	0.0	0.0	0.0	0.0	0.0	0.0	0.0	0.0	0.022727272727272728	0.0	0.0	0.0	0.0	0.0	0.0	8
Treponema_socranskii_subsp._buccale	0	0	0	0	0	0	0	0	0	0	0	0	0	0	0	0	1.0	0	0	0	0.045454545454545456	0.045454545454545456	0.0	0.045454545454545456	0.045454545454545456	0.045454545454545456	0.0	0.0	0.045454545454545456	0.0	0.0	0.0	0.0	0.0	0.0	0.045454545454545456	0.045454545454545456	0.0	0.0	0.0	2
Treponema_succinifaciens_DSM_2489	0	0	0	0	0	0	0	0	0	0	0	0	0	0	0	0	0	0	0	0	0.0	0.0	0.045454545454545456	0.045454545454545456	0.0	0.0	0.0	0.0	0.0	0.045454545454545456	0.0	0.0	0.0	0.0	0.045454545454545456	0.0	0.0	0.0	0.0	0.0	2
Treponema_vincentii	0	0	0	0	0	0	0	0	0	0	0	0	0	0	0	0	0	0	0	0	0.09090909090909091	0.0	0.0	0.0	0.0	0.0	0.0	0.0	0.0	0.0	0.0	0.0	0.0	0.0	0.045454545454545456	0.0	0.0	0.0	0.045454545454545456	0.0	2
Veillonella_parvula	0	0	0	0	0	0	0	0	0	0	0	0	0	0	0	0	0	0	0	0	0.0	0.0	0.0	0.0	0.0	0.0	0.0	0.0	0.0	0.0	0.0	0.0	0.0	0.0	0.0	0.0	0.0	0.0	0.0	0.0	8
Veillonella_parvula_HSIVP1	0	0	0	0	0	0	0	0	0	0	0	0	0	0	0	0	0	0	0	0	0.0	0.0	0.0	0.006060606060606061	0.0	0.0	0.0	0.006060606060606061	0.0	0.0	0.0	0.024242424242424242	0.0	0.0	0.0	0.0	0.0	0.024242424242424242	0.006060606060606061	0.0	15
Vesicular_stomatitis_Indiana_virus	0	0	0	0	0	0	0	0	0	0	0	0	0	0	0	0	0	0	0	0	0	0	0	0	0	0	0	0	0	0	0	0	0	0	0	0	0	0	0	0	0
Vibrio_anguillarum	0	0	0	0	1.0	0	0	0	0	0.14285714285714285	0	0	0	0	0	0	0	0	0	0	0.0303030303030303	0.0	0.0	0.0	0.025252525252525252	0.025252525252525252	0.0	0.0	0.005050505050505051	0.005050505050505051	0.0	0.005050505050505051	0.0	0.0	0.0	0.0	0.025252525252525252	0.0	0.0	0.0	18
Vibrio_cholerae	0	0	0	0	0	0	0	0	0	0	0	1.0	0	0	0	0	0	0	0	0	0.0	0.030303030303030304	0.06060606060606061	0.06060606060606061	0.0	0.0	0.06060606060606061	0.0	0.0	0.0	0.0	0.030303030303030304	0.030303030303030304	0.0	0.0	0.030303030303030304	0.0	0.0	0.0	0.0	3
Vibrio_furnissii	0	0	0	0	0	0	0	0	0	0	0	0	0	0	0	0	0	0	0	0	0.021390374331550804	0.00802139037433155	0.0	0.005347593582887701	0.0	0.024064171122994655	0.0	0.026737967914438502	0.005347593582887701	0.0	0.0	0.0026737967914438505	0.0	0.0026737967914438505	0.0	0.0160427807486631	0.045454545454545456	0.0	0.0026737967914438505	0.04278074866310161	34
Vibrio_furnissii_NCTC_11218	0	0	0	0	0.6	0	0	0	0	0	0	0	0	0	0	0	0	0	0	0	0.03409090909090909	0.0	0.0	0.03409090909090909	0.03409090909090909	0.0	0.0	0.0	0.0	0.0	0.011363636363636364	0.0	0.0	0.0	0.03409090909090909	0.0	0.0	0.0	0.03409090909090909	0.011363636363636364	8
Vibrio_parahaemolyticus	1.0	0	0	0	0	0	0	0	0	0	0	0	0	0	0	0	0	0	0	0	0.05194805194805195	0.0	0.0	0.012987012987012988	0.0	0.0	0.06493506493506493	0.0	0.0	0.0	0.0	0.05194805194805195	0.012987012987012988	0.0	0.06493506493506493	0.0	0.05194805194805195	0.0	0.0	0.012987012987012988	7
Vibrio_parahaemolyticus_UCM-V493	0	0	0	0	0	0	0	0	0	0	0	0	0	0	0	0	0	0	0	0	0.07954545454545454	0.0	0.0	0.0	0.07954545454545454	0.0	0.0	0.0	0.0	0.0	0.0	0.0	0.005681818181818182	0.0	0.0	0.0	0.0	0.0	0.0	0.005681818181818182	16
Vibrio_splendidus	1.0	0	0	0	0	0	0	0	0	0	0	0	0	0	0	0	0	0	0	0	0.030303030303030304	0.0	0.0	0.06060606060606061	0.0	0.0	0.030303030303030304	0.0	0.0	0.0	0.030303030303030304	0.0	0.0	0.0	0.0	0.0	0.0	0.07575757575757576	0.0	0.0	6
Vibrio_vulnificus	0	0	0	0	0	0.6666666666666666	0.05263157894736842	0	0	0	0	0	0	0	0	0	0	1.0	0	0.5	0.0027548209366391185	0.005509641873278237	0.008264462809917356	0.0027548209366391185	0.0027548209366391185	0.027548209366391185	0.03305785123966942	0.013774104683195593	0.02203856749311295	0.0	0.005509641873278237	0.005509641873278237	0.0027548209366391185	0.0	0.008264462809917356	0.005509641873278237	0.011019283746556474	0.011019283746556474	0.0027548209366391185	0.0027548209366391185	33
Vibrio_vulnificus_CMCP6	0	0	1.0	0	0	0	0	0	0	0	0	0	0	0	0	0	0	0	0	0	0.0	0.0	0.09090909090909091	0.0	0.09090909090909091	0.0	0.0	0.0	0.0	0.0	0.0	0.07954545454545454	0.0	0.0	0.0	0.0	0.0	0.0	0.0	0.0	8
Vibrio_vulnificus_Env1	0	0	0	0	0	0	0	0	0	0	0	0	0	0	0	0	0	0	0	0	0.0	0.0	0.0	0.0	0.0	0.0	0.0	0.0	0.0	0.0	0.0	0.0	0.0	0.0	0.0	0.0	0.0	0.0	0.0	0.0	1
Vibrio_vulnificus_NBRC_15645_=_ATCC_27562	0	0	0	0	0	0	0	0	0	0	0	0	0	0	0	0	0	0	0	0	0.0	0.0	0.0	0.01818181818181818	0.0	0.0	0.0	0.01818181818181818	0.0	0.0	0.01818181818181818	0.0	0.05454545454545454	0.05454545454545454	0.0	0.0	0.05454545454545454	0.0	0.0	0.05454545454545454	5
Vibrio_vulnificus_VVyb1(BT3)	0	0	0	1.0	0	0	0	0	0	0	0	0	0	0	0	0	0	0	0	0	0.0909090909090909	0.0	0.0	0.0909090909090909	0.0	0.0	0.0	0.0	0.0	0.0	0.0	0.0	0.0	0.0	0.07575757575757576	0.0	0.0	0.0	0.015151515151515152	0.0	6
Yersinia_aldovae	0	0	0	0	0	0	0	0	0	0	0	0	0	0	0	0	0	0	0	0	0	0	0	0	0	0	0	0	0	0	0	0	0	0	0	0	0	0	0	0	0
Yersinia_aleksiciae	0	0	0	0	0	0	0	0	0	0	0	0	0	0	0	0	0	0	0	0	0	0	0	0	0	0	0	0	0	0	0	0	0	0	0	0	0	0	0	0	0
Yersinia_enterocolitica	0	0	0	0	0	0	0	0	0	0	0	0	0	0	0	0	0	0	0	0.4	0.0	0.04545454545454545	0.0	0.0	0.015151515151515152	0.030303030303030304	0.015151515151515152	0.015151515151515152	0.030303030303030304	0.015151515151515152	0.0	0.0	0.04545454545454545	0.0	0.0	0.030303030303030304	0.0	0.0	0.04545454545454545	0.030303030303030304	6
Yersinia_enterocolitica_(type_O:5)_str._YE53/03	0	0	0	0	0	0	0	0	0	1.0	0	0	0	0	0	0	0	0	0	0	0.0	0.0	0.0	0.0	0.09090909090909091	0.0	0.0	0.0	0.09090909090909091	0.09090909090909091	0.0	0.0	0.0	0.0	0.045454545454545456	0.0	0.0	0.0	0.0	0.0	2
Yersinia_enterocolitica_LC20	0	0	0	0	0	0	0	0	0	0	0	0	0	0	0	0	0	0	0	0	0.0	0.0	0.0	0.0	0.0	0.0	0.0	0.0	0.0	0.09090909090909091	0.0	0.0	0.0	0.0	0.0	0.0	0.0	0.0	0.0	0.0	1
Yersinia_intermedia	0	1.0	0	0	0	0	0	0	0	0	0	0	0	0	0	0	0	0	0	0	0.0	0.07272727272727272	0.0	0.0	0.0	0.0	0.0	0.0	0.07272727272727272	0.0	0.07272727272727272	0.07272727272727272	0.05454545454545454	0.05454545454545454	0.0	0.01818181818181818	0.0	0.0	0.05454545454545454	0.0	5
Yersinia_pestis	0	0	0	0	0	0	0	0	0	0	0	0.5	0	0	0	0.5	0	0	0	0	0.045454545454545456	0.0	0.022727272727272728	0.0	0.045454545454545456	0.0	0.022727272727272728	0.0	0.0	0.0	0.0	0.011363636363636364	0.056818181818181816	0.0	0.0	0.011363636363636364	0.0	0.0	0.045454545454545456	0.0	8
Yersinia_pestis_CO92	0	0	0	0	0	0	0	0	0	0	0	0	0	0	0	0	0	0	0	0	0	0	0	0	0	0	0	0	0	0	0	0	0	0	0	0	0	0	0	0	0
Yersinia_pseudotuberculosis	0	0	0	0	0	0	0	0	0	0	0	0	0	0	0	0	0	0	0	0	0	0	0	0	0	0	0	0	0	0	0	0	0	0	0	0	0	0	0	0	0
Yersinia_pseudotuberculosis_complex	0	0	0	0	0	0	0	0	0	0	0	0	0	0	0	0	0	0	0	0	0.0	0.029684601113172542	0.0352504638218924	0.0	0.0	0.0	0.0	0.0018552875695732839	0.0	0.0	0.0	0.0	0.0	0.0	0.02411873840445269	0.029684601113172542	0.029684601113172542	0.0018552875695732839	0.0	0.027829313543599257	49
Yersinia_rohdei	0	0	0	0	0	0	0	0	0	0	0	0	0	0	0	0	0	0	0	0	0.0	0.09090909090909091	0.0	0.0	0.09090909090909091	0.0	0.0	0.0	0.0	0.09090909090909091	0.0	0.0	0.0	0.0	0.0	0.0	0.0	0.0	0.0	0.0	1
Yersinia_ruckeri	0.6	0.5	0.5	0.8	0	0.6666666666666666	0	0	0	0	0	0	0	0	0	0	0	0	0	0	0.02727272727272727	0.01818181818181818	0.01818181818181818	0.03636363636363636	0.0	0.02727272727272727	0.00909090909090909	0.0	0.0	0.0	0.01818181818181818	0.00909090909090909	0.0	0.0	0.00909090909090909	0.00909090909090909	0.00909090909090909	0.0	0.0	0.03636363636363636	10
Yersinia_similis	0	0	0	0	0	0	0	0	0	0	0	0	0	0	0	0	0	0	0	0	0.0	0.0	0.0	0.0	0.0	0.0	0.0	0.0	0.0	0.0	0.0	0.0	0.045454545454545456	0.0	0.0	0.0	0.0	0.0	0.0	0.0	2
