Node	C>T_1	C>T_2	C>T_3	C>T_4	C>T_5	C>T_6	C>T_7	C>T_8	C>T_9	C>T_10	G>A_11	G>A_12	G>A_13	G>A_14	G>A_15	G>A_16	G>A_17	G>A_18	G>A_19	G>A_20	D>V(11Substitution)_1	D>V(11Substitution)_2	D>V(11Substitution)_3	D>V(11Substitution)_4	D>V(11Substitution)_5	D>V(11Substitution)_6	D>V(11Substitution)_7	D>V(11Substitution)_8	D>V(11Substitution)_9	D>V(11Substitution)_10	H>B(11Substitution)_11	H>B(11Substitution)_12	H>B(11Substitution)_13	H>B(11Substitution)_14	H>B(11Substitution)_15	H>B(11Substitution)_16	H>B(11Substitution)_17	H>B(11Substitution)_18	H>B(11Substitution)_19	H>B(11Substitution)_20	considered_Matches
Actinobacillus_equuli	0	0	0	0	0	0	0	0	0	0	0	0	0	0	0	0	0	0	0	0	0.0	0.0	0.0	0.0	0.0	0.0	0.0	0.0	0.0	0.0	0.0	0.0	0.0	0.0	0.0	0.0	0.09090909090909091	0.0	0.0	0.0	1
Actinobacillus_pleuropneumoniae	0	0	0	0	0	0	0	0	0	0	0	0	0	0	0	0	0	0	0	0	0.0	0.0	0.0	0.0	0.0	0.0	0.09090909090909091	0.0	0.0	0.0	0.0	0.0	0.045454545454545456	0.045454545454545456	0.0	0.0	0.0	0.0	0.0	0.0	2
African_swine_fever_virus	0	0	0	0	0	0	0	0	0	0	0	0	0	0	0	0	0	0	0	0	0	0	0	0	0	0	0	0	0	0	0	0	0	0	0	0	0	0	0	0	0
Aphthovirus	0	0	0	0	0	0	0	0	0	0	0	0	0	0	0	0	0	0	0	0	0	0	0	0	0	0	0	0	0	0	0	0	0	0	0	0	0	0	0	0	0
Arcanobacterium_haemolyticum	0	0	0	0	0	0	0	0	0	0	0	0	0	0	0	0	0	0	0	0	0.012987012987012988	0.0	0.0	0.0	0.0	0.0	0.0	0.025974025974025976	0.0	0.0	0.025974025974025976	0.012987012987012988	0.012987012987012988	0.012987012987012988	0.012987012987012988	0.0	0.0	0.0	0.0	0.012987012987012988	7
Aspergillus_fumigatus	0	0	0	0	0	0	0	0	0	0	0	0	0	0	0	0	0	0	0	0	0	0	0	0	0	0	0	0	0	0	0	0	0	0	0	0	0	0	0	0	0
Bartonella_bacilliformis	0	0	0	0	0	0	0	0	0	0	0	0	0	0	0	0	0	0	0	0	0	0	0	0	0	0	0	0	0	0	0	0	0	0	0	0	0	0	0	0	0
Bartonella_henselae	0	0	0	0	0	0	0	0	0	0	0	0	0	0	0	0	0	0	0	0	0	0	0	0	0	0	0	0	0	0	0	0	0	0	0	0	0	0	0	0	0
Bartonella_quintana	0	0	0	0	0	0	0	0	0	0	0	0	0	0	0	0	0	0	0	0	0	0	0	0	0	0	0	0	0	0	0	0	0	0	0	0	0	0	0	0	0
Blastomyces_dermatitidis	0	0	0	0	0	0	0	0	0	0	0	0	0	0	0	0	0	0	0	0	0	0	0	0	0	0	0	0	0	0	0	0	0	0	0	0	0	0	0	0	0
Bordetella_bronchialis	0.03225806451612903	0	0.041666666666666664	0	0	0.041666666666666664	0.08695652173913043	0.07407407407407407	0.03125	0.1111111111111111	0.05263157894736842	0.02857142857142857	0	0	0	0.04	0.043478260869565216	0.09090909090909091	0.09090909090909091	0.09090909090909091	0.009881422924901186	0.017786561264822136	0.014822134387351778	0.014822134387351778	0.017786561264822136	0.008893280632411068	0.01383399209486166	0.010869565217391304	0.008893280632411068	0.008893280632411068	0.011857707509881422	0.004940711462450593	0.012845849802371542	0.008893280632411068	0.00691699604743083	0.009881422924901186	0.014822134387351778	0.01383399209486166	0.011857707509881422	0.014822134387351778	92
Bordetella_bronchiseptica	0.18181818181818182	0	0.08333333333333333	0.1111111111111111	0	0.14285714285714285	0	0.36363636363636365	0.24	0	0	0	0.05555555555555555	0.1111111111111111	0.10714285714285714	0	0.08333333333333333	0	0	0	0.01515151515151515	0.006060606060606061	0.00909090909090909	0.01515151515151515	0.0030303030303030303	0.013636363636363637	0.0030303030303030303	0.01818181818181818	0.0196969696969697	0.00909090909090909	0.012121212121212121	0.0015151515151515152	0.010606060606060607	0.016666666666666666	0.010606060606060607	0.0196969696969697	0.012121212121212121	0.013636363636363637	0.006060606060606061	0.0196969696969697	60
Bordetella_genomosp._13	0.09375	0.15	0.06896551724137931	0.09090909090909091	0.02631578947368421	0.02564102564102564	0.02857142857142857	0	0	0.046511627906976744	0.05555555555555555	0	0	0.05128205128205128	0.07894736842105263	0.14285714285714285	0.08333333333333333	0.05128205128205128	0.06060606060606061	0.02857142857142857	0.013636363636363637	0.01590909090909091	0.007575757575757575	0.013636363636363637	0.012121212121212121	0.010606060606060607	0.006818181818181819	0.005303030303030303	0.00984848484848485	0.005303030303030303	0.012121212121212121	0.013636363636363637	0.0030303030303030303	0.010606060606060607	0.012121212121212121	0.010606060606060607	0.010606060606060607	0.013636363636363637	0.00909090909090909	0.011363636363636362	120
Bordetella_pertussis	0	0.13157894736842105	0	0	0	0	0	0	0.03571428571428571	0	0	0	0	0	0.0851063829787234	0	0	0	0	0	9.569377990430621E-4	0.001594896331738437	0.040510366826156295	0.00988835725677831	0.007655502392344497	0.0012759170653907496	0.003189792663476874	0.03827751196172249	0.04114832535885167	0.03732057416267943	0.03732057416267943	0.05263157894736842	0.001594896331738437	0.0028708133971291866	0.013716108452950558	0.004146730462519937	0.005422647527910686	0.0035087719298245615	0.0	0.0028708133971291866	285
Bordetella_pertussis_137	0	0	0	0.6304347826086957	0	0	0	0.7631578947368421	0	0	0	0.36585365853658536	0	0	0.18831168831168832	0.46511627906976744	0	0	0.10101010101010101	0	0.01948051948051948	0.033139274518584866	0.018137035378414688	0.01858486341244962	0.0	0.013882669055082848	0.019256605463502014	0.012987012987012986	0.0	0.0026869682042095834	0.0	0.0161218092252575	0.006717420510523958	0.0	0.006493506493506493	0.018137035378414688	0.006717420510523958	0.016345723242274967	0.0044782803403493054	0.014106583072100314	406
Bordetella_pertussis_18323	0	0	0	0	0	0	0	0	0	0	0.4230769230769231	0	0	0	0	0	0	0.1111111111111111	0	0	0.024793388429752063	0.013223140495867768	0.0	0.0	0.0	0.013223140495867768	0.026446280991735537	0.01487603305785124	0.0	0.028099173553719006	0.04628099173553719	0.026446280991735537	0.0	0.003305785123966942	0.03140495867768595	0.001652892561983471	0.013223140495867768	0.03636363636363636	0.013223140495867768	0.001652892561983471	55
Bordetella_petrii	0.07142857142857142	0.06451612903225806	0	0	0	0.058823529411764705	0.08163265306122448	0.15	0.027777777777777776	0	0.04	0.06060606060606061	0.041666666666666664	0.023809523809523808	0.24324324324324326	0.038461538461538464	0.08108108108108109	0	0	0	0.011363636363636364	0.010489510489510488	0.007867132867132868	0.012237762237762238	0.01311188811188811	0.0034965034965034965	0.007867132867132868	0.011363636363636364	0.006993006993006993	0.007867132867132868	0.009615384615384616	0.011363636363636364	0.00874125874125874	0.01311188811188811	0.016608391608391608	0.012237762237762238	0.013986013986013986	0.020104895104895104	0.00874125874125874	0.009615384615384616	104
Bordetella_trematum	0.16279069767441862	0.0625	0	0	0	0	0	0.05	0.02857142857142857	0.10256410256410256	0	0.03125	0	0	0	0	0.041666666666666664	0.05714285714285714	0.038461538461538464	0	0.021440823327615783	0.009433962264150943	0.006003430531732418	0.012864493996569467	0.007718696397941681	0.018010291595197257	0.004288164665523156	0.018867924528301886	0.004288164665523156	0.011149228130360206	0.005145797598627787	0.0017152658662092624	0.0137221269296741	0.012864493996569467	0.011149228130360206	0.007718696397941681	0.011149228130360206	0.008576329331046312	0.008576329331046312	0.015437392795883362	106
Borrelia_crocidurae	0	0	0	0	0	0	0	0	0	0	0	0	0	0	0	0	0	0	0	0	0	0	0	0	0	0	0	0	0	0	0	0	0	0	0	0	0	0	0	0	0
Borrelia_recurrentis	0	0	0	0	0	0	0	0	0	0	0	0	0	0	0	0	0	0	0	0	0	0	0	0	0	0	0	0	0	0	0	0	0	0	0	0	0	0	0	0	0
Borreliella_afzelii	0	0	0	0	0	0	0	0	0	0	0	0	0	0	0	0	0	0	0	0	0	0	0	0	0	0	0	0	0	0	0	0	0	0	0	0	0	0	0	0	0
Borreliella_burgdorferi	0	0	0	0	0	0	0	0	0	0	0	0	0	0	0	0	0	0	0	0	0	0	0	0	0	0	0	0	0	0	0	0	0	0	0	0	0	0	0	0	0
Borreliella_garinii	0	0	0	0	0	0	0	0	0	0	0	0	0	0	0	0	0	0	0	0	0	0	0	0	0	0	0	0	0	0	0	0	0	0	0	0	0	0	0	0	0
Bovine_rhinitis_A_virus	0	0	0	0	0	0	0	0	0	0	0	0	0	0	0	0	0	0	0	0	0	0	0	0	0	0	0	0	0	0	0	0	0	0	0	0	0	0	0	0	0
Brucella_abortus	1.0	0	0	0	0	0	0	0	0	0	0	0	0	0	0	0	0	0	0	0	0.0909090909090909	0.0	0.0	0.0	0.0	0.0	0.0909090909090909	0.0	0.0	0.0	0.06060606060606061	0.0	0.0	0.06060606060606061	0.0	0.0	0.0	0.0	0.0	0.0	3
Brucella_canis	0	0	0	0	0	0	0	0	0	0	0	0	0	0	0	0	0	0	0	0	0	0	0	0	0	0	0	0	0	0	0	0	0	0	0	0	0	0	0	0	0
Brucella_melitensis	0	0	0	0	0	0	0	0	0	0	0	0	0	0	0	0	0	0	0	0	0	0	0	0	0	0	0	0	0	0	0	0	0	0	0	0	0	0	0	0	0
Brucella_microti	0	0	0	0	0	0	0	0	0	0	0	0	0	0	0	0	0	0	0	0	0	0	0	0	0	0	0	0	0	0	0	0	0	0	0	0	0	0	0	0	0
Brucella_ovis	0	0	0	0	0	0	0	0	0	0	0	0	0	0	0	0	0	0	0	0	0	0	0	0	0	0	0	0	0	0	0	0	0	0	0	0	0	0	0	0	0
Brucella_ovis_ATCC_25840	0.3333333333333333	0	0	0	0	0	0	0	0	0	0	0	0	0	0	0	0	0	0	0	0.022727272727272724	0.007575757575757576	0.007575757575757576	0.015151515151515152	0.0	0.015151515151515152	0.0	0.0	0.015151515151515152	0.015151515151515152	0.015151515151515152	0.0	0.007575757575757576	0.007575757575757576	0.007575757575757576	0.0	0.030303030303030304	0.015151515151515152	0.007575757575757576	0.015151515151515152	12
Brucella_suis	0	0	0	0	0	0	0	0	0	0	0	0	0	0	0	0	0	0	0	0	0	0	0	0	0	0	0	0	0	0	0	0	0	0	0	0	0	0	0	0	0
Burkholderia_cepacia	0.056818181818181816	0.04838709677419355	0.1694915254237288	0.028169014084507043	0	0.015873015873015872	0.12698412698412698	0.06329113924050633	0.04838709677419355	0.01818181818181818	0.05555555555555555	0.03773584905660377	0.11290322580645161	0	0.07692307692307693	0	0.023255813953488372	0	0	0.05405405405405406	0.006029684601113173	0.008348794063079777	0.01437847866419295	0.006493506493506493	0.013914656771799629	0.006493506493506493	0.012987012987012986	0.011131725417439703	0.013450834879406307	0.012059369202226345	0.012059369202226345	0.00927643784786642	0.012059369202226345	0.00974025974025974	0.01437847866419295	0.013450834879406307	0.013914656771799629	0.018089053803339517	0.014842300556586271	0.00927643784786642	196
Burkholderia_cepacia_ATCC_25416	0	0	0	0	0	0.6666666666666666	0.12	0	0	0	0	0	0	0	0	0.19444444444444445	0	0	0.25	0	0.0	0.008264462809917356	0.009445100354191263	0.021251475796930343	0.025974025974025976	0.0295159386068477	0.0035419126328217233	0.004722550177095631	0.0035419126328217233	0.0035419126328217233	0.0023612750885478157	0.009445100354191263	0.009445100354191263	0.02715466351829988	0.0011806375442739079	0.015348288075560804	0.017709563164108617	0.015348288075560804	0.011806375442739079	0.0059031877213695395	77
Burkholderia_cepacia_JBK9	0	0.0625	0	0	0.0625	0.07692307692307693	0.047619047619047616	0	0	0	0	0	0	0.16	0	0	0.18181818181818182	0	0.1	0	0.014354066985645933	0.011164274322169059	0.009569377990430622	0.011164274322169059	0.007974481658692184	0.009569377990430622	0.012759170653907496	0.014354066985645933	0.017543859649122806	0.012759170653907496	0.009569377990430622	0.006379585326953748	0.009569377990430622	0.02073365231259968	0.006379585326953748	0.014354066985645933	0.014354066985645933	0.004784688995215311	0.006379585326953748	0.011164274322169059	57
Burkholderia_gladioli	0.1095890410958904	0.07526881720430108	0.06967213114754098	0.11029411764705882	0.012658227848101266	0.03317535545023697	0.0449438202247191	0.0379746835443038	0	0	0.03557312252964427	0.012448132780082987	0.037037037037037035	0.018518518518518517	0.0379746835443038	0.02857142857142857	0.014285714285714285	0.05394190871369295	0.08547008547008547	0.030303030303030304	0.0132128740824393	0.008018068887634105	0.012083568605307736	0.015697346132128743	0.009824957651044608	0.011067193675889327	0.004291360813099943	0.011180124223602485	0.0037267080745341614	0.008356860530773575	0.006775832862789384	0.009147374364765669	0.011180124223602485	0.010615471485036701	0.006775832862789384	0.009937888198757764	0.008921513269339355	0.014003387916431395	0.008582721626199887	0.010276679841897235	805
Burkholderia_gladioli_BSR3	0.13043478260869565	0.06451612903225806	0	0	0	0.16666666666666666	0.05263157894736842	0	0.21052631578947367	0.11538461538461539	0.14285714285714285	0.05263157894736842	0	0	0.21428571428571427	0	0	0	0.17647058823529413	0	0.012987012987012988	0.009445100354191263	0.007083825265643447	0.008264462809917356	0.0059031877213695395	0.015348288075560804	0.010625737898465172	0.007083825265643447	0.01652892561983471	0.010625737898465172	0.014167650531286893	0.009445100354191263	0.014167650531286893	0.020070838252656435	0.018890200708382526	0.0023612750885478157	0.011806375442739079	0.004722550177095631	0.0059031877213695395	0.011806375442739079	77
Burkholderia_gladioli_pv._gladioli	0.046052631578947366	0.03571428571428571	0.08854166666666667	0.04697986577181208	0.008130081300813009	0.019867549668874173	0.1032258064516129	0.010309278350515464	0.04132231404958678	0	0.03546099290780142	0.03773584905660377	0.013422818791946308	0.045454545454545456	0.02512562814070352	0.08780487804878048	0.050314465408805034	0.05925925925925926	0.07333333333333333	0.058394160583941604	0.01618277010947168	0.015706806282722512	0.012533714104394732	0.012216404886561954	0.01142313184198001	0.009360621926066952	0.013961605584642234	0.008567348881485007	0.01126447723306362	0.007774075836903062	0.010312549579565287	0.009201967317150563	0.006663493574488339	0.01126447723306362	0.008567348881485007	0.010788513406314454	0.008408694272568618	0.018403934634301126	0.011740441059812787	0.01126447723306362	573
Burkholderia_mallei	0.21875	0	0	0	0	0	0	0	0	0	0	0	0	0.13333333333333333	0	0	0	0	0	0	0.029644268774703556	0.003952569169960474	0.007905138339920948	0.0	0.011857707509881422	0.003952569169960474	0.017786561264822136	0.007905138339920948	0.045454545454545456	0.01383399209486166	0.005928853754940711	0.0	0.023715415019762844	0.003952569169960474	0.011857707509881422	0.0	0.01383399209486166	0.021739130434782608	0.02766798418972332	0.015810276679841896	46
Burkholderia_mallei_NCTC_10247	0	0	0	0	0	0	0	0	0	0	0	0	0	0	0	0	0	0	0	0	0.0	0.0	0.0	0.0	0.0	0.0	0.0	0.0	0.0	0.0	0.0	0.045454545454545456	0.0	0.0	0.045454545454545456	0.0	0.0	0.0	0.045454545454545456	0.0	2
Burkholderia_multivorans	0.0880503144654088	0.06432748538011696	0.21014492753623187	0.05660377358490566	0.014814814814814815	0.05755395683453238	0.024539877300613498	0.028089887640449437	0.02666666666666667	0.010526315789473684	0.011428571428571429	0.11920529801324503	0.043478260869565216	0	0.025	0.0125	0.03333333333333333	0.02247191011235955	0.07027027027027027	0.043795620437956206	0.013584117032392894	0.018634622082897945	0.011494252873563218	0.01062347614071752	0.014977359804946012	0.012887495646116336	0.0073145245559038665	0.0066179031696273075	0.007836990595611285	0.0101010101010101	0.008359456635318703	0.0109717868338558	0.013932427725531174	0.011494252873563218	0.008533611981887844	0.012887495646116336	0.014629049111807733	0.011668408220132358	0.014454893765238593	0.011494252873563218	522
Burkholderia_multivorans_ATCC_17616	0	0.12280701754385964	0	0	0	0.018867924528301886	0.034482758620689655	0	0.14285714285714285	0	0	0	0	0.04081632653061224	0	0.07547169811320754	0	0	0	0	0.007272727272727273	0.012467532467532466	0.007792207792207791	0.00935064935064935	0.004155844155844156	0.008311688311688312	0.01090909090909091	0.00935064935064935	0.022337662337662337	0.005714285714285714	0.019740259740259742	0.007272727272727273	0.01038961038961039	0.00883116883116883	0.00935064935064935	0.01090909090909091	0.006753246753246753	0.019740259740259742	0.025454545454545452	0.014025974025974027	175
Burkholderia_multivorans_ATCC_BAA-247	0.03529411764705882	0	0.018518518518518517	0.13157894736842105	0	0	0	0.24705882352941178	0	0	0	0.018867924528301886	0.08823529411764706	0	0	0.08641975308641975	0.08928571428571429	0.02040816326530612	0	0	0.010801080108010801	0.008100810081008101	0.010351035103510351	0.016201620162016202	0.0049504950495049506	0.021602160216021602	0.010801080108010801	0.013501350135013501	0.004500450045004501	0.0022502250225022503	0.009450945094509451	0.013051305130513051	0.009450945094509451	0.0063006300630063005	0.016201620162016202	0.018901890189018902	0.017101710171017102	0.023402340234023402	0.0018001800180018003	0.009900990099009901	202
Burkholderia_pseudomallei	0.12048192771084337	0.01904761904761905	0.1377551020408163	0.003355704697986577	0.01984126984126984	0.026737967914438502	0.00546448087431694	0.006535947712418301	0.010273972602739725	0.02197802197802198	0.06349206349206349	0.009302325581395349	0.0038461538461538464	0.01507537688442211	0.0576271186440678	0.032432432432432434	0.034161490683229816	0.035555555555555556	0.020689655172413793	0.05555555555555555	0.018949081608928157	0.008718902580795164	0.019762845849802372	0.013136479888398047	0.011043943269007208	0.007207626133457336	0.003138804929086259	0.0106951871657754	0.008951406649616368	0.007207626133457336	0.018949081608928157	0.01325273192280865	0.009648918856079982	0.013485235991629853	0.012090211578702627	0.00802139037433155	0.01174145547547082	0.014531504301325273	0.011043943269007208	0.011276447337828413	782
Burkholderia_pseudomallei_1106b	0	0	0.125	0	0	0	0	0	0.16666666666666666	0.2	0	0.2	0	0	0	0	0	0	0	0	0.006342494714587738	0.010570824524312896	0.03171247357293869	0.02959830866807611	0.0021141649048625794	0.010570824524312896	0.0021141649048625794	0.006342494714587738	0.004228329809725159	0.004228329809725159	0.0021141649048625794	0.004228329809725159	0.008456659619450317	0.0	0.0021141649048625794	0.004228329809725159	0.046511627906976744	0.0507399577167019	0.006342494714587738	0.006342494714587738	43
Burkholderia_pseudomallei_1710a	0	0	0	0	0	0	0	0	0	0	0	0	0	0	0	0	0	0	0	0	0.0	0.013986013986013986	0.0	0.027972027972027972	0.013986013986013986	0.020979020979020976	0.027972027972027972	0.0	0.0	0.055944055944055944	0.04195804195804195	0.020979020979020976	0.0	0.0	0.020979020979020976	0.0	0.013986013986013986	0.0	0.0	0.013986013986013986	13
Burkholderia_pseudomallei_1710b	0	0	0	0	0	0	0	0	0	0	0	0.2	0	0	0	0	0	0	0	0	0.0	0.06060606060606061	0.0	0.0	0.0	0.0	0.0	0.0	0.0	0.0	0.0	0.015151515151515152	0.0	0.0	0.0	0.03787878787878788	0.0	0.0	0.015151515151515152	0.0	12
Burkholderia_pseudomallei_7894	0	0	0	0	0	0	0	0	0	0	0	0	0	0	0	0	0	0	0	0	0.0	0.0	0.0	0.0	0.0	0.0	0.0	0.0	0.0	0.0	0.0	0.0	0.0	0.0	0.04958677685950413	0.03305785123966942	0.0	0.008264462809917356	0.0	0.0	11
Burkholderia_pseudomallei_B03	0.4	0.0625	0	0	0	0	0	0	0	0	0	0	0	0	0	0.5555555555555556	0	0	0	0.26666666666666666	0.0101010101010101	0.0101010101010101	0.006734006734006735	0.04377104377104377	0.01346801346801347	0.0033670033670033673	0.0	0.006734006734006735	0.006734006734006735	0.03367003367003367	0.0	0.01346801346801347	0.0	0.016835016835016835	0.006734006734006735	0.016835016835016835	0.0033670033670033673	0.006734006734006735	0.0101010101010101	0.016835016835016835	27
Burkholderia_pseudomallei_MSHR1153	0.25	0	0	0	0.6666666666666666	0	0	0	0	0.6666666666666666	0	0	0.3333333333333333	0	0.6666666666666666	0	1.0	0.6666666666666666	0	0	0.020202020202020204	0.020202020202020204	0.0	0.010101010101010102	0.0303030303030303	0.010101010101010102	0.0303030303030303	0.010101010101010102	0.0	0.020202020202020204	0.010101010101010102	0.020202020202020204	0.010101010101010102	0.010101010101010102	0.0303030303030303	0.0303030303030303	0.010101010101010102	0.020202020202020204	0.0	0.010101010101010102	9
Burkholderia_pseudomallei_MSHR2543	0.5	0.4	0	0	0	0	0	0	0	0	0	0	0	0	0.4	0	0	0.2222222222222222	0	0	0.03896103896103896	0.025974025974025976	0.006493506493506494	0.032467532467532464	0.025974025974025976	0.0	0.012987012987012988	0.006493506493506494	0.0	0.0	0.0	0.0	0.006493506493506494	0.0	0.01948051948051948	0.0	0.012987012987012988	0.012987012987012988	0.05194805194805195	0.0	14
Burkholderia_pseudomallei_MSHR346	0	0.3333333333333333	0	0	0	0	0	0	0	0	0	0	0	0	0	0	0	0	0	0	0.0	0.01818181818181818	0.0	0.0	0.0	0.0	0.0	0.0	0.0	0.03636363636363636	0.0	0.0	0.0	0.0	0.0	0.0	0.0	0.0	0.0	0.0	5
Burkholderia_pseudomallei_MSHR435	0.5	0	0	0	0	0	0	0	0	0	0	0.3333333333333333	0	0	0	0	0	0	0	0	0.015151515151515152	0.0	0.015151515151515152	0.0	0.015151515151515152	0.030303030303030304	0.0	0.0	0.0	0.0	0.0	0.030303030303030304	0.0	0.030303030303030304	0.015151515151515152	0.04545454545454545	0.015151515151515152	0.015151515151515152	0.0	0.0	6
Burkholderia_pseudomallei_NCTC_13179	0.25	0	0	0	0	0	0	0	0	0	0	0	0	0	0	0	0	0	0	0	0.009569377990430622	0.0	0.0	0.009569377990430622	0.0	0.014354066985645932	0.0	0.0	0.0	0.0	0.009569377990430622	0.014354066985645932	0.0	0.0	0.0	0.009569377990430622	0.009569377990430622	0.0	0.014354066985645932	0.023923444976076555	19
Burkholderia_pseudomallei_Pasteur_52237	0	0	0	0	0	0	0	0	0	0	0	0	0	0	0	0	0	0	0	0	0.0	0.045454545454545456	0.0	0.0	0.0	0.0	0.0	0.022727272727272728	0.0	0.0	0.022727272727272728	0.0	0.045454545454545456	0.022727272727272728	0.0	0.0	0.0	0.0	0.0	0.0	4
Campylobacter_coli	0	0	0	0	0	0	0	0	0	0	0	0	0	0	0	0	0	0	0	0	0	0	0	0	0	0	0	0	0	0	0	0	0	0	0	0	0	0	0	0	0
Campylobacter_fetus	0	0	0	0	0	0	0	0	0	0	0	0	0	0	0	0	0	0	0	0	0	0	0	0	0	0	0	0	0	0	0	0	0	0	0	0	0	0	0	0	0
Campylobacter_gracilis	0	0	0	0	0	0	0	0	0	0	0	0	0	0	0	0	0	0	0	0	0.022727272727272728	0.0	0.0	0.0	0.045454545454545456	0.022727272727272728	0.022727272727272728	0.022727272727272728	0.022727272727272728	0.0	0.0	0.0	0.0	0.022727272727272728	0.0	0.03409090909090909	0.022727272727272728	0.0	0.0	0.0	8
Campylobacter_showae	0	0	0	0	0	0	0	0	0	0	0	0	0	1.0	0	0	0	0	0	0	0.030303030303030304	0.0	0.030303030303030304	0.030303030303030304	0.0	0.0909090909090909	0.0	0.0	0.0	0.0	0.0	0.030303030303030304	0.0	0.06060606060606061	0.06060606060606061	0.0	0.0	0.0	0.0	0.0	3
Canine_morbillivirus	0	0	0	0	0	0	0	0	0	0	0	0	0	0	0	0	0	0	0	0	0	0	0	0	0	0	0	0	0	0	0	0	0	0	0	0	0	0	0	0	0
Chlamydia_abortus	0	0	0	0	0	0	0	0	0	0	0	0	0	0	0	0	0	0	0	0	0	0	0	0	0	0	0	0	0	0	0	0	0	0	0	0	0	0	0	0	0
Chlamydia_caviae	0	0	0	0	0	0	0	0	0	0	0	0	0	0	0	0	0	0	0	0	0	0	0	0	0	0	0	0	0	0	0	0	0	0	0	0	0	0	0	0	0
Chlamydia_felis	0	0	0	0	0	0	0	0	0	0	0	0	0	0	0	0	0	0	0	0	0	0	0	0	0	0	0	0	0	0	0	0	0	0	0	0	0	0	0	0	0
Chlamydia_muridarum	0	0	0	0	0	0	0	0	0	0	0	0	0	0	0	0	0	0	0	0	0	0	0	0	0	0	0	0	0	0	0	0	0	0	0	0	0	0	0	0	0
Chlamydia_pecorum	0	0	0	0	0	0	0	0	0	0	0	0	0	0	0	0	0	0	0	0	0	0	0	0	0	0	0	0	0	0	0	0	0	0	0	0	0	0	0	0	0
Chlamydia_pneumoniae	0	0	0	0	0	0	0	0	0	0	0	0	0	0	0	0	0	0	0	0	0	0	0	0	0	0	0	0	0	0	0	0	0	0	0	0	0	0	0	0	0
Chlamydia_psittaci	0	0	0	0	0	0	0	0	0	0	0	0	0	0	0	0	0	0	0	0	0	0	0	0	0	0	0	0	0	0	0	0	0	0	0	0	0	0	0	0	0
Chlamydia_suis	0	0	0	0	0	0	0	0	0	0	0	0	0	0	0	0	0	0	0	0	0.0	0.0	0.0	0.022727272727272728	0.0	0.06818181818181818	0.0	0.022727272727272728	0.0	0.022727272727272728	0.045454545454545456	0.0	0.045454545454545456	0.0	0.0	0.022727272727272728	0.045454545454545456	0.0	0.0	0.0	4
Chlamydia_trachomatis	0	0	0	0	0	0	0	0	0	0	0	0	0	0	0	0	0	0	0	0	0	0	0	0	0	0	0	0	0	0	0	0	0	0	0	0	0	0	0	0	0
Corynebacterium_ammoniagenes	0	0	0	0	0	0	0	0	0	0	0	0	0	0	0	0	0	0	0	0	0.0	0.0	0.0	0.0	0.0	0.0	0.0	0.0	0.09090909090909091	0.0	0.0	0.0	0.0	0.0	0.0	0.0	0.0	0.0	0.045454545454545456	0.0	2
Corynebacterium_amycolatum	0	0	0	0	0	0	0	0	0	0	0	0	0	0	0	0	0	0	0	0	0	0	0	0	0	0	0	0	0	0	0	0	0	0	0	0	0	0	0	0	0
Corynebacterium_bovis	0.18181818181818182	0	0	0	0	0	0	0	0	0	0	0	0.0625	0	0	0	0.09090909090909091	0	0.07692307692307693	0.06666666666666667	0.019138755980861243	0.009569377990430622	0.01674641148325359	0.0023923444976076554	0.011961722488038277	0.011961722488038277	0.0215311004784689	0.004784688995215311	0.007177033492822966	0.007177033492822966	0.011961722488038277	0.009569377990430622	0.019138755980861243	0.01674641148325359	0.007177033492822966	0.011961722488038277	0.004784688995215311	0.011961722488038277	0.011961722488038277	0.014354066985645932	38
Corynebacterium_crudilactis	0	0	0	0	0	0	0	0	0	0	0	0	0	0	0	0	0	0	0	0	0.0	0.0	0.0	0.0	0.0	0.0	0.0	0.0	0.0	0.0	0.0	0.0	0.0	0.0	0.0	0.0	0.0	0.0	0.0	0.0	1
Corynebacterium_diphtheriae	0	0	0	0	0	0	0	0	0	0	0	0	0	0	0	0	0	0	0	0	0.0	0.0	0.0	0.0	0.0	0.0	0.0	0.0	0.0	0.0	0.0	0.045454545454545456	0.0	0.0	0.0	0.0	0.0	0.0	0.0	0.0	2
Corynebacterium_diphtheriae_HC03	0	0	0	0	0	0	0	0	0	0	0	0	0.5	0	0	0	0	0	0	0	0.0	0.0	0.0	0.0	0.0	0.0	0.0	0.045454545454545456	0.0	0.022727272727272728	0.0	0.022727272727272728	0.022727272727272728	0.022727272727272728	0.022727272727272728	0.0	0.0	0.0	0.0	0.0	4
Corynebacterium_jeikeium	0	0	0	0.16666666666666666	0	0	0	0	0	0	0	0	0	0	0	0	0	0	0	0	0.004784688995215311	0.009569377990430622	0.023923444976076555	0.023923444976076555	0.014354066985645932	0.014354066985645932	0.009569377990430622	0.014354066985645932	0.009569377990430622	0.0	0.0	0.0	0.009569377990430622	0.0	0.019138755980861243	0.009569377990430622	0.019138755980861243	0.023923444976076555	0.014354066985645932	0.0	19
Corynebacterium_jeikeium_K411	0	0	0	0	0	0	0	0	0	0	0	0	0	0	0	0	0	0	0.2	0	0.0	0.0	0.0	0.0	0.0	0.0	0.0	0.0	0.01652892561983471	0.0	0.0	0.0	0.008264462809917356	0.0	0.0	0.0	0.01652892561983471	0.0	0.01652892561983471	0.0	11
Corynebacterium_kroppenstedtii	0	0	0	0	0	0	0	0	0	0	0	0	0	0	0	0	0	0	0	0	0.02727272727272727	0.01818181818181818	0.0	0.0	0.0	0.0	0.045454545454545456	0.0	0.0	0.01818181818181818	0.0	0.01818181818181818	0.0	0.01818181818181818	0.02727272727272727	0.0	0.0	0.0	0.0	0.0	10
Corynebacterium_kroppenstedtii_DSM_44385	0	0	0	0	0	0	0	0	0	0	0	0	0	0	0	0	0	0	0	0	0.025974025974025976	0.025974025974025976	0.0	0.0	0.025974025974025976	0.0	0.025974025974025976	0.0	0.0	0.025974025974025976	0.012987012987012988	0.025974025974025976	0.0	0.0	0.0	0.0	0.025974025974025976	0.0	0.0	0.0	7
Corynebacterium_maris	0	0	0	0	0	0	0	0	0	0	0	0	0	0	0	0	0	0	0	0	0	0	0	0	0	0	0	0	0	0	0	0	0	0	0	0	0	0	0	0	0
Corynebacterium_maris_DSM_45190	0.15	0	0.06666666666666667	0	0	0.16666666666666666	0.1111111111111111	0.09090909090909091	0.3125	0.23076923076923078	0	0.16666666666666666	0.05555555555555555	0.06666666666666667	0	0	0	0	0	0	0.012396694214876032	0.008264462809917356	0.010330578512396695	0.010330578512396695	0.002066115702479339	0.01859504132231405	0.02066115702479339	0.006198347107438016	0.01652892561983471	0.01859504132231405	0.002066115702479339	0.008264462809917356	0.012396694214876032	0.004132231404958678	0.006198347107438016	0.024793388429752063	0.008264462809917356	0.024793388429752063	0.006198347107438016	0.006198347107438016	44
Corynebacterium_matruchotii	0	0	0	0	0	0	0	0	0	0	0	0	0	0	0	0	0	0	0	0	0.0	0.0	0.0	0.0	0.0	0.0	0.0	0.0	0.0	0.0	0.0	0.0	0.0	0.0	0.0	0.0	0.0	0.0	0.0	0.0	1
Corynebacterium_minutissimum	0	0	0	0	0	0	0	0.42857142857142855	0	0	0	0	0	0	0	0	0	0	0	0	0.0	0.030303030303030304	0.0	0.0	0.0	0.0	0.004329004329004329	0.012987012987012986	0.0	0.0	0.008658008658008658	0.0	0.0	0.0	0.0	0.0	0.0	0.004329004329004329	0.004329004329004329	0.0	21
Corynebacterium_pseudotuberculosis	0	0	0	0	0	0	0	0	0	0	0	0	0	0	0	0	0	0	0	0	0.0	0.0	0.0	0.0	0.0	0.0	0.0	0.0	0.0	0.09090909090909091	0.0	0.0	0.0	0.0	0.0	0.0	0.0	0.0	0.09090909090909091	0.0	1
Corynebacterium_pseudotuberculosis_Cp162	0	0	0	0	0	0	0	0	0	0	0	0	0	0	0	0	0	0	0.16666666666666666	0	0.0	0.0	0.0	0.0	0.0	0.0909090909090909	0.0	0.0	0.0909090909090909	0.0	0.0	0.0	0.0	0.0	0.0	0.0	0.07575757575757576	0.07575757575757576	0.015151515151515152	0.0	6
Corynebacterium_renale	1.0	0	0	0	0	0	0	0	0	0	0	0	0	0	0	0	0	0	0	0	0.030303030303030304	0.0	0.030303030303030304	0.0	0.030303030303030304	0.0	0.0	0.030303030303030304	0.0	0.0	0.0	0.0	0.0	0.030303030303030304	0.0	0.0	0.0	0.0	0.0	0.0	3
Corynebacterium_segmentosum	0	0	0	0	0	0	0	0	0	0	0	0	0	0	0	0	0	0	0	0	0.0	0.0	0.0	0.0	0.0	0.0	0.0	0.030303030303030304	0.0	0.0	0.0	0.0	0.0	0.0	0.0	0.0	0.0	0.0	0.030303030303030304	0.030303030303030304	3
Corynebacterium_sphenisci	0	0	0	0	0	0	0	0	0	0	0	0	0	0	0	0	0	0	0	0	0	0	0	0	0	0	0	0	0	0	0	0	0	0	0	0	0	0	0	0	0
Corynebacterium_sphenisci_DSM_44792	0.07692307692307693	0	0.07692307692307693	0.038461538461538464	0	0	0.047619047619047616	0.038461538461538464	0.13636363636363635	0.08	0	0	0.09090909090909091	0	0	0	0	0	0.05	0	0.012987012987012988	0.002886002886002886	0.01875901875901876	0.0202020202020202	0.012987012987012988	0.001443001443001443	0.012987012987012988	0.01443001443001443	0.008658008658008658	0.008658008658008658	0.007215007215007215	0.008658008658008658	0.015873015873015872	0.0101010101010101	0.0101010101010101	0.015873015873015872	0.007215007215007215	0.012987012987012988	0.011544011544011544	0.015873015873015872	63
Corynebacterium_stationis	0	0	0	0	0	0	0	0	0	0	0	0	0	0.5	0	0	0	0	0	0	0.0	0.022727272727272728	0.0	0.022727272727272728	0.0	0.0	0.0	0.0	0.0	0.022727272727272728	0.0	0.0	0.0	0.022727272727272728	0.022727272727272728	0.045454545454545456	0.022727272727272728	0.0	0.0	0.0	4
Corynebacterium_striatum	0	0	0	0	0	0.09090909090909091	0	0	0	0	0	0	0	0	0.25	0	0	0	0	0	0.004545454545454545	0.022727272727272728	0.00909090909090909	0.004545454545454545	0.0	0.00909090909090909	0.00909090909090909	0.031818181818181815	0.01818181818181818	0.004545454545454545	0.013636363636363636	0.0	0.004545454545454545	0.0	0.00909090909090909	0.004545454545454545	0.00909090909090909	0.00909090909090909	0.0	0.004545454545454545	20
Corynebacterium_urealyticum	0.3333333333333333	0	0	0.2	0	0	0.4	0	0	0	0	0	0	0	0	0	0.2	0	0.2	0	0.020979020979020976	0.020979020979020976	0.013986013986013986	0.020979020979020976	0.04195804195804195	0.013986013986013986	0.020979020979020976	0.0	0.0	0.0	0.0	0.006993006993006993	0.0	0.0	0.006993006993006993	0.020979020979020976	0.013986013986013986	0.006993006993006993	0.020979020979020976	0.006993006993006993	13
Corynebacterium_ureicelerivorans	0	0	0	0	0	0	0	0	0	0	0	0	0	0	1.0	0	0	0	0	0	0.0	0.022727272727272728	0.0	0.0	0.0	0.045454545454545456	0.022727272727272728	0.022727272727272728	0.022727272727272728	0.022727272727272728	0.0	0.022727272727272728	0.0	0.022727272727272728	0.045454545454545456	0.022727272727272728	0.022727272727272728	0.0	0.045454545454545456	0.0	4
Corynebacterium_xerosis	0.09090909090909091	0	0.0625	0	0	0	0	0.07692307692307693	0.06666666666666667	0.1111111111111111	0	0	0	0	0	0.07692307692307693	0	0	0	0	0.01859504132231405	0.01652892561983471	0.01652892561983471	0.012396694214876032	0.010330578512396695	0.012396694214876032	0.01652892561983471	0.008264462809917356	0.010330578512396695	0.014462809917355372	0.012396694214876032	0.004132231404958678	0.008264462809917356	0.008264462809917356	0.01652892561983471	0.012396694214876032	0.008264462809917356	0.012396694214876032	0.002066115702479339	0.006198347107438016	44
Cowpox_virus	0	0	0	0	0	0	0	0	0	0	0	0	0	0	0	0	0	0	0	0	0	0	0	0	0	0	0	0	0	0	0	0	0	0	0	0	0	0	0	0	0
Coxiella_burnetii	0	0	0	0	0	0	0.07142857142857142	0	0	0	0	0	0	0	0	0	0	0	0	0	0.008556149732620321	0.0037433155080213902	0.0	0.0	0.0	5.347593582887701E-4	0.0010695187165775401	0.006951871657754011	0.0010695187165775401	0.0	0.0	0.0053475935828877	0.0	0.0	0.00160427807486631	0.00320855614973262	0.00802139037433155	0.0074866310160427805	0.00160427807486631	0.00641711229946524	170
Coxiella_burnetii_Dugway_5J108-111	0	0	0	0	0	0	0	0	0	0	0	0	0	0	0	0	0.375	0	0	0	0.005347593582887701	0.0160427807486631	0.0160427807486631	0.013368983957219251	0.005347593582887701	0.0160427807486631	0.013368983957219251	0.010695187165775402	0.0	0.0	0.010695187165775402	0.010695187165775402	0.005347593582887701	0.013368983957219251	0.013368983957219251	0.0	0.01871657754010695	0.021390374331550804	0.010695187165775402	0.0	34
Cryptosporidium	0	0	0	0	0	0	0	0	0	0	0	0	0	0	0	0	0	0	0	0	0	0	0	0	0	0	0	0	0	0	0	0	0	0	0	0	0	0	0	0	0
Cryptosporidium_parvum	0	0	0	0	0	0	0	0	0	0	0	0	0	0	0	0	0	0	0	0	0	0	0	0	0	0	0	0	0	0	0	0	0	0	0	0	0	0	0	0	0
Deltaretrovirus	0	0	0	0	0	0	0	0	0	0	0	0	0	0	0	0	0	0	0	0	0	0	0	0	0	0	0	0	0	0	0	0	0	0	0	0	0	0	0	0	0
Ehrlichia_canis	0	0	0	0	0	0	0	0	0	0	0	0	0	0	0	0	0	0	0	0	0	0	0	0	0	0	0	0	0	0	0	0	0	0	0	0	0	0	0	0	0
Enterococcus_avium	0	0	0	0	0	0	0	0	0	0	0	0	0	0	0	0	0	0	0	0	0	0	0	0	0	0	0	0	0	0	0	0	0	0	0	0	0	0	0	0	0
Enterococcus_casseliflavus	0	0	0	0	0	0	0	0	0	0	0	0	0	0	0	0	0	0	0	0	0	0	0	0	0	0	0	0	0	0	0	0	0	0	0	0	0	0	0	0	0
Enterococcus_cecorum	0	0	0	0	0	0	0	0	0	0	0	0	0	0	0	0	0	0	0	0	0	0	0	0	0	0	0	0	0	0	0	0	0	0	0	0	0	0	0	0	0
Enterococcus_durans	0	1.0	0	0	0	0	0	0	0	0	0	0	0	0	0	0	0	0	0	0	0.09090909090909091	0.09090909090909091	0.0	0.09090909090909091	0.0	0.0	0.0	0.0	0.09090909090909091	0.0	0.0	0.0	0.0	0.0	0.0	0.0	0.0	0.0	0.0	0.0	1
Enterococcus_faecalis	0	0	0	0	0	0	0	0	0	0	0	0	0	0	0	0	0	0	0	0	0	0	0	0	0	0	0	0	0	0	0	0	0	0	0	0	0	0	0	0	0
Enterococcus_faecium	0	0	0	0	0	0	0	0.3333333333333333	0	0	0	0	0	0	0	0	0	0	0	0	0.0	0.0	0.0	0.030303030303030304	0.0	0.015151515151515152	0.015151515151515152	0.030303030303030304	0.015151515151515152	0.030303030303030304	0.0	0.0	0.0	0.0	0.0	0.0	0.0	0.0	0.0	0.0	6
Enterococcus_faecium_Com15	0	0	0	0	0	0	0	0	0	0	0	0	0	0	0	0	0	0	0	0	0.0	0.0	0.0	0.0	0.0	0.0	0.0	0.0	0.0	0.0	0.0	0.0	0.0	0.0	0.0	0.0	0.0	0.0	0.0	0.0	4
Enterococcus_hirae	0	0	0	0	0	0	0	0	0	0	0	0	0	0	0	0	0	0	0	0	0	0	0	0	0	0	0	0	0	0	0	0	0	0	0	0	0	0	0	0	0
Enterococcus_hirae_ATCC_9790	0	0	0	0	0	0	0	0	0	0	0	0	0	0	0	0	0	0	0	0	0.0	0.0	0.0	0.0	0.0	0.0	0.0	0.0	0.0	0.0	0.0	0.0	0.0	0.0	0.0	0.0	0.0	0.0	0.0	0.0839160839160839	13
Enterococcus_mundtii	0	0	0	0	0	0	0	0	0	0	0	0	0	0	0	0	0	0	0	0	0	0	0	0	0	0	0	0	0	0	0	0	0	0	0	0	0	0	0	0	0
Enterovirus_B	0	0	0	0	0	0	0	0	0	0	0	0	0	0	0	0	0	0	0	0	0	0	0	0	0	0	0	0	0	0	0	0	0	0	0	0	0	0	0	0	0
Epizootic_hemorrhagic_disease_virus_(serotype_1_/_strain_New_Jersey)	0	0	0	0	0	0	0	0	0	0	0	0	0	0	0	0	0	0	0	0	0	0	0	0	0	0	0	0	0	0	0	0	0	0	0	0	0	0	0	0	0
Equine_rhinitis_A_virus	0	0	0	0	0	0	0	0	0	0	0	0	0	0	0	0	0	0	0	0	0	0	0	0	0	0	0	0	0	0	0	0	0	0	0	0	0	0	0	0	0
Erysipelothrix_rhusiopathiae	0	0	0	0	0	0	0	0	0	0	0	0	0	0	0	0	0	0	0	0	0	0	0	0	0	0	0	0	0	0	0	0	0	0	0	0	0	0	0	0	0
Erythroparvovirus	0	0	0	0	0	0	0	0	0	0	0	0	0	0	0	0	0	0	0	0	0	0	0	0	0	0	0	0	0	0	0	0	0	0	0	0	0	0	0	0	0
Escherichia_coli	0	0	0.15625	0	0	0.09090909090909091	0.17391304347826086	0	0	0	0	0	0	0	0.6470588235294118	0	0	0	0	0.16666666666666666	0.0011806375442739079	0.009445100354191263	0.009445100354191263	0.004722550177095631	0.009445100354191263	0.004722550177095631	0.0059031877213695395	0.0011806375442739079	0.0	0.007083825265643447	0.014167650531286893	0.0	0.0	0.0035419126328217233	0.01652892561983471	0.01652892561983471	0.014167650531286893	0.008264462809917356	0.007083825265643447	0.0035419126328217233	77
Escherichia_coli_NCCP15648	0	0	0	0	0	0	0	0	0	0	0	0	0	0	0	0	0	0	0	0	0.0	0.0	0.09090909090909091	0.0	0.09090909090909091	0.0	0.0	0.09090909090909091	0.0	0.0	0.0	0.0	0.0	0.0	0.0	0.0	0.0	0.0	0.06818181818181818	0.0	4
Escherichia_coli_O111	0	0	0	0	0	0	0	0	0	0	0	0	0	0	0	0	0	0	0	0	0	0	0	0	0	0	0	0	0	0	0	0	0	0	0	0	0	0	0	0	0
Escherichia_coli_O157:H7	0	0	0	0	0	0	0	0	0	0	0	0	0	0	0	0	0	0	0	0	0	0	0	0	0	0	0	0	0	0	0	0	0	0	0	0	0	0	0	0	0
Escherichia_coli_O26	0	0	0	0	0	0	0	0	0	0	0	0	0	0	0	0	0	0	0	0	0	0	0	0	0	0	0	0	0	0	0	0	0	0	0	0	0	0	0	0	0
Francisella_tularensis	0	0	0	0	0	0	0	0	0	0	0	0	0	0	0	0	0	0	0	0	0.030303030303030304	0.007575757575757576	0.015151515151515152	0.007575757575757576	0.0	0.015151515151515152	0.007575757575757576	0.0	0.0	0.015151515151515152	0.030303030303030304	0.015151515151515152	0.0	0.022727272727272724	0.015151515151515152	0.0	0.015151515151515152	0.015151515151515152	0.015151515151515152	0.0	12
Fusobacterium	0	0	0	0	0	0	0	0	0	0	0	0	0	0	0	0	0	0	0	0	0.0	0.0030816640986132513	0.0	0.0030816640986132513	0.0	0.0	0.0	0.0	0.0	0.0	0.0	0.0	0.0	0.0030816640986132513	0.0	0.0030816640986132513	0.08628659476117104	0.0	0.0	0.0	59
Fusobacterium_mortiferum_ATCC_9817	0	0	0	0	0	0	0	0	0	0	0	0	0	0	0	0	0	0	0	0	0.0	0.0	0.030303030303030304	0.0	0.0	0.0	0.0	0.0	0.0	0.030303030303030304	0.0	0.0	0.030303030303030304	0.0	0.030303030303030304	0.0	0.0	0.0	0.0	0.0909090909090909	3
Fusobacterium_necrophorum	0	0	0	0	0	0	0	0	0	0	0	0	0	0	0	0	0	0	0	0	0.0	0.0	0.0	0.0	0.0	0.0	0.0	0.0	0.0	0.0	0.0	0.0	0.0	0.0	0.0	0.0	0.0	0.0	0.0	0.0	4
Fusobacterium_nucleatum	0	0	0	0	0	0	0	0	0	0	0	0	0	0	0	0	0	0	0	0	0	0	0	0	0	0	0	0	0	0	0	0	0	0	0	0	0	0	0	0	0
Fusobacterium_pseudoperiodonticum	0	0	1.0	0	0	0	0	0	0	0	0	0	0	0	0	0	0	0	0	0	0.0	0.0	0.09090909090909091	0.028409090909090908	0.0	0.0	0.028409090909090908	0.0	0.0625	0.0	0.028409090909090908	0.0	0.0	0.0	0.056818181818181816	0.0	0.028409090909090908	0.056818181818181816	0.0	0.056818181818181816	16
Goatpox_virus	0	0	0	0	0	0	0	0	0	0	0	0	0	0	0	0	0	0	0	0	0	0	0	0	0	0	0	0	0	0	0	0	0	0	0	0	0	0	0	0	0
Haemophilus_influenzae	0	0	0	0	0	0	0	0	0	0	0	0	0	0	0	0	0	0	0	0	0	0	0	0	0	0	0	0	0	0	0	0	0	0	0	0	0	0	0	0	0
Helicobacter_cinaedi	0	0	0	0	0	0	0	0	0	0	0	0	0	0	0	0	0	0	0	0	0.0	0.0	0.0	0.0	0.0	0.0	0.0	0.0	0.0	0.0	0.09090909090909091	0.0	0.0	0.09090909090909091	0.0	0.0	0.0	0.0	0.0	0.0	1
Helicobacter_pylori	0	0	0	0	0	0	0	0	0	0	0	0	0.008695652173913044	0	0	1.0	0	0	0	0	2.858776443682104E-4	0.0	5.717552887364208E-4	5.717552887364208E-4	0.004002287021154945	0.0	5.717552887364208E-4	0.0	0.004002287021154945	0.004002287021154945	0.0	2.858776443682104E-4	2.858776443682104E-4	2.858776443682104E-4	0.0	0.028587764436821043	0.0	0.0	0.029159519725557463	8.576329331046312E-4	318
Helicobacter_pylori_ELS37	0	0	0	0	0	0	0	0	0	0	0	0	0	0	0	0	0	0	0	0	0.0	0.0	0.0	0.0	0.0	0.0	0.0	0.0	0.0	0.0	0.0	0.0	0.0	0.0	0.0	0.0	0.0	0.0	0.0	0.0	1
Helicobacter_pylori_Shi112	0	0	0	0	0	0	0.3333333333333333	0	0	0	0	0.33	0	0	0	0	0	0	0	0	0.0	0.0	0.0	0.0	0.0	0.01814552712756306	0.01814552712756306	0.0	0.01814552712756306	0.0	0.018326982398838686	0.017964071856287425	0.0	1.8145527127563056E-4	0.0	0.01814552712756306	0.0	0.0	0.0	1.8145527127563056E-4	501
Hepatitis_B_virus	0	0	0	0	0	0	0	0	0	0	0	0	0	0	0	0	0	0	0	0	0	0	0	0	0	0	0	0	0	0	0	0	0	0	0	0	0	0	0	0	0
Hepatitis_E_virus	0	0	0	0	0	0	0	0	0	0	0	0	0	0	0	0	0	0	0	0	0	0	0	0	0	0	0	0	0	0	0	0	0	0	0	0	0	0	0	0	0
Hepatitis_delta_virus	0	0	0	0	0	0	0	0	0	0	0	0	0	0	0	0	0	0	0	0	0	0	0	0	0	0	0	0	0	0	0	0	0	0	0	0	0	0	0	0	0
Human_adenovirus_1	0	0	0	0	0	0	0	0	0	0	0	0	0	0	0	0	0	0	0	0	0	0	0	0	0	0	0	0	0	0	0	0	0	0	0	0	0	0	0	0	0
Human_adenovirus_2	0	0	0	0	0	0	0	0	0	0	0	0	0	0	0	0	0	0	0	0	0	0	0	0	0	0	0	0	0	0	0	0	0	0	0	0	0	0	0	0	0
Human_adenovirus_35	0	0	0	0	0	0	0	0	0	0	0	0	0	0	0	0	0	0	0	0	0	0	0	0	0	0	0	0	0	0	0	0	0	0	0	0	0	0	0	0	0
Human_adenovirus_5	0	0	0	0	0	0	0	0	0	0	0	0	0	0	0	0	0	0	0	0	0	0	0	0	0	0	0	0	0	0	0	0	0	0	0	0	0	0	0	0	0
Human_adenovirus_54	0	0	0	0	0	0	0	0	0	0	0	0	0	0	0	0	0	0	0	0	0	0	0	0	0	0	0	0	0	0	0	0	0	0	0	0	0	0	0	0	0
Human_adenovirus_7	0	0	0	0	0	0	0	0	0	0	0	0	0	0	0	0	0	0	0	0	0	0	0	0	0	0	0	0	0	0	0	0	0	0	0	0	0	0	0	0	0
Human_alphaherpesvirus_1	0	0	0	0	0	0	0	0	0	0	0	0	0	0	0	0	0	0	0	0	0	0	0	0	0	0	0	0	0	0	0	0	0	0	0	0	0	0	0	0	0
Human_alphaherpesvirus_2	0	0	0	0	0	0	0	0	0	0	0	0	0	0	0	0	0	0	0	0	0	0	0	0	0	0	0	0	0	0	0	0	0	0	0	0	0	0	0	0	0
Human_alphaherpesvirus_3	0	0	0	0	0	0	0	0	0	0	0	0	0	0	0	0	0	0	0	0	0	0	0	0	0	0	0	0	0	0	0	0	0	0	0	0	0	0	0	0	0
Human_gammaherpesvirus_4	0	0	0	0	0	0	0	0	0	0	0	0	0	0	0	0	0	0	0	0	0	0	0	0	0	0	0	0	0	0	0	0	0	0	0	0	0	0	0	0	0
Human_herpesvirus_4_type_2	0	0	0	0	0	0	0	0	0	0	0	0	0	0	0	0	0	0	0	0	0	0	0	0	0	0	0	0	0	0	0	0	0	0	0	0	0	0	0	0	0
Human_mastadenovirus_C	0	0	0	0	0	0	0	0	0	0	0	0	0	0	0	0	0	0	0	0	0	0	0	0	0	0	0	0	0	0	0	0	0	0	0	0	0	0	0	0	0
JC_polyomavirus	0	0	0	0	0	0	0	0	0	0	0	0	0	0	0	0	0	0	0	0	0	0	0	0	0	0	0	0	0	0	0	0	0	0	0	0	0	0	0	0	0
Klebsiella_aerogenes	0.13636363636363635	0	0	0	0	0	0	0	0	0	0	0	0.09090909090909091	0.07407407407407407	0	0.1	0	0.08695652173913043	0	0	0.011207970112079703	0.011207970112079703	0.012453300124533	0.0074719800747198	0.0149439601494396	0.0074719800747198	0.016189290161892904	0.0049813200498132005	0.0074719800747198	0.0049813200498132005	0.0049813200498132005	0.0049813200498132005	0.0074719800747198	0.0024906600249066002	0.0037359900373599	0.0024906600249066002	0.011207970112079703	0.0049813200498132005	0.0049813200498132005	0.0149439601494396	73
Klebsiella_aerogenes_EA1509E	0.30612244897959184	0	0	0	0	0	0	0	0	0	0	0	0	0	0	0	0	0	0	1.0	0.026737967914438502	0.0	0.0035650623885918006	0.007130124777183601	0.007130124777183601	0.05704099821746881	0.026737967914438502	0.0	0.0	0.0	0.007130124777183601	0.0	0.0516934046345811	0.0	0.0	0.0	0.0	0.026737967914438502	0.028520499108734405	0.028520499108734405	51
Klebsiella_michiganensis	0	0	0	0.2608695652173913	0	0	0	0	0	0	0	0.18181818181818182	0	0.09090909090909091	0.058823529411764705	0	0	0	0	0.2727272727272727	0.012396694214876032	0.0	0.008264462809917356	0.012396694214876032	0.010330578512396695	0.006198347107438016	0.0	0.010330578512396695	0.006198347107438016	0.006198347107438016	0.0	0.014462809917355372	0.026859504132231406	0.010330578512396695	0.012396694214876032	0.010330578512396695	0.022727272727272728	0.02066115702479339	0.012396694214876032	0.01652892561983471	44
Klebsiella_oxytoca	0	0	0.1111111111111111	0	0	0	0	0	0	0	0	0	0	0	0	0	0	0	0	0	0.011131725417439703	0.01855287569573284	0.014842300556586271	0.012987012987012986	0.022263450834879406	0.0	0.0	0.0018552875695732839	0.00927643784786642	0.012987012987012986	0.00927643784786642	0.00927643784786642	0.011131725417439703	0.022263450834879406	0.00927643784786642	0.012987012987012986	0.0018552875695732839	0.03153988868274583	0.0463821892393321	0.011131725417439703	49
Klebsiella_pneumoniae	0	0	0	0.6666666666666666	0	0	0	0	0	0	0	0	0	0	0	0	0	0	0	0	0.0	0.029708853238265005	0.029708853238265005	0.030303030303030304	0.030600118835412953	0.030303030303030304	2.9708853238265005E-4	2.9708853238265005E-4	0.03000594177064765	0.0	0.0	0.029708853238265005	0.0	0.0	0.029708853238265005	0.0	0.0	0.030303030303030304	0.06060606060606061	5.941770647653001E-4	306
Klebsiella_pneumoniae_subsp._pneumoniae	0	0	0	0	0	0	0	0	0	0	0	0	0	0	0	0	0	0	0	0	0.0	0.0	0.0	0.0	0.0	0.0	0.0	0.09090909090909091	0.0	0.0	0.08522727272727272	0.0	0.0	0.0	0.005681818181818182	0.005681818181818182	0.0	0.0	0.08522727272727272	0.005681818181818182	16
Klebsiella_pneumoniae_subsp._pneumoniae_KPNIH24	0	0	0	0	0	0	0	0	0	0	0	0	1.0	0	0	0	0	0	0	0.9930555555555556	0.0	0.0	0.0	0.0	0.0	0.0	0.09090909090909091	0.0	0.0	0.0	0.0	0.09027777777777778	6.313131313131314E-4	0.0	0.0	0.0	0.0	0.0	6.313131313131314E-4	0.09027777777777778	144
Klebsiella_pneumoniae_subsp._pneumoniae_KPNIH27	0	0	0	0	0	0	0	0	0	0	0	0	0	0	0	0	0	0	0	0	0.007272727272727272	0.007272727272727272	0.0	0.007272727272727272	0.0	0.0	0.007272727272727272	0.0	0.0	0.0	0.0012121212121212121	0.0	0.0	0.0	0.0	0.0	0.0012121212121212121	0.0	0.007272727272727272	0.0	75
Klebsiella_pneumoniae_subsp._pneumoniae_PittNDM01	0	0	0	0	0	0	0	0	0	0	0	0	0	0	0	0	0	0	0	0	0.0	0.0	0.0	0.0	0.0	0.0	0.0	0.0	0.0	0.09090909090909091	0.0	0.0	0.0	0.0	0.0	0.0	0.0	0.0	0.0023923444976076554	0.0	38
Klebsiella_pneumoniae_subsp._rhinoscleromatis	0	0	0	0	0	0	0	0	0	0	0	0	0	0	0	0	0	0	0	0	0	0	0	0	0	0	0	0	0	0	0	0	0	0	0	0	0	0	0	0	0
Legionella_anisa	0	0	0	0	0	0	0	0	0	0	0	0	0	0	0	0	0	0	0	0	0	0	0	0	0	0	0	0	0	0	0	0	0	0	0	0	0	0	0	0	0
Legionella_lansingensis	0	0	0	0	0	0	0	0	0	0	0	0	0	0	0	0	0	0	0	0	0.045454545454545456	0.045454545454545456	0.0	0.0	0.0	0.0	0.0	0.0	0.0	0.0	0.045454545454545456	0.0	0.045454545454545456	0.0	0.0	0.0	0.0	0.045454545454545456	0.045454545454545456	0.0	2
Legionella_pneumophila	0	0	0	0	0	0	0	0	0	0	0	0	0	0	0	0	0	0	0	0	0.0	0.0	0.0	0.0	0.0	0.0	0.0	0.0	0.0	0.0	0.0	0.0	0.0	0.0	0.0	0.0	0.0	0.0	0.0	0.0	1
Leptospira_alexanderi	0	0	0	0	0	0	0	0	0	0	0	0	0	0	0	0	0	0	0	0	0	0	0	0	0	0	0	0	0	0	0	0	0	0	0	0	0	0	0	0	0
Leptospira_alstonii	0	0	0	0	0	0	0	0	0	0	0	0	0	0	0	0	0	0	0	0	0	0	0	0	0	0	0	0	0	0	0	0	0	0	0	0	0	0	0	0	0
Leptospira_biflexa	0	0	0	0	0	0	0	0	0	0	0	0	0	0	0	0	0	0	0	0	0	0	0	0	0	0	0	0	0	0	0	0	0	0	0	0	0	0	0	0	0
Leptospira_borgpetersenii	0	1.0	0	0	0	0	0	0.4	0	0	0	0	0	0	0	0	0	0	0	0	0.0606060606060606	0.020202020202020204	0.020202020202020204	0.020202020202020204	0.0	0.0303030303030303	0.020202020202020204	0.020202020202020204	0.0	0.0	0.0	0.0	0.0	0.0	0.0606060606060606	0.0	0.0	0.0	0.0	0.010101010101010102	9
Leptospira_borgpetersenii_serovar_Ceylonica	0	0	0	0	0.0967741935483871	0.6666666666666666	0	0	0	0	0	0	0.2727272727272727	0	0	0	0	0	0	0.8888888888888888	0.0202020202020202	0.00505050505050505	0.0404040404040404	0.0202020202020202	0.00505050505050505	0.01346801346801347	0.01346801346801347	0.00505050505050505	0.0	0.006734006734006735	0.01346801346801347	0.0	0.0101010101010101	0.01346801346801347	0.0	0.0	0.0	0.01346801346801347	0.03872053872053872	0.0202020202020202	54
Leptospira_broomii	0	0	0	0	0	0	0	0	0	0	0	0	0	0	0	0	0	0	0	0	0	0	0	0	0	0	0	0	0	0	0	0	0	0	0	0	0	0	0	0	0
Leptospira_fainei	0	0	0	0	0	0	0	0	0	0	0	0	0	0	0	0	0	0	0	0	0	0	0	0	0	0	0	0	0	0	0	0	0	0	0	0	0	0	0	0	0
Leptospira_inadai	0	0	0	0	0	0	0	0	0	0	0	0	0	0	0	0	0	0	0	0	0	0	0	0	0	0	0	0	0	0	0	0	0	0	0	0	0	0	0	0	0
Leptospira_interrogans	0	0	0	0	0	0	0	0	0	0	0	0	0	0	0	0	1.0	0	0	0.9	0.009569377990430622	0.017224880382775122	0.021052631578947368	0.0	0.0	0.022966507177033493	0.0	0.0	0.0	0.0	0.01818181818181818	0.0	0.017224880382775122	0.031578947368421054	0.010526315789473684	0.0	0.01818181818181818	9.569377990430622E-4	0.017224880382775122	0.0277511961722488	95
Leptospira_kirschneri	0	0	0	0	0	0	0	0	0	0	0	0	0	0	0	0	0	0	0	0	0	0	0	0	0	0	0	0	0	0	0	0	0	0	0	0	0	0	0	0	0
Leptospira_kmetyi	0	0	0	0	0	0	0	0	0	0	0	0	0	0	0	0	0	0	0	0	0	0	0	0	0	0	0	0	0	0	0	0	0	0	0	0	0	0	0	0	0
Leptospira_licerasiae	0	0	0	0	0	0	0	0	0	0	0	0	0	0	0	0	0	0	0	0	0	0	0	0	0	0	0	0	0	0	0	0	0	0	0	0	0	0	0	0	0
Leptospira_noguchii	0	0	0	0	0	0	0	0	0	0	0	0	0	0	0	0	0	0	0	0	0	0	0	0	0	0	0	0	0	0	0	0	0	0	0	0	0	0	0	0	0
Leptospira_santarosai	0	0	0	0	0	0	0	0	1.0	0	0	0	0	0	0	0	0	0	0	0	0.0	0.0	0.0	0.0	0.0	0.0	0.0	0.030303030303030304	0.06060606060606061	0.0	0.0	0.0	0.0	0.0	0.06060606060606061	0.0	0.030303030303030304	0.0	0.0	0.0	3
Leptospira_weilii	0.13333333333333333	0	0	0	0	0	0	0	0	0	0	0.25	0	0.75	0.8571428571428571	0.25	0	0.07142857142857142	0	0	0.018648018648018648	0.006993006993006992	0.0	0.006993006993006992	0.0	0.02097902097902098	0.006993006993006992	0.013986013986013984	0.006993006993006992	0.002331002331002331	0.006993006993006992	0.006993006993006992	0.0	0.02097902097902098	0.02097902097902098	0.009324009324009324	0.006993006993006992	0.009324009324009324	0.006993006993006992	0.02097902097902098	39
Leptospira_wolffii	0	0	0	0	0	0	0	0	0	0	0	0	0	0	0	0	0	0	0	0	0	0	0	0	0	0	0	0	0	0	0	0	0	0	0	0	0	0	0	0	0
Listeria_monocytogenes	0	0	1.0	0	0	0	0	0	0	0	0	0	0	0	0	0	0	0.3333333333333333	0	0	0.0	0.0	0.022727272727272728	0.022727272727272728	0.0	0.0	0.0	0.0	0.0	0.0	0.0	0.0	0.0	0.0	0.0	0.0	0.045454545454545456	0.022727272727272728	0.0	0.0	4
Lumpy_skin_disease_virus	0	0	0	0	0	0	0	0	0	0	0	0	0	0	0	0	0	0	0	0	0	0	0	0	0	0	0	0	0	0	0	0	0	0	0	0	0	0	0	0	0
Lymphocryptovirus	0	0	0	0	0	0	0	0	0	0	0	0	0	0	0	0	0	0	0	0	0	0	0	0	0	0	0	0	0	0	0	0	0	0	0	0	0	0	0	0	0
Mannheimia_haemolytica	0	0	0	0	0	0	0	0	0	0	0	0	0	0	0	0	0	0	0	0	0.0	0.0	0.0	0.0	0.0	0.0	0.0	0.09090909090909091	0.09090909090909091	0.09090909090909091	0.0	0.0	0.07954545454545454	0.0	0.0	0.0	0.0	0.0	0.0	0.0	8
Measles_morbillivirus	0	0	0	0	0	0	0	0	0	0	0	0	0	0	0	0	0	0	0	0	0	0	0	0	0	0	0	0	0	0	0	0	0	0	0	0	0	0	0	0	0
Methanobrevibacter_oralis	0	0	0	0	0	0	0	0	0	0	0	0	0	0	0	0	0	0	0	0	0	0	0	0	0	0	0	0	0	0	0	0	0	0	0	0	0	0	0	0	0
Moraxella_catarrhalis	0	0	1.0	0	0	0	0	0	0	0	0	0	0	0	0	0	0	0	1.0	0	0.0	0.0	0.09090909090909091	0.0	0.0	0.0	0.0	0.09090909090909091	0.0	0.0	0.045454545454545456	0.0	0.0	0.0	0.045454545454545456	0.0	0.045454545454545456	0.0	0.045454545454545456	0.0	2
Morbillivirus	0	0	0	0	0	0	0	0	0	0	0	0	0	0	0	0	0	0	0	0	0	0	0	0	0	0	0	0	0	0	0	0	0	0	0	0	0	0	0	0	0
Mycobacterium_avium	0.023668639053254437	0	0.011764705882352941	0.0641025641025641	0	0.011494252873563218	0	0	0	0.057777777777777775	0	0.04477611940298507	0.11274509803921569	0.030927835051546393	0.018292682926829267	0.16568047337278108	0.06666666666666667	0.010869565217391304	0.04065040650406504	0.07194244604316546	0.016611295681063124	0.017517366354575657	0.007248565388100271	0.0022651766837813348	0.01359106010268801	0.010419812745394141	0.0028692237994563576	0.007399577167019027	0.008305647840531562	0.010268800966475386	0.006493506493506494	0.005889459377831471	0.006493506493506494	0.012080942313500452	0.014648142555119299	0.01948051948051948	0.014346118997281788	0.009060706735125339	0.008607671398369073	0.016158260344306855	602
Mycobacterium_avium_subsp._avium	0.5	0	0	0	0	0.6666666666666666	0	0	0	0	0.5	0	0	0.4	0	0	0	0	0.2857142857142857	0	0.03896103896103896	0.0	0.008658008658008658	0.03896103896103896	0.004329004329004329	0.021645021645021644	0.017316017316017316	0.0	0.0	0.008658008658008658	0.017316017316017316	0.004329004329004329	0.017316017316017316	0.008658008658008658	0.0	0.017316017316017316	0.0	0.025974025974025972	0.025974025974025972	0.012987012987012986	21
Mycobacterium_avium_subsp._hominissuis	0.12	0	0	0	0	0	0	0.09523809523809523	0.14285714285714285	0	0	0	0	0	0	0.07142857142857142	0	0.045454545454545456	0	0	0.006493506493506493	0.01038961038961039	0.023376623376623377	0.00909090909090909	0.012987012987012986	0.0012987012987012987	0.0012987012987012987	0.01818181818181818	0.016883116883116885	0.005194805194805195	0.005194805194805195	0.0012987012987012987	0.0025974025974025974	0.01038961038961039	0.012987012987012986	0.006493506493506493	0.011688311688311689	0.01948051948051948	0.0038961038961038957	0.02207792207792208	70
Mycobacterium_avium_subsp._paratuberculosis	0	0	0	0.3333333333333333	0.14285714285714285	0	0	0	0	0	0	0	0.17647058823529413	0	0	0	0	0	0.3333333333333333	0.14285714285714285	0.00737100737100737	0.0	0.019656019656019656	0.03194103194103194	0.02702702702702703	0.0171990171990172	0.0	0.0	0.009828009828009828	0.002457002457002457	0.004914004914004914	0.004914004914004914	0.012285012285012284	0.022113022113022116	0.022113022113022116	0.012285012285012284	0.002457002457002457	0.002457002457002457	0.0343980343980344	0.01474201474201474	37
Mycobacterium_canettii	0	0	0	0	0	0	0	0	0	0	0	0	0	0	0	0	0	0	0	0	0.0	0.0	0.0	0.0	0.0	0.0	0.0	0.0	0.0	0.030303030303030304	0.0	0.0	0.0	0.0	0.015151515151515152	0.015151515151515152	0.015151515151515152	0.0	0.0	0.0	6
Mycobacterium_colombiense	0	0	0	0	0	0	0	0	0	0	0	0	0	0	0	0	0	0	0	0	0	0	0	0	0	0	0	0	0	0	0	0	0	0	0	0	0	0	0	0	0
Mycobacterium_colombiense_CECT_3035	0	0.1111111111111111	0.07692307692307693	0	0	0	0	0	0	0.05	0	0	0.05263157894736842	0.09523809523809523	0.125	0	0	0.05555555555555555	0	0.13333333333333333	0.010489510489510488	0.012237762237762238	0.00874125874125874	0.024475524475524476	0.012237762237762238	0.012237762237762238	0.010489510489510488	0.013986013986013986	0.005244755244755244	0.012237762237762238	0.015734265734265736	0.012237762237762238	0.005244755244755244	0.005244755244755244	0.010489510489510488	0.005244755244755244	0.020979020979020976	0.005244755244755244	0.013986013986013986	0.01748251748251748	52
Mycobacterium_intracellulare	0.24	0	0.06666666666666667	0	0	0	0	0.1	0	0	0	0.32142857142857145	0.42857142857142855	0	0	0	0	0	0	0.2777777777777778	0.01386748844375963	0.012326656394453005	0.02157164869029276	0.01078582434514638	0.026194144838212634	0.01694915254237288	0.015408320493066256	0.009244992295839752	0.004622496147919876	0.01078582434514638	0.009244992295839752	0.01694915254237288	0.023112480739599383	0.012326656394453005	0.004622496147919876	0.007704160246533128	0.009244992295839752	0.01694915254237288	0.01078582434514638	0.023112480739599383	59
Mycobacterium_intracellulare_subsp._yongonense	0.09523809523809523	0	0	0	0	0	0	0	0	0	0	0	0	0	0	0.1111111111111111	0	0	0	0	0.01652892561983471	0.0027548209366391185	0.006887052341597796	0.009641873278236915	0.015151515151515152	0.01790633608815427	0.0027548209366391185	0.006887052341597796	0.012396694214876033	0.011019283746556474	0.013774104683195593	0.008264462809917356	0.011019283746556474	0.015151515151515152	0.01790633608815427	0.013774104683195593	0.01928374655647383	0.0027548209366391185	0.015151515151515152	0.0027548209366391185	66
Mycobacterium_kansasii	0.10714285714285714	0.1875	0.1111111111111111	0.05405405405405406	0	0	0.13793103448275862	0	0	0.038461538461538464	0.16666666666666666	0.1935483870967742	0	0.06451612903225806	0.11538461538461539	0	0.034482758620689655	0	0	0	0.009615384615384616	0.015734265734265736	0.009615384615384616	0.011363636363636364	0.010489510489510488	0.010489510489510488	0.01311188811188811	0.006118881118881119	0.006118881118881119	0.002622377622377622	0.01486013986013986	0.01486013986013986	0.00874125874125874	0.006993006993006993	0.01311188811188811	0.01486013986013986	0.013986013986013986	0.01311188811188811	0.00874125874125874	0.009615384615384616	104
Mycobacterium_leprae	0	0	0	0	0	0	0	0	0	0	0	0	0	0	0	0	0	0	0	0	0	0	0	0	0	0	0	0	0	0	0	0	0	0	0	0	0	0	0	0	0
Mycobacterium_leprae_Kyoto-2	0	0	0	0	0	0	0	0	0	0	0	0	0	0	0	0	0	0	0	0	0.022727272727272728	0.0	0.0	0.0	0.0	0.0	0.022727272727272728	0.0	0.0	0.0	0.0	0.0	0.0	0.0	0.0	0.0	0.0	0.0	0.0	0.0	4
Mycobacterium_marseillense	0.375	0	0.1111111111111111	0	0	0	0	0	0	0.1	0	0	0	0	0	0	0	0	0	0	0.023715415019762844	0.003952569169960474	0.007905138339920948	0.0	0.003952569169960474	0.0	0.007905138339920948	0.007905138339920948	0.007905138339920948	0.019762845849802372	0.0	0.003952569169960474	0.007905138339920948	0.007905138339920948	0.011857707509881422	0.03557312252964427	0.019762845849802372	0.015810276679841896	0.011857707509881422	0.011857707509881422	23
Mycobacterium_sp._JS623	0.07407407407407407	0	0	0	0	0.038461538461538464	0	0.10344827586206896	0	0.125	0	0	0	0.15789473684210525	0	0.047619047619047616	0.041666666666666664	0	0	0.08695652173913043	0.011806375442739079	0.009445100354191263	0.012987012987012988	0.009445100354191263	0.010625737898465172	0.015348288075560804	0.007083825265643447	0.015348288075560804	0.004722550177095631	0.008264462809917356	0.008264462809917356	0.007083825265643447	0.008264462809917356	0.017709563164108617	0.004722550177095631	0.010625737898465172	0.015348288075560804	0.01652892561983471	0.0059031877213695395	0.020070838252656435	77
Mycobacterium_sp._YC-RL4	0.05555555555555555	0	0	0	0	0.027777777777777776	0.04	0	0.034482758620689655	0	0.05128205128205128	0.15789473684210525	0.12	0	0.09090909090909091	0.041666666666666664	0.13333333333333333	0	0.041666666666666664	0.25806451612903225	0.011988011988011986	0.01098901098901099	0.013986013986013986	0.008991008991008992	0.013986013986013986	0.00999000999000999	0.012987012987012988	0.00999000999000999	0.01098901098901099	0.007992007992007992	0.005994005994005993	0.006993006993006993	0.016983016983016984	0.01998001998001998	0.007992007992007992	0.01098901098901099	0.008991008991008992	0.013986013986013986	0.006993006993006993	0.015984015984015984	91
Mycobacterium_tuberculosis	0.08695652173913043	0	0.08695652173913043	0	0	0.16666666666666666	0.04878048780487805	0.2222222222222222	0	0	0	0	0	0	0.024390243902439025	0.08571428571428572	0	0	0.05555555555555555	0.38461538461538464	0.016233766233766232	0.012987012987012986	0.00974025974025974	0.010822510822510822	0.012987012987012986	0.016233766233766232	0.017316017316017316	0.011904761904761904	0.004329004329004329	0.0021645021645021645	0.008658008658008658	0.010822510822510822	0.0010822510822510823	0.011904761904761904	0.015151515151515152	0.02705627705627706	0.004329004329004329	0.022727272727272728	0.01406926406926407	0.015151515151515152	84
Mycobacterium_tuberculosis_KZN_1435	0.16666666666666666	0	0.15384615384615385	0	0	0	0	0	0	0	0	0	0	0	0	0	0	0	0	0	0.012987012987012986	0.030303030303030304	0.010822510822510822	0.0	0.025974025974025972	0.032467532467532464	0.01948051948051948	0.023809523809523808	0.023809523809523808	0.010822510822510822	0.006493506493506493	0.0	0.0	0.0	0.0	0.006493506493506493	0.0	0.006493506493506493	0.006493506493506493	0.006493506493506493	42
Mycobacterium_tuberculosis_complex	0.1038961038961039	0	0.08695652173913043	0.027777777777777776	0	0	0	0.11594202898550725	0	0.08928571428571429	0.2054794520547945	0	0	0	0	0	0	0	0	0	0.021182700794351278	0.010150044130626654	0.015887025595763462	0.03133274492497793	0.01500441306266549	0.015887025595763462	0.009267431597528686	0.00353045013239188	0.0052956751985878195	0.01412180052956752	0.018093556928508385	0.0052956751985878195	0.010591350397175639	0.00353045013239188	0.0	0.022506619593998238	0.015887025595763462	0.01235657546337158	0.025595763459841128	0.007502206531332745	206
Mycobacterium_tuberculosis_variant_africanum	0	0	0	0	0	0	0	0	0	0	0	0	0	0	0	0	0	0	0	0	0	0	0	0	0	0	0	0	0	0	0	0	0	0	0	0	0	0	0	0	0
Mycobacterium_tuberculosis_variant_bovis	0	0	0	0	0	0	0	0	0	0	0	0	0	0	0	0	0	0	0	0	0	0	0	0	0	0	0	0	0	0	0	0	0	0	0	0	0	0	0	0	0
Mycobacteroides_abscessus	0.15593220338983052	0.016597510373443983	0	0.07079646017699115	0.006557377049180328	0.020689655172413793	0	0	0	0	0.03365384615384615	0.07894736842105263	0	0	0.051470588235294115	0	0.22631578947368422	0.004878048780487805	0.006944444444444444	0.20361990950226244	0.016682785299806577	0.01438588007736944	0.006165377176015474	0.010275628626692457	0.018617021276595744	0.007374274661508705	0.006165377176015474	0.003747582205029014	0.013539651837524178	0.002901353965183752	0.01003384912959381	0.006769825918762089	0.008099613152804643	0.008583172147001933	0.007132495164410058	0.008824951644100581	0.016078336557059963	0.014506769825918761	0.007253384912959381	0.02127659574468085	752
Mycobacteroides_abscessus_subsp._abscessus	0.10638297872340426	0	0	0	0	0	0	0	0	0	0	0	0	0	0.18333333333333332	0.037037037037037035	0.38461538461538464	0.027777777777777776	0	0.09090909090909091	0.01486013986013986	0.019230769230769232	0.005244755244755244	0.01311188811188811	0.013986013986013986	0.011363636363636364	0.01748251748251748	0.006118881118881119	0.018356643356643356	0.0034965034965034965	8.741258741258741E-4	0.012237762237762238	0.006118881118881119	0.020979020979020976	0.016608391608391608	0.018356643356643356	0.01311188811188811	0.021853146853146856	0.0034965034965034965	0.01486013986013986	104
Mycobacteroides_abscessus_subsp._bolletii	0	0	0	0	0	0	0	0	0	0	0	0	0	0	0	0	1.0	0	0	0	0.0	0.0	0.06818181818181818	0.022727272727272728	0.0	0.0	0.0	0.0	0.0	0.0	0.0	0.0	0.0	0.022727272727272728	0.0	0.045454545454545456	0.022727272727272728	0.022727272727272728	0.045454545454545456	0.0	4
Mycobacteroides_abscessus_subsp._massiliense	0.7058823529411765	0.26666666666666666	0	0	0	0	0.3333333333333333	0	0	0	0	0	0	0	0	0	0	0	0.7	0	0.034759358288770054	0.010695187165775402	0.0320855614973262	0.0	0.0160427807486631	0.034759358288770054	0.010695187165775402	0.04278074866310161	0.0026737967914438505	0.01871657754010695	0.0	0.0026737967914438505	0.0026737967914438505	0.045454545454545456	0.0	0.0	0.024064171122994655	0.0	0.021390374331550804	0.005347593582887701	34
Mycobacteroides_abscessus_subsp._massiliense_CCUG_48898_=_JCM_15300	0	0	0	0	0	0	0	0	0	0	0	0	0	0	0	0	1.0	0	0	0	0.0	0.0	0.0	0.0	0.012987012987012988	0.0	0.0	0.012987012987012988	0.0	0.0	0.0	0.07142857142857142	0.0	0.0	0.0	0.01948051948051948	0.06493506493506493	0.0	0.006493506493506494	0.0	14
Mycoplasma_haemocanis	0	0	0	0	0	0	0	0	0	0	0	0	0	0	0	0	0	0	0	0	0	0	0	0	0	0	0	0	0	0	0	0	0	0	0	0	0	0	0	0	0
Mycoplasma_haemofelis	0	0	0	0	0	0	0	0	0	0	0	0	0	0	0	0	0	0	0	0	0	0	0	0	0	0	0	0	0	0	0	0	0	0	0	0	0	0	0	0	0
Mycoplasma_haemofelis_str._Langford_1	0	0	0	0	0	0	0	0	0	0	0	0	0	0	0	0	0	0	0	0	0.0	0.0	0.01818181818181818	0.01818181818181818	0.01818181818181818	0.0	0.0	0.0	0.0	0.01818181818181818	0.01818181818181818	0.01818181818181818	0.03636363636363636	0.01818181818181818	0.0	0.01818181818181818	0.01818181818181818	0.01818181818181818	0.01818181818181818	0.0	5
Mycoplasma_mycoides	0	0	0	0	0	0	0	0	0	0	0	0	0	0	0	0	0	0	0	0	0	0	0	0	0	0	0	0	0	0	0	0	0	0	0	0	0	0	0	0	0
Mycoplasma_mycoides_subsp._mycoides	0	0	0	0	0	0	0	0	0	0	0	0	0	0	0	0	0	0	0	0	0.0	0.0	0.0	0.0	0.0	0.0	0.0	0.0	0.0	0.0	0.0	0.0	0.0	0.0	0.09090909090909091	0.09090909090909091	0.0	0.09090909090909091	0.0	0.0	1
Mycoplasma_ovipneumoniae	0	0	0	0	0	0	0	0	0	0	0	0	0	0	0	0	0	0	0	0	0	0	0	0	0	0	0	0	0	0	0	0	0	0	0	0	0	0	0	0	0
Mycoplasma_pneumoniae	0	0	0	0	0	0	0	0	0	0	0	0	0	0	0	0	0	0	0	0	0	0	0	0	0	0	0	0	0	0	0	0	0	0	0	0	0	0	0	0	0
Neisseria_elongata	0	0	0	0	0	0	0	0	0	0	0	0	0	0	0	0	0	0	0	0	0	0	0	0	0	0	0	0	0	0	0	0	0	0	0	0	0	0	0	0	0
Neisseria_elongata_subsp._glycolytica	0	0	0	0	0.5	0	0	0	0	0	0	0	0	0	0	0	0	0	0	0	0.030303030303030304	0.030303030303030304	0.0	0.0	0.030303030303030304	0.0	0.030303030303030304	0.0	0.0	0.030303030303030304	0.0	0.0	0.0	0.0	0.0	0.0	0.030303030303030304	0.0	0.0	0.0	3
Neisseria_gonorrhoeae	0.47058823529411764	0	0	0	0	0	1.0	0	0	0	0	0	0	0	0	0	0	0	0	0	0.03636363636363636	0.0	0.0025974025974025974	0.015584415584415583	0.0	0.015584415584415583	0.0025974025974025974	0.0	0.015584415584415583	0.015584415584415583	0.0025974025974025974	0.03636363636363636	0.02077922077922078	0.015584415584415583	0.0025974025974025974	0.02077922077922078	0.0	0.015584415584415583	0.0	0.0	35
Neisseria_gonorrhoeae_NG-k51.05	0	0	0.6666666666666666	0	0	0	0	0	0	0	0	0	0	0	0	0.7833333333333333	0	0.5050505050505051	0	0	0.0	0.0	0.02761795166858458	0.0	0.01380897583429229	0.01380897583429229	0.01380897583429229	0.0	0.01380897583429229	0.02761795166858458	0.0	5.753739930955121E-4	0.0011507479861910242	0.0	5.753739930955121E-4	0.027042577675489066	0.0	0.028768699654775607	0.028768699654775607	0.01380897583429229	158
Neisseria_meningitidis	0	0	0	0	0	0	0	0	0	0	0	0	0	0	0	0	0	0	0	0	0.011857707509881422	0.0	0.0	0.007905138339920948	0.04743083003952569	0.0	0.0	0.007905138339920948	0.0	0.0	0.011857707509881422	0.02766798418972332	0.0	0.0	0.011857707509881422	0.0	0.015810276679841896	0.0	0.02766798418972332	0.02766798418972332	23
Neisseria_meningitidis_8013	0	0	0	0	0	0	0	0	0	0	0	0	0	0	0	0	0	0	0	0	0.0	0.0	0.0	0.0	0.09090909090909091	0.0	0.09090909090909091	0.0	0.0	0.0	0.0	0.0	0.09090909090909091	0.0	0.0	0.0	0.0	0.08181818181818182	0.0	0.0	10
Neisseria_meningitidis_H44/76	0	0	0	0	0	0	0	0	0	0	0	0	0	0	0	0	0	0	0	0	0.0	0.0	0.0	0.0	0.0	0.0	0.0	0.09090909090909091	0.0	0.0	0.09090909090909091	0.0	0.0	0.0	0.0	0.0	0.0	0.0	0.0	0.0	1
Neisseria_meningitidis_NZ-05/33	0	0	0	0	0	0	0	0	0	0	0	0	0	0	0	0	0	0	0	0	0.0	0.0	0.0	0.0	0.0	0.0	0.0	0.0	0.09090909090909091	0.0	0.0	0.0	0.0	0.022727272727272728	0.0	0.0	0.0	0.0	0.0	0.0	4
Neisseria_mucosa	0	0	0	0	0	0	0	0	0	0	0	0	0	0	1.0	0	0	0	0	0	0.0	0.0	0.0	0.0	0.0	0.0	0.0	0.0	0.0	0.0	0.0	0.030303030303030304	0.0	0.06060606060606061	0.030303030303030304	0.0	0.030303030303030304	0.0	0.0	0.0	3
Neisseria_sicca	0	0	0	0	0	0	0	0	0	0	0	0	0	0	0	0	0	0	0	0	0.0	0.09090909090909091	0.0	0.0	0.0	0.0	0.0	0.0	0.0	0.0	0.0	0.0	0.045454545454545456	0.09090909090909091	0.0	0.0	0.0	0.0	0.0	0.0	2
Neisseria_subflava	0	0	0	0	0	0	0	0	0	0	0	0	0	0	0	0	0	0	0	0	0	0	0	0	0	0	0	0	0	0	0	0	0	0	0	0	0	0	0	0	0
Neisseria_weaveri	0	0	0	0	0	0	0	0	0	0	0	0	0	0	0	0	0	0	0	0	0	0	0	0	0	0	0	0	0	0	0	0	0	0	0	0	0	0	0	0	0
Orthohepadnavirus	0	0	0	0	0	0	0	0	0	0	0	0	0	0	0	0	0	0	0	0	0	0	0	0	0	0	0	0	0	0	0	0	0	0	0	0	0	0	0	0	0
Orthopoxvirus	0	0	0	0	0	0	0	0	0	0	0	0	0	0	0	0	0	0	0	0	0	0	0	0	0	0	0	0	0	0	0	0	0	0	0	0	0	0	0	0	0
Paraavulavirus	0	0	0	0	0	0	0	0	0	0	0	0	0	0	0	0	0	0	0	0	0	0	0	0	0	0	0	0	0	0	0	0	0	0	0	0	0	0	0	0	0
Parvimonas_micra	0	0	0	0	0	0	0	0	0	0	0	0	0	0	0	0	0	0	0	0	0.0	0.0	0.045454545454545456	0.0	0.0	0.045454545454545456	0.0	0.0	0.045454545454545456	0.0	0.0	0.0	0.0	0.045454545454545456	0.0	0.0	0.0	0.0	0.0	0.0	2
Pasteurella_multocida	0	0	0	0	0	0	0	0	0	0	0	0	0	0	0	0	0.1111111111111111	0	0	0	0.07177033492822966	0.0	0.009569377990430622	0.0	0.009569377990430622	0.009569377990430622	0.0	0.0	0.0	0.0	0.06698564593301436	0.0	0.004784688995215311	0.0	0.06698564593301436	0.0	0.009569377990430622	0.0	0.009569377990430622	0.06698564593301436	19
Pasteurella_multocida_subsp._multocida	0	0	0	0	0	0	0	0	0	0	0	0	0	0	0	0	0	0	0	0	0.0	0.0	0.0	0.0	0.0	0.0	0.0	0.0	0.0	0.0	0.0	0.0	0.0	0.0	0.0	0.0	0.09090909090909091	0.0	0.09090909090909091	0.0	1
Pasteurella_multocida_subsp._multocida_str._3480	0	0	0	0	0	0	0	0	0	0	0	0	0	0	0	0	0	0	0	0	0.0	0.0	0.0	0.0	0.0	0.0	0.0	0.0	0.0	0.0	0.0	0.0	0.0	0.0	0.0	0.0	0.0	0.08181818181818182	0.0	0.0	10
Peptostreptococcus_anaerobius	0	0	0	0	0	0	0	0	0	0	0	0	0	0	0	0	0	0	0	0	0	0	0	0	0	0	0	0	0	0	0	0	0	0	0	0	0	0	0	0	0
Polyomaviridae	0	0	0	0	0	0	0	0	0	0	0	0	0	0	0	0	0	0	0	0	0	0	0	0	0	0	0	0	0	0	0	0	0	0	0	0	0	0	0	0	0
Porphyromonas_gingivalis	0	0	0	0	0	0	0	0	0	0	0	0	0	1.0	0	0	0	0	0	0	0.0	0.0	0.0	0.0	0.0	0.004545454545454545	0.0	0.0	0.0	0.0	0.0	0.0	0.08181818181818182	0.08636363636363636	0.08181818181818182	0.0	0.0	0.0	0.0	0.0	20
Porphyromonas_gingivalis_A7A1-28	0	0	0	0	0	0	0	0	0	0	0	0	0	0	0	0	0	0	0	0	0.045454545454545456	0.0	0.0	0.0	0.045454545454545456	0.0	0.045454545454545456	0.045454545454545456	0.0	0.045454545454545456	0.0	0.0	0.0	0.0	0.022727272727272728	0.0	0.0	0.0	0.045454545454545456	0.045454545454545456	4
Porphyromonas_gingivalis_W83	0	0	0	0	0	0	0	0	0	0	0	0	0	0	0	0	0	0	0	0	0.0	0.0	0.09090909090909091	0.0	0.0	0.0	0.0	0.0	0.09090909090909091	0.0	0.045454545454545456	0.0	0.045454545454545456	0.0	0.0	0.0	0.0	0.0	0.045454545454545456	0.0	2
Rickettsia_africae	0	0	0	0	0	0	0	0	0	0	0	0	0	0	0	0	0	0	0	0	0	0	0	0	0	0	0	0	0	0	0	0	0	0	0	0	0	0	0	0	0
Rickettsia_akari	0	0	0	0	0	0	0	0	0	0	0	0	0	0	0	0	0	0	0	0	0	0	0	0	0	0	0	0	0	0	0	0	0	0	0	0	0	0	0	0	0
Rickettsia_conorii	0	0	0	0	0	0	0	0	0	0	0	0	0	0	0	0	0	0	0	0	0	0	0	0	0	0	0	0	0	0	0	0	0	0	0	0	0	0	0	0	0
Rickettsia_felis	0	0	0	0	0	0	0	0	0	0	0	0	0	0	0	0	0	0	0	0	0	0	0	0	0	0	0	0	0	0	0	0	0	0	0	0	0	0	0	0	0
Rickettsia_japonica	0	0	0	0	0	0	0	0	0	0	0	0	0	0	0	0	0	0	0	0	0	0	0	0	0	0	0	0	0	0	0	0	0	0	0	0	0	0	0	0	0
Rickettsia_prowazekii	0	0	0	0	0	0	0	0	0	0	0	0	0	0	0	0	0	0	0	0	0	0	0	0	0	0	0	0	0	0	0	0	0	0	0	0	0	0	0	0	0
Rickettsia_rickettsii	0	0	0	0	0	0	0	0	0	0	0	0	0	0	0	0	0	0	0	0	0	0	0	0	0	0	0	0	0	0	0	0	0	0	0	0	0	0	0	0	0
Rickettsia_sibirica	0	0	0	0	0	0	0	0	0	0	0	0	0	0	0	0	0	0	0	0	0	0	0	0	0	0	0	0	0	0	0	0	0	0	0	0	0	0	0	0	0
Rickettsia_typhi	0	0	0	0	0	0	0	0	0	0	0	0	0	0	0	0	0	0	0	0	0	0	0	0	0	0	0	0	0	0	0	0	0	0	0	0	0	0	0	0	0
Salmonella_enterica	0	0	0	0	0	0.17793594306049823	0	0	0.002150537634408602	0	0	0	0	0	0	0	0.0021929824561403508	0.25	0	0	0.001293227320624581	0.009627358942427435	4.789730817128078E-5	0.0048855254334706395	0.010920586263052015	0.009579461634256155	0.0	0.009675256250598716	1.915892326851231E-4	0.0	0.009579461634256155	0.005029217357984481	0.026295622186033145	0.0	0.01920682057668359	0.01920682057668359	0.0161892901618929	0.009627358942427435	0.01911102596034103	0.009675256250598716	1898
Salmonella_enterica_subsp._VII	0	0	0	0	0	0	0	0	0	0	0	0	0	0	0	0	0	0	0	0	0.09090909090909091	0.0	0.0	0.09090909090909091	0.0	0.09090909090909091	0.09090909090909091	0.0	0.0	0.0	0.045454545454545456	0.0	0.0	0.0	0.0	0.045454545454545456	0.0	0.0	0.0	0.0	2
Salmonella_enterica_subsp._diarizonae_serovar_48:i:z	0	0	0	0	0	0	0	0	0	0	0	0	0	0	0	0	0	0	0	0	0.0	0.0	0.0	0.0	0.0	0.0	0.0	0.09090909090909091	0.0	0.0	0.09090909090909091	0.0	0.0	0.0	0.0	0.0	0.0	0.0	0.0	0.0	1
Salmonella_enterica_subsp._diarizonae_serovar_61:k:1,5,(7)	0	0	0	0	0	0	0	0	0	0	0	0	0	0	0	0	0	0	0	0	0.0	0.0	0.0	0.0	0.0	0.0	0.0	0.0	0.0	0.0	0.06060606060606061	0.0	0.06060606060606061	0.0909090909090909	0.0	0.0	0.0	0.0	0.0	0.0	3
Salmonella_enterica_subsp._enterica	0	0.06451612903225806	0	0	0	0	0	0	0	0	0	0	0	0	0	0	0	0	0	0	0.0	0.0014094432699083862	0.007751937984496124	0.0	0.0	0.0	0.019027484143763214	0.0	0.0	0.002114164904862579	0.0	0.0	0.009866102889358703	0.06342494714587738	0.003523608174770965	0.003523608174770965	0.0	0.06694855532064835	0.007751937984496124	0.003523608174770965	129
Salmonella_enterica_subsp._enterica_serovar_Agona	0	0	0	0	0	0	0	0	0	0	0	0	0	0	0	0	0	0	0	0	0.0	0.0	0.0	0.0	0.0	0.0	0.0	0.09090909090909091	0.0	0.0	0.0	0.0	0.0	0.0	0.0	0.0	0.0	0.0	0.0	0.0	1
Salmonella_enterica_subsp._enterica_serovar_Choleraesuis	0	0	0	0	0	0	0	0	0	0	0	0	0	0	0	0	0	0	0	0	0.09090909090909091	0.0	0.0	0.09090909090909091	0.0	0.0	0.0	0.09090909090909091	0.0	0.0	0.0	0.0	0.0	0.0	0.0	0.09090909090909091	0.09090909090909091	0.0	0.09090909090909091	0.0	1
Salmonella_enterica_subsp._enterica_serovar_Derby	0	0	0	0	0	0	0	0	0	0	0	0	0	0	0	0	0	0	0	0	0.0	0.0	0.0	0.0	0.045454545454545456	0.0	0.0	0.0	0.0	0.0	0.0	0.0	0.0	0.0	0.0	0.0	0.0	0.045454545454545456	0.045454545454545456	0.0	2
Salmonella_enterica_subsp._enterica_serovar_India_str._SA20085604	0	0	0	0	0	0	0	0	0	0	0	0	0	0	0	0	0	0	0	0	0.0	0.0	0.09090909090909091	0.0	0.0	0.0	0.0	0.09090909090909091	0.0	0.0	0.0	0.0	0.0	0.07954545454545454	0.0	0.0	0.0	0.0	0.011363636363636364	0.0	8
Salmonella_enterica_subsp._enterica_serovar_Indiana	0	0	0	0	0	0	0	0	0	0	0	0	0	0	0	0	0	0	0	0	0.0	0.0	0.0	0.0	0.0	0.0	0.0	0.0	0.0	0.0	0.0	0.0	0.07272727272727272	0.0	0.0	0.0	0.07272727272727272	0.0	0.01818181818181818	0.01818181818181818	5
Salmonella_enterica_subsp._enterica_serovar_Muenchen	0	0	0	0	0	0	0	0	0	0	0	0	0	0	0	0	0	0	0	0	0.0	0.0	0.0	0.0	0.09090909090909091	0.0	0.0	0.0	0.0	0.0	0.045454545454545456	0.0	0.0	0.0	0.0	0.0	0.0	0.0	0.0	0.045454545454545456	2
Salmonella_enterica_subsp._enterica_serovar_Napoli	0	0	0	0	0	0	0	0	0	0	0	0	0	0	0	0	0	0	0	0	0.0	0.0	0.0	0.0	0.0	0.0	0.09090909090909091	0.0	0.0	0.0	0.0	0.0	0.0	0.0	0.0	0.0	0.0	0.0	0.0	0.0	2
Salmonella_enterica_subsp._enterica_serovar_Reading	0	0	0	0	0	0	0	0	0	0	0	0	0	0	0	0	0	0	0	0	0.0	0.09090909090909091	0.0	0.0	0.0	0.0	0.09090909090909091	0.0	0.0	0.0	0.0	0.0	0.0	0.09090909090909091	0.0	0.0	0.0	0.0	0.0	0.09090909090909091	1
Salmonella_enterica_subsp._enterica_serovar_Typhimurium	0	0	0	0	0	0	0	0	0	0	0	0	0	0	0	0	0	0	0	0	0	0	0	0	0	0	0	0	0	0	0	0	0	0	0	0	0	0	0	0	0
Salmonella_enterica_subsp._enterica_serovar_Weltevreden	0	0	0	0	0	0	0	0	0	0	0	0	0	0	0	0	0	0	0	0	0.0	0.09090909090909091	0.0	0.0	0.0	0.0	0.0	0.0	0.0	0.0	0.0	0.01818181818181818	0.0	0.0	0.0	0.0	0.0	0.0	0.0	0.0	5
Sheeppox_virus	0	0	0	0	0	0	0	0	0	0	0	0	0	0	0	0	0	0	0	0	0	0	0	0	0	0	0	0	0	0	0	0	0	0	0	0	0	0	0	0	0
Shigella_boydii	0	0	0	0	0	0	0	0	0	0	0	0	0	0	0	0	0	0	0	0	0.0	0.0	0.0	0.0	0.045454545454545456	0.0	0.0	0.045454545454545456	0.045454545454545456	0.0	0.045454545454545456	0.0	0.0	0.0	0.0	0.045454545454545456	0.045454545454545456	0.0	0.0	0.0	2
Shigella_dysenteriae	0	0	0	0	0	0	0	0	0	0	0	0	0	0	0	0	0	0	0	0	0	0	0	0	0	0	0	0	0	0	0	0	0	0	0	0	0	0	0	0	0
Shigella_flexneri	0	0	0	0	0	0	0	0	0	0	0	0	0	0	0	0	0	0	0	0	0.0909090909090909	0.0	0.0	0.0	0.0909090909090909	0.0909090909090909	0.0	0.0	0.0	0.0909090909090909	0.0	0.0	0.0	0.0	0.0	0.0	0.0	0.06060606060606061	0.0	0.0	3
Shigella_sonnei	0	0	0	0	0	0	0	0	0	0	0	0	0	0	0	0	0	0	0	0	0	0	0	0	0	0	0	0	0	0	0	0	0	0	0	0	0	0	0	0	0
Simian_virus_12	0	0	0	0	0	0	0	0	0	0	0	0	0	0	0	0	0	0	0	0	0	0	0	0	0	0	0	0	0	0	0	0	0	0	0	0	0	0	0	0	0
Staphylococcus_aureus	0	0	0	0	0	0	0	0	0	0	0	0	0	0	0	0	0	0	0	0	0.022727272727272728	0.0	0.0	0.022727272727272728	0.0	0.0	0.0	0.0	0.0	0.0	0.0	0.0	0.022727272727272728	0.0	0.0	0.0	0.022727272727272728	0.0	0.06818181818181818	0.022727272727272728	4
Staphylococcus_cohnii	0	0	0	0	0	0	0	0	0	0	0	0	0	0	0	0	0	0	0	0	0	0	0	0	0	0	0	0	0	0	0	0	0	0	0	0	0	0	0	0	0
Staphylococcus_epidermidis	0	0	0	0	0	0	0	0	0	0	0	0	0	0	0	0	0	0	0	0	0	0	0	0	0	0	0	0	0	0	0	0	0	0	0	0	0	0	0	0	0
Staphylococcus_epidermidis_PM221	0	0	0	0	0	0	0	0	0	0	0	0	0	0	0	0	0	0	0	0	0.0	0.0	0.0	0.0	0.0	0.0	0.0	0.0	0.0	0.0	0.0	0.0	0.0	0.0	0.0	0.0	0.0	0.0	0.0	0.0	4
Staphylococcus_equorum	0	0	0	0	0	0	0	0	0	0	0	0	0	0	0	0	0	0	0	0	0	0	0	0	0	0	0	0	0	0	0	0	0	0	0	0	0	0	0	0	0
Staphylococcus_hominis	0	0	0	0	0	0	0	0	0	0	0	0	0	0	0	0	0	0	0	0	0	0	0	0	0	0	0	0	0	0	0	0	0	0	0	0	0	0	0	0	0
Staphylococcus_hominis_subsp._hominis	0	0	0	0	0	0	0	0	0	0	0	0	0	0	0	0	0	0	0	0	0.0	0.0	0.0	0.0	0.09090909090909091	0.09090909090909091	0.09090909090909091	0.0	0.0	0.09090909090909091	0.09090909090909091	0.09090909090909091	0.0	0.0	0.0	0.0	0.0	0.0	0.0	0.0	1
Staphylococcus_nepalensis	0	0	0	0	0	0	0	0	0	0	0	0	0	0	0	0	0	0.5	0	0	0.0	0.0	0.0	0.01818181818181818	0.0	0.0	0.0	0.0	0.0	0.0	0.0	0.0	0.0	0.0	0.0	0.03636363636363636	0.0	0.01818181818181818	0.0	0.0	5
Staphylococcus_saprophyticus	0	0	0	0	0	0	0	0	0	0	0	0	0	0	0	0	0	0	0	0	0	0	0	0	0	0	0	0	0	0	0	0	0	0	0	0	0	0	0	0	0
Staphylococcus_simulans	0	0	0	0	0	0	0	0	0	0	0	0	0	0	0	0	0	0	0	0	0	0	0	0	0	0	0	0	0	0	0	0	0	0	0	0	0	0	0	0	0
Staphylococcus_succinus	0	0	0	0	0	0	0	0	0	0	0	0	0	0	0	0	0	0	0	0	0	0	0	0	0	0	0	0	0	0	0	0	0	0	0	0	0	0	0	0	0
Streptococcus_agalactiae	0	0	0	0	0	0	0	0	0	0	0	0	0	0	0	0	0	0	0	0	0	0	0	0	0	0	0	0	0	0	0	0	0	0	0	0	0	0	0	0	0
Streptococcus_anginosus	0	0	0	0	0	0	0	0	0	0	0	0	0	0	0	0	0	0	0	0	0	0	0	0	0	0	0	0	0	0	0	0	0	0	0	0	0	0	0	0	0
Streptococcus_canis	0	0	0	0	0	0	0	0	0	0	0	0	0	0	0	0	0	0	0	0	0	0	0	0	0	0	0	0	0	0	0	0	0	0	0	0	0	0	0	0	0
Streptococcus_cristatus	0	0	0	0	0	0	0	0	0	0	0	0	0	0	0	0	0	0	0	0	0	0	0	0	0	0	0	0	0	0	0	0	0	0	0	0	0	0	0	0	0
Streptococcus_dysgalactiae	0	0	0	0	0	0	0	0	0	0	0	0	0	0	0	0	0	0	0	0	0	0	0	0	0	0	0	0	0	0	0	0	0	0	0	0	0	0	0	0	0
Streptococcus_dysgalactiae_subsp._dysgalactiae	1.0	0	0	0	1.0	0	0	0	0	0	0	0	0	0	0	0	0	0	0	0	0.09090909090909091	0.0	0.09090909090909091	0.0	0.09090909090909091	0.0	0.0	0.0	0.0	0.0	0.0	0.09090909090909091	0.0	0.0	0.0	0.0	0.0	0.0	0.0	0.0	1
Streptococcus_equi	0	0	0	0	0	0	0	0	0	0	0	0	0	0	0	0	0	0	0	0	0	0	0	0	0	0	0	0	0	0	0	0	0	0	0	0	0	0	0	0	0
Streptococcus_gallolyticus	0	0	0	0	0	0	0	0	0	0	0	0	0	0	0	0	0	0	0	0	0	0	0	0	0	0	0	0	0	0	0	0	0	0	0	0	0	0	0	0	0
Streptococcus_gordonii	0	0	0	0	0	0	0	0	0	0	0	0	0	0	0	0	0	0	0	0	0	0	0	0	0	0	0	0	0	0	0	0	0	0	0	0	0	0	0	0	0
Streptococcus_gordonii_str._Challis_substr._CH1	0	0	0	0	0	0	0	0	0	0	0	0	0	0	0	0	0	0	0	0	0	0	0	0	0	0	0	0	0	0	0	0	0	0	0	0	0	0	0	0	0
Streptococcus_intermedius	0	0	0	0	0	0	0	0	0	0	0	0	0	0	0	0	0	0	0	0	0	0	0	0	0	0	0	0	0	0	0	0	0	0	0	0	0	0	0	0	0
Streptococcus_lutetiensis	0	0	0	0	0	0	0	0	0	0	0	0	0	0	0	0	0	0	0	0	0	0	0	0	0	0	0	0	0	0	0	0	0	0	0	0	0	0	0	0	0
Streptococcus_milleri	0	0	0	0	0	0	0	0	0	0	0	0	0	0	0	0	0	0	0	0	0	0	0	0	0	0	0	0	0	0	0	0	0	0	0	0	0	0	0	0	0
Streptococcus_mitis	0	0	0	0	0	0	0	0	0	0	0	0	0	0	0	0	0	0	0	0	0	0	0	0	0	0	0	0	0	0	0	0	0	0	0	0	0	0	0	0	0
Streptococcus_mutans	0	0	0	0	0	0	0	0	0	0	0	0	0	0	0	0	0	0	0	0	0	0	0	0	0	0	0	0	0	0	0	0	0	0	0	0	0	0	0	0	0
Streptococcus_oralis	0	0	0	0	0	0	0	0	0	0	0	0	0	0	0	0	0	0	0	0	0	0	0	0	0	0	0	0	0	0	0	0	0	0	0	0	0	0	0	0	0
Streptococcus_parauberis	0	0	0	0	0	0	0	0	0	0	0	0	0	0	0	0	0	0	0	0	0	0	0	0	0	0	0	0	0	0	0	0	0	0	0	0	0	0	0	0	0
Streptococcus_parauberis_NCFD_2020	0.6	0	0	0	0	0	0	0.6	0.2	0	0	0	0	0	0	1.0	0	0	0	0	0.06060606060606061	0.030303030303030304	0.0	0.015151515151515152	0.0	0.0	0.015151515151515152	0.04545454545454545	0.015151515151515152	0.015151515151515152	0.0	0.0	0.0	0.0	0.015151515151515152	0.015151515151515152	0.0	0.0	0.015151515151515152	0.04545454545454545	6
Streptococcus_pneumoniae	0	0	0	0	0	0	0	0	0	0	0	0	0	0	0	0	0	0	0	0	0	0	0	0	0	0	0	0	0	0	0	0	0	0	0	0	0	0	0	0	0
Streptococcus_pyogenes	0	0	0	0	0	0	0	0	0	0	0	0	0	0	0	0	0	0	0	0	0	0	0	0	0	0	0	0	0	0	0	0	0	0	0	0	0	0	0	0	0
Streptococcus_salivarius	0	0	0	0	0	0	0	0	0	0	0	0	0	0	0	0	0	0	0	0	0	0	0	0	0	0	0	0	0	0	0	0	0	0	0	0	0	0	0	0	0
Streptococcus_sanguinis	0	0	0	0	0	0	0	0	0	0	0	0	0	0	0	0	0	0	0	0	0	0	0	0	0	0	0	0	0	0	0	0	0	0	0	0	0	0	0	0	0
Streptococcus_sp._HSISM1	0	0	0	0	0	0	0	0	0	0	0	0	0	0	0	0	0	0	0	0	0	0	0	0	0	0	0	0	0	0	0	0	0	0	0	0	0	0	0	0	0
Streptococcus_suis	0	0	0	0	0	0	1.0	0	0	0	0	0	0	0	0	0	0	0	0	0	0.0	0.0	0.0	0.09090909090909091	0.0	0.0	0.09090909090909091	0.0	0.0	0.0	0.0	0.0	0.0	0.0	0.0	0.0	0.0	0.0	0.0	0.0	1
Streptococcus_thermophilus	0	0	0	0	0	0	0	0	0	0	0	0	0	0	0	0	0	0	0	0	0.0	0.0	0.0	0.0	0.0	0.09090909090909091	0.09090909090909091	0.09090909090909091	0.0	0.0	0.0	0.0	0.0	0.0	0.09090909090909091	0.0	0.0	0.0	0.0	0.0	1
Tannerella_forsythia	0	0	0	0	0	0	0	0	0	0	0	0	0	0	0	0	0	0	0	0	0.0	0.022727272727272728	0.011363636363636364	0.022727272727272728	0.022727272727272728	0.011363636363636364	0.022727272727272728	0.011363636363636364	0.0	0.0	0.0	0.0	0.0	0.0	0.022727272727272728	0.022727272727272728	0.0	0.011363636363636364	0.022727272727272728	0.0	16
Tannerella_forsythia_92A2	0	0	0	0	0	0	0	0	0	0	0	0	0	0	0	0	0	0	0	0	0.0	0.0	0.0	0.0	0.0	0.0	0.0	0.0	0.0	0.0	0.0	0.0	0.0	0.0	0.09090909090909091	0.0	0.0	0.0	0.0	0.0	1
Tannerella_forsythia_KS16	0	0	0	0	0	0	0	0	0	0	0	0	0	0	0	0	0	0	0	0	0.0	0.09090909090909091	0.0	0.0	0.09090909090909091	0.0	0.0	0.0	0.0	0.0	0.09090909090909091	0.0	0.0	0.0	0.0	0.0	0.0	0.0	0.0	0.09090909090909091	1
Treponema	0	0	0	0	0	0	0	0	0.2	0	0	0	0	0	0	0	0	0	0	0	0.007575757575757576	0.007575757575757576	0.030303030303030304	0.022727272727272724	0.007575757575757576	0.007575757575757576	0.003787878787878788	0.003787878787878788	0.007575757575757576	0.01893939393939394	0.011363636363636362	0.003787878787878788	0.0	0.0	0.011363636363636362	0.011363636363636362	0.011363636363636362	0.01893939393939394	0.011363636363636362	0.007575757575757576	24
Treponema_azotonutricium_ZAS-9	0	0	0	0	0	0	0	0	0	0	0	0	0	0	0	0	0	0	0	0	0.0	0.0	0.030303030303030304	0.030303030303030304	0.015151515151515152	0.0	0.015151515151515152	0.0	0.0	0.0	0.0	0.0	0.0	0.015151515151515152	0.0	0.0	0.0	0.0	0.0	0.0	6
Treponema_brennaborense_DSM_12168	0	0	0	0	0	0	0	0	0	0	0	1.0	0	0	0	0	0	0	0	0	0.011363636363636364	0.0	0.03409090909090909	0.022727272727272728	0.0	0.0	0.011363636363636364	0.0	0.03409090909090909	0.011363636363636364	0.011363636363636364	0.022727272727272728	0.03409090909090909	0.011363636363636364	0.022727272727272728	0.011363636363636364	0.03409090909090909	0.011363636363636364	0.022727272727272728	0.0	8
Treponema_caldarium_DSM_7334	0	0	0	0	0	0	0	0	0	0	0	0	0	0	0	0	0	0	0	0	0.09090909090909091	0.0	0.0	0.0	0.0	0.0	0.0	0.09090909090909091	0.0	0.0	0.0	0.0	0.0	0.0	0.0	0.0	0.09090909090909091	0.0	0.0	0.0	1
Treponema_denticola	0	0	0	0	0	0	0	0	0	0	0	0	0	0	0	0	0	0	0	0	0.0	0.0	0.0	0.09090909090909091	0.0	0.0	0.0	0.0	0.0	0.0	0.0	0.0	0.0	0.0	0.0	0.0	0.0	0.0	0.045454545454545456	0.0	2
Treponema_denticola_ATCC_35405	0	0	0	0	0	0	0	0	0	0	0	0	0	0	0	0	0	0	0	0	0	0	0	0	0	0	0	0	0	0	0	0	0	0	0	0	0	0	0	0	0
Treponema_pallidum	0	0	0	0	0	0	0	0	0	0	0	0	0	0	0	0	0	0	0	0	0	0	0	0	0	0	0	0	0	0	0	0	0	0	0	0	0	0	0	0	0
Treponema_pallidum_subsp._pallidum	0	0	0	0	0	0	0	0	0	0	0	0	0	0	0	0	0	0	0	0	0	0	0	0	0	0	0	0	0	0	0	0	0	0	0	0	0	0	0	0	0
Treponema_pallidum_subsp._pertenue	0	0	0	0	0	0	0	0	0	0	0	0	0	0	0	0	0	0	0	0	0	0	0	0	0	0	0	0	0	0	0	0	0	0	0	0	0	0	0	0	0
Treponema_parvum	0	0	0	0	0	0	0	0	0	0	0	0	0	0	0	0	0	0	0	0	0.012987012987012988	0.03896103896103896	0.0	0.025974025974025976	0.012987012987012988	0.0	0.012987012987012988	0.025974025974025976	0.0	0.0	0.0	0.0	0.0	0.0	0.0	0.0	0.0	0.012987012987012988	0.012987012987012988	0.03896103896103896	7
Treponema_phagedenis	0	0	0	0	0	0	0	0	0	0.25	0	0	0	0	0	0	0	0	0	0	0.012987012987012988	0.03896103896103896	0.012987012987012988	0.012987012987012988	0.012987012987012988	0.0	0.03896103896103896	0.012987012987012988	0.012987012987012988	0.012987012987012988	0.006493506493506494	0.012987012987012988	0.0	0.006493506493506494	0.012987012987012988	0.0	0.032467532467532464	0.0	0.045454545454545456	0.0	14
Treponema_primitia_ZAS-2	0	0	0	0	0.25	0	0	0	0	0	0	0	0	0	0	0	0	0	0	0	0.022727272727272724	0.022727272727272724	0.015151515151515152	0.022727272727272724	0.030303030303030304	0.007575757575757576	0.0	0.0	0.0	0.0	0.007575757575757576	0.0	0.007575757575757576	0.030303030303030304	0.015151515151515152	0.030303030303030304	0.007575757575757576	0.007575757575757576	0.022727272727272724	0.007575757575757576	12
Treponema_socranskii_subsp._buccale	0.14285714285714285	0	0	0	0	0	0	0	0	0	0	0.6666666666666666	0	0	0	0	0	0	0.1111111111111111	0	0.020979020979020976	0.013986013986013986	0.0	0.020979020979020976	0.013986013986013986	0.006993006993006993	0.013986013986013986	0.013986013986013986	0.006993006993006993	0.013986013986013986	0.013986013986013986	0.03496503496503496	0.0	0.020979020979020976	0.0	0.013986013986013986	0.006993006993006993	0.006993006993006993	0.006993006993006993	0.006993006993006993	13
Treponema_sp._OMZ_838	0	0	0	0	0	0	0	0	0	0	0	0	0	0	0	0	0	0	0	0	0.045454545454545456	0.0	0.0	0.0	0.0	0.0	0.0	0.0	0.0	0.045454545454545456	0.0	0.045454545454545456	0.045454545454545456	0.0	0.0	0.0	0.0	0.0	0.0	0.0	2
Treponema_succinifaciens_DSM_2489	0	0	0	0	0	0	0	0	0	0	0	0	0	0	0	0	0	0	0	0	0.0	0.0	0.0	0.0909090909090909	0.0	0.0	0.0	0.0	0.0	0.06060606060606061	0.0	0.030303030303030304	0.06060606060606061	0.030303030303030304	0.0	0.0	0.0	0.030303030303030304	0.0	0.030303030303030304	3
Vaccinia_virus	0	0	0	0	0	0	0	0	0	0	0	0	0	0	0	0	0	0	0	0	0.0	0.0	0.0	0.0	0.0	0.0	0.0	0.0	0.0	0.0	0.0	0.0	0.0	0.0	0.0	0.0	0.0	0.0	0.0	0.0	2
Veillonella_parvula	0	0	0	0	0	0	0	0	0	0	0	0	0	0	0	0	0	0	0	0	0	0	0	0	0	0	0	0	0	0	0	0	0	0	0	0	0	0	0	0	0
Vesicular_stomatitis_Indiana_virus	0	0	0	0	0	0	0	0	0	0	0	0	0	0	0	0	0	0	0	0	0	0	0	0	0	0	0	0	0	0	0	0	0	0	0	0	0	0	0	0	0
Vibrio_anguillarum	0	0	0	0	0	0	0	0	0	0	0	0	0	0	0	0	0	0	0	0	0.0	0.0	0.0	0.0	0.0	0.0	0.0	0.0	0.0	0.0	0.0	0.0	0.0	0.0	0.0	0.0	0.0	0.0	0.0	0.0	4
Vibrio_anguillarum_775	0	0	0	0	0	0	0	0	0	0	0	0.6	0	0	1.0	0	0	0	0	0	0.0	0.0	0.0	0.0	0.03636363636363636	0.0	0.0	0.0	0.0	0.0	0.006060606060606061	0.05454545454545455	0.05454545454545455	0.006060606060606061	0.05454545454545455	0.05454545454545455	0.0	0.0	0.0303030303030303	0.0	15
Vibrio_cholerae	0	0	0	0	0	0	0	0	0	0	0	0	0	0	0	0	0	0	0	0	0.005347593582887701	0.0	0.026737967914438502	0.0	0.005347593582887701	0.04812834224598931	0.0	0.0	0.010695187165775402	0.010695187165775402	0.0	0.026737967914438502	0.0	0.0	0.010695187165775402	0.0	0.0	0.010695187165775402	0.0	0.04278074866310161	17
Vibrio_cholerae_O1_biovar_El_Tor	0	0	0	0	0	0	0	0	0	0	0	0	0	0	0	0	0	0	0	0	0.07272727272727272	0.0	0.0	0.07272727272727272	0.0	0.0	0.0	0.0	0.0	0.01818181818181818	0.0	0.0	0.0	0.0	0.05454545454545454	0.01818181818181818	0.0	0.0	0.0	0.0	5
Vibrio_cholerae_O395	0	0	0	0	1.0	0	0	0	0	0	0	0	0	0	0	0	0	0	0	0	0.0	0.0	0.0	0.0	0.09090909090909091	0.04132231404958678	0.0	0.0	0.0	0.04132231404958678	0.0	0.0	0.0	0.0	0.008264462809917356	0.0	0.0	0.01652892561983471	0.0	0.01652892561983471	11
Vibrio_furnissii	0	0	0	0	0	0	0	0	0	0	0	0	0	0	0	0	0	0	0	0	0.009569377990430622	0.019138755980861243	0.019138755980861243	0.0	0.0	0.0	0.009569377990430622	0.0	0.009569377990430622	0.0	0.0	0.009569377990430622	0.0	0.0	0.0	0.009569377990430622	0.0	0.009569377990430622	0.009569377990430622	0.028708133971291863	19
Vibrio_furnissii_NCTC_11218	0	0	0	0	0	0	0	0	0	0	0	0	0	0	0	0	0	0	0	0	0.0	0.03896103896103896	0.0	0.0	0.0	0.0	0.0	0.0	0.0	0.0	0.0	0.0	0.0	0.012987012987012988	0.0	0.03896103896103896	0.0	0.0	0.03896103896103896	0.03896103896103896	7
Vibrio_parahaemolyticus	0	0	0	0	0	0	0	0	0	0	0	0	0	0	0	0	0	0	1.0	0	0.06363636363636363	0.0	0.0	0.0	0.0	0.0	0.06363636363636363	0.0	0.0	0.0	0.0	0.0	0.045454545454545456	0.00909090909090909	0.01818181818181818	0.0	0.01818181818181818	0.0	0.02727272727272727	0.01818181818181818	10
Vibrio_parahaemolyticus_UCM-V493	0	0	0	0	0	0	0	0	0	0	0	0	0	0	0	0	0	0	0	0	0.0	0.045454545454545456	0.045454545454545456	0.0	0.0	0.0	0.045454545454545456	0.045454545454545456	0.0	0.0	0.0	0.0	0.0	0.06818181818181818	0.0	0.022727272727272728	0.0	0.0	0.045454545454545456	0.0	4
Vibrio_splendidus	0	0	0	0	0	0	0	0	0	0	0	0	0	0	0	0	0	0	0	0	0	0	0	0	0	0	0	0	0	0	0	0	0	0	0	0	0	0	0	0	0
Vibrio_vulnificus	0	0	0	0	0	0.16666666666666666	0	0	0	0.125	0	0	0	0	0	0	0	0	0	0	0.007177033492822966	0.014354066985645932	0.019138755980861243	0.004784688995215311	0.0023923444976076554	0.0023923444976076554	0.004784688995215311	0.007177033492822966	0.009569377990430622	0.004784688995215311	0.0023923444976076554	0.02631578947368421	0.0023923444976076554	0.004784688995215311	0.0	0.009569377990430622	0.0023923444976076554	0.019138755980861243	0.004784688995215311	0.007177033492822966	38
Vibrio_vulnificus_Env1	0	0	0	0	0	0	0	0	0	0	0	0	0	0	1.0	0	0	0	0	0	0.0	0.0	0.0	0.0	0.0	0.0	0.0	0.09090909090909091	0.0	0.0	0.0	0.0	0.0	0.0	0.09090909090909091	0.0	0.045454545454545456	0.0	0.0	0.045454545454545456	2
Vibrio_vulnificus_NBRC_15645_=_ATCC_27562	0	0	0	0	0	0	0	0	0	0	0	0	0	0	0	0	0	0	0	0	0.0	0.09090909090909091	0.0	0.0	0.0	0.0	0.0	0.0	0.0	0.0	0.0	0.0	0.0	0.0	0.0	0.0	0.045454545454545456	0.0	0.0	0.0	2
Vibrio_vulnificus_YJ016	0	0	0	0	0	0	0	0	0	0	0	0	0	0	0	0	0	0	0	0	0.011363636363636364	0.07954545454545454	0.0	0.0	0.0	0.0	0.0	0.0	0.0	0.0	0.014204545454545454	0.0	0.0	0.0	0.0	0.0	0.0	0.0	0.0	0.002840909090909091	32
Yersinia_aldovae	0	0	0	0	0	0	0	0	0	0	0	0	0	0	0	0	0	0	0	0	0	0	0	0	0	0	0	0	0	0	0	0	0	0	0	0	0	0	0	0	0
Yersinia_aldovae_670-83	0	0	0	0	0	0	0	0	0	0	0	0	0	0	0	0	0	0	0	0	0.0	0.0	0.0	0.0	0.0	0.0	0.0	0.0	0.0	0.0	0.0	0.0	0.0	0.0	0.0	0.09090909090909091	0.0	0.0	0.0	0.0	1
Yersinia_aleksiciae	0	0	0	0	0	0	0	0	0	0	0	0	0	0	0	0	0	0	0	0	0.0	0.0	0.022727272727272728	0.045454545454545456	0.0	0.022727272727272728	0.022727272727272728	0.0	0.0	0.0	0.0	0.0	0.0	0.022727272727272728	0.0	0.0	0.0	0.022727272727272728	0.0	0.0	4
Yersinia_enterocolitica	0	0	0	0	0	0	0	0	0	0	0	0	0	0	0	0	0	0	0	0	0	0	0	0	0	0	0	0	0	0	0	0	0	0	0	0	0	0	0	0	0
Yersinia_enterocolitica_(type_O:5)_str._YE53/03	0	0	0	0	0	0	0	0	0	0	0	0	0	0	0	0	0	0	0	0	0.0	0.0	0.0	0.0	0.0	0.0	0.0	0.0	0.0	0.0	0.0	0.0	0.0	0.0	0.0	0.0	0.0	0.0	0.0	0.0	1
Yersinia_enterocolitica_subsp._palearctica	0	0	0	0	0	0	0	0	0	0	0	0	0	0	0	0	0	0	0	0	0.0	0.0	0.0	0.0	0.0	0.0	0.0	0.0	0.0	0.0	0.0	0.0	0.0	0.0	0.0	0.0	0.0	0.0	0.0	0.0	1
Yersinia_intermedia	0	0	0	0	0	0	0	0	0	0	0	0	0	0	0	0	0	0	0	0	0.0	0.022727272727272728	0.0	0.0	0.0	0.0	0.0	0.0	0.0	0.0	0.0	0.0	0.0	0.0	0.022727272727272728	0.022727272727272728	0.0	0.022727272727272728	0.0	0.045454545454545456	4
Yersinia_pestis	0	0	0	0	0	0	0	0	0	0	0	0	0	0	0	0	0	0	0	0	0.0	0.0	0.07272727272727272	0.0	0.0	0.0	0.07272727272727272	0.0	0.07272727272727272	0.0	0.05454545454545454	0.0	0.01818181818181818	0.05454545454545454	0.0	0.0	0.05454545454545454	0.05454545454545454	0.01818181818181818	0.0	5
Yersinia_pestis_1412	0	0	0	0	0	0	0	0	0	0	0	0	0	0	0	0	0	0	0	0	0.0	0.0	0.0	0.0	0.0	0.0	0.0	0.0	0.0	0.0	0.0	0.0	0.045454545454545456	0.045454545454545456	0.0	0.0	0.045454545454545456	0.0	0.0	0.0	2
Yersinia_pestis_3067	0	0	0	0	0	0	0	0	0	0	0	0	0	0	0	0	0	0	0	0	0.0	0.09090909090909091	0.0	0.09090909090909091	0.0	0.09090909090909091	0.0	0.09090909090909091	0.0	0.0	0.0	0.0	0.0	0.09090909090909091	0.0	0.0	0.0	0.0	0.0	0.0	1
Yersinia_pestis_CO92	0	0	0	0	0	0	0	0	0	0	0	0	0	0	0	0	0	0	0	0	0	0	0	0	0	0	0	0	0	0	0	0	0	0	0	0	0	0	0	0	0
Yersinia_pseudotuberculosis	0	0	0	0	0	0	0	0	0	0	0	0	0	0	0	0	0	0	0	0	0	0	0	0	0	0	0	0	0	0	0	0	0	0	0	0	0	0	0	0	0
Yersinia_pseudotuberculosis_complex	0	0	0	0	0	0	0	0	0	0	0	0	0	0	0	0	0	0	0	0	0.0	0.0	0.0	0.0	0.0	0.0	0.0	0.0	0.0	0.0	0.0	0.0	0.0	0.0	0.0	0.0	0.0	0.0	0.0	0.0	20
Yersinia_rohdei	0	0	0	0	0	0	0	0	0	0	0	0	0	0	0	0	0	0	0	0	0	0	0	0	0	0	0	0	0	0	0	0	0	0	0	0	0	0	0	0	0
Yersinia_ruckeri	0	0	0	0	0	0	0	0	0	0	0	0	0	0	0	0	0	0	0	0	0.06060606060606061	0.030303030303030304	0.0	0.06060606060606061	0.030303030303030304	0.0	0.0	0.030303030303030304	0.0	0.0	0.0	0.0	0.0	0.030303030303030304	0.0	0.0	0.030303030303030304	0.0	0.0	0.030303030303030304	3
Yersinia_similis	0	0	0	0	0	0	0	0	0	0	0	0	0	0	0	0	0	0	0	0	0.0	0.0	0.0	0.0	0.0	0.0	0.0	0.0	0.0	0.0	0.0	0.0	0.0	0.0	0.0	0.0	0.0	0.0	0.0	0.0	1
