# table produced by calculations.DamageProfiler
# using mapped file Pool-4-046-AZP-283_S47_rmdup.bam
# Sample ID: Pool-4-046-AZP-283_S47_rmdup.bam
End	Std	Pos	A	C	G	T	Total
3p	+	1	518	353	361	531	1763
3p	+	2	539	372	399	453	1763
3p	+	3	473	392	391	507	1763
3p	+	4	467	395	423	478	1763
3p	+	5	495	382	434	452	1763
3p	+	6	509	362	427	465	1763
3p	+	7	510	410	393	450	1763
3p	+	8	473	395	398	497	1763
3p	+	9	479	373	458	453	1763
3p	+	10	512	378	389	484	1763
3p	+	11	517	395	404	447	1763
3p	+	12	512	425	402	424	1763
3p	+	13	514	390	419	440	1763
3p	+	14	489	391	422	461	1763
3p	+	15	496	364	422	481	1763
3p	+	16	498	399	397	469	1763
3p	+	17	504	426	389	444	1763
3p	+	18	490	383	452	438	1763
3p	+	19	490	389	413	471	1763
3p	+	20	471	393	421	478	1763
3p	+	21	496	362	442	463	1763
3p	+	22	456	392	464	451	1763
3p	+	23	525	371	427	440	1763
3p	+	24	499	363	420	481	1763
3p	+	25	510	364	439	450	1763
3p	+	26	513	344	442	464	1763
3p	+	27	495	364	485	419	1763
3p	+	28	469	366	469	459	1763
3p	+	29	477	381	452	453	1763
3p	+	30	499	382	456	426	1763
3p	+	31	516	362	412	451	1741
3p	+	32	501	322	438	469	1730
3p	+	33	450	390	405	454	1699
3p	+	34	447	372	407	443	1669
3p	+	35	494	344	386	421	1645
3p	+	36	448	348	418	404	1618
3p	+	37	452	350	376	423	1601
3p	+	38	415	335	404	424	1578
3p	+	39	441	331	363	414	1549
3p	+	40	443	302	363	415	1523
3p	+	41	432	292	379	393	1496
3p	+	42	386	293	413	387	1479
3p	+	43	380	301	372	408	1461
3p	+	44	396	297	378	371	1442
3p	+	45	435	304	341	334	1414
3p	+	46	393	271	352	368	1384
3p	+	47	401	268	338	354	1361
3p	+	48	387	267	347	337	1338
3p	+	49	373	302	333	308	1316
3p	+	50	390	264	333	307	1294
3p	+	51	358	253	321	342	1274
3p	+	52	345	247	304	355	1251
3p	+	53	336	255	309	330	1230
3p	+	54	333	249	305	321	1208
3p	+	55	325	247	299	314	1185
3p	+	56	327	255	310	275	1167
3p	+	57	319	240	292	290	1141
3p	+	58	302	222	304	287	1115
3p	+	59	308	220	268	299	1095
3p	+	60	309	187	273	294	1063
3p	+	61	137	88	111	138	474
3p	+	62	121	94	89	153	457
3p	+	63	133	73	111	122	439
3p	+	64	119	73	104	120	416
3p	+	65	125	71	89	113	398
3p	+	66	108	70	96	100	374
3p	+	67	83	76	86	112	357
3p	+	68	111	61	69	97	338
3p	+	69	101	68	79	79	327
3p	+	70	95	59	70	90	314
3p	+	71	98	64	63	68	293
3p	+	72	64	63	69	84	280
3p	+	73	74	52	60	79	265
3p	+	74	73	36	57	81	247
3p	+	75	73	47	45	67	232
3p	+	76	58	37	53	69	217
3p	+	77	59	41	35	71	206
3p	+	78	53	32	43	69	197
3p	+	79	43	46	42	53	184
3p	+	80	51	31	31	57	170
3p	+	81	51	37	42	32	162
3p	+	82	40	31	31	47	149
3p	+	83	40	24	24	58	146
3p	+	84	39	36	28	39	142
3p	+	85	35	35	29	35	134
3p	+	86	32	22	30	44	128
3p	+	87	36	29	28	30	123
3p	+	88	30	27	20	41	118
3p	+	89	33	18	21	39	111
3p	+	90	21	23	29	24	97
3p	+	91	27	21	18	24	90
3p	+	92	19	21	19	25	84
3p	+	93	20	15	19	26	80
3p	+	94	19	14	17	25	75
3p	+	95	17	15	18	19	69
3p	+	96	16	13	15	22	66
3p	+	97	13	18	15	15	61
3p	+	98	16	11	10	16	53
3p	+	99	10	8	12	13	43
3p	+	100	10	13	12	6	41
3p	-	1	469	384	346	510	1709
3p	-	2	428	459	339	483	1709
3p	-	3	423	449	329	508	1709
3p	-	4	462	439	330	478	1709
3p	-	5	448	414	391	456	1709
3p	-	6	451	432	372	454	1709
3p	-	7	441	455	369	444	1709
3p	-	8	462	411	354	482	1709
3p	-	9	421	467	346	475	1709
3p	-	10	443	435	339	492	1709
3p	-	11	441	434	372	462	1709
3p	-	12	439	448	354	468	1709
3p	-	13	426	447	356	480	1709
3p	-	14	429	444	384	452	1709
3p	-	15	435	426	379	469	1709
3p	-	16	423	443	362	481	1709
3p	-	17	416	421	375	497	1709
3p	-	18	438	418	375	478	1709
3p	-	19	405	432	362	510	1709
3p	-	20	448	451	336	474	1709
3p	-	21	450	409	405	445	1709
3p	-	22	475	436	331	467	1709
3p	-	23	443	425	369	472	1709
3p	-	24	440	431	344	494	1709
3p	-	25	428	420	377	484	1709
3p	-	26	434	412	407	456	1709
3p	-	27	424	391	384	510	1709
3p	-	28	400	469	383	457	1709
3p	-	29	424	456	360	469	1709
3p	-	30	431	438	380	460	1709
3p	-	31	431	422	352	474	1679
3p	-	32	461	381	371	439	1652
3p	-	33	432	392	344	457	1625
3p	-	34	418	405	327	442	1592
3p	-	35	420	382	306	464	1572
3p	-	36	425	381	315	432	1553
3p	-	37	440	412	280	400	1532
3p	-	38	403	378	309	421	1511
3p	-	39	398	360	306	429	1493
3p	-	40	381	358	285	446	1470
3p	-	41	356	322	331	435	1444
3p	-	42	391	309	335	393	1428
3p	-	43	373	367	269	401	1410
3p	-	44	387	327	279	400	1393
3p	-	45	334	295	317	417	1363
3p	-	46	350	282	321	389	1342
3p	-	47	348	310	298	362	1318
3p	-	48	347	276	319	344	1286
3p	-	49	327	286	298	351	1262
3p	-	50	351	281	276	333	1241
3p	-	51	315	276	263	372	1226
3p	-	52	322	275	288	322	1207
3p	-	53	290	284	272	341	1187
3p	-	54	288	256	266	351	1161
3p	-	55	313	264	238	334	1149
3p	-	56	270	265	256	332	1123
3p	-	57	291	276	243	299	1109
3p	-	58	281	264	250	293	1088
3p	-	59	263	234	237	335	1069
3p	-	60	299	231	205	310	1045
3p	-	61	139	110	85	125	459
3p	-	62	119	107	81	139	446
3p	-	63	130	90	80	127	427
3p	-	64	113	86	78	130	407
3p	-	65	110	81	70	130	391
3p	-	66	97	79	80	115	371
3p	-	67	110	70	54	120	354
3p	-	68	91	93	64	93	341
3p	-	69	80	78	69	100	327
3p	-	70	95	60	73	86	314
3p	-	71	81	79	66	75	301
3p	-	72	80	69	59	74	282
3p	-	73	70	69	50	87	276
3p	-	74	74	53	56	78	261
3p	-	75	63	53	60	74	250
3p	-	76	72	48	46	74	240
3p	-	77	63	52	44	70	229
3p	-	78	57	48	44	68	217
3p	-	79	60	55	39	52	206
3p	-	80	61	45	35	52	193
3p	-	81	42	32	40	65	179
3p	-	82	52	37	26	47	162
3p	-	83	51	34	24	43	152
3p	-	84	34	25	29	50	138
3p	-	85	36	30	23	43	132
3p	-	86	34	29	27	37	127
3p	-	87	40	29	18	34	121
3p	-	88	38	21	23	34	116
3p	-	89	31	31	18	32	112
3p	-	90	20	21	30	33	104
3p	-	91	23	18	22	37	100
3p	-	92	25	20	18	29	92
3p	-	93	20	22	14	31	87
3p	-	94	26	16	12	23	77
3p	-	95	18	18	18	19	73
3p	-	96	25	13	10	17	65
3p	-	97	21	12	9	17	59
3p	-	98	16	12	8	17	53
3p	-	99	13	8	7	22	50
3p	-	100	10	11	5	21	47
5p	+	1	501	345	410	507	1763
5p	+	2	458	362	477	466	1763
5p	+	3	495	363	439	466	1763
5p	+	4	495	363	457	448	1763
5p	+	5	470	382	495	416	1763
5p	+	6	462	363	486	452	1763
5p	+	7	482	359	466	456	1763
5p	+	8	436	358	468	501	1763
5p	+	9	495	374	460	434	1763
5p	+	10	490	372	453	448	1763
5p	+	11	498	388	442	435	1763
5p	+	12	494	406	434	429	1763
5p	+	13	503	370	464	426	1763
5p	+	14	478	397	423	465	1763
5p	+	15	494	376	464	429	1763
5p	+	16	502	395	402	464	1763
5p	+	17	519	356	440	448	1763
5p	+	18	497	393	435	438	1763
5p	+	19	492	376	467	428	1763
5p	+	20	502	356	479	426	1763
5p	+	21	516	381	438	428	1763
5p	+	22	517	385	432	429	1763
5p	+	23	474	383	432	474	1763
5p	+	24	480	378	456	449	1763
5p	+	25	480	381	434	468	1763
5p	+	26	492	378	456	437	1763
5p	+	27	483	400	453	427	1763
5p	+	28	485	380	433	465	1763
5p	+	29	492	370	442	459	1763
5p	+	30	518	379	430	436	1763
5p	+	31	481	369	448	443	1741
5p	+	32	497	342	437	454	1730
5p	+	33	483	342	430	444	1699
5p	+	34	446	339	426	458	1669
5p	+	35	460	337	414	434	1645
5p	+	36	464	327	419	408	1618
5p	+	37	478	326	346	451	1601
5p	+	38	479	323	343	433	1578
5p	+	39	403	330	395	421	1549
5p	+	40	434	316	365	408	1523
5p	+	41	443	300	346	407	1496
5p	+	42	424	317	376	362	1479
5p	+	43	425	303	339	394	1461
5p	+	44	438	316	326	362	1442
5p	+	45	381	329	323	381	1414
5p	+	46	398	303	317	366	1384
5p	+	47	384	281	313	383	1361
5p	+	48	349	297	332	360	1338
5p	+	49	386	294	296	340	1316
5p	+	50	393	261	294	346	1294
5p	+	51	374	282	281	337	1274
5p	+	52	331	268	309	343	1251
5p	+	53	315	294	269	352	1230
5p	+	54	346	263	277	322	1208
5p	+	55	333	254	264	334	1185
5p	+	56	310	231	289	337	1167
5p	+	57	297	236	288	320	1141
5p	+	58	309	244	234	328	1115
5p	+	59	322	206	263	304	1095
5p	+	60	314	243	250	256	1063
5p	+	61	143	104	84	143	474
5p	+	62	153	80	99	125	457
5p	+	63	138	91	78	132	439
5p	+	64	120	94	80	122	416
5p	+	65	122	89	69	118	398
5p	+	66	105	72	78	119	374
5p	+	67	105	70	75	107	357
5p	+	68	96	55	78	109	338
5p	+	69	104	58	72	93	327
5p	+	70	97	68	74	75	314
5p	+	71	88	62	52	91	293
5p	+	72	86	52	53	89	280
5p	+	73	74	51	50	90	265
5p	+	74	59	50	52	86	247
5p	+	75	64	47	46	75	232
5p	+	76	66	36	45	70	217
5p	+	77	65	47	36	58	206
5p	+	78	55	38	44	60	197
5p	+	79	49	38	37	60	184
5p	+	80	51	33	29	57	170
5p	+	81	42	24	40	56	162
5p	+	82	31	39	32	47	149
5p	+	83	38	41	32	35	146
5p	+	84	44	33	27	38	142
5p	+	85	42	24	34	34	134
5p	+	86	41	26	19	42	128
5p	+	87	35	24	29	35	123
5p	+	88	37	21	21	39	118
5p	+	89	27	24	15	45	111
5p	+	90	29	20	15	33	97
5p	+	91	32	15	18	25	90
5p	+	92	30	14	10	30	84
5p	+	93	28	8	13	31	80
5p	+	94	24	11	16	24	75
5p	+	95	24	13	12	20	69
5p	+	96	21	15	12	18	66
5p	+	97	25	6	17	13	61
5p	+	98	14	11	12	16	53
5p	+	99	12	12	9	10	43
5p	+	100	13	14	5	9	41
5p	-	1	463	401	341	504	1709
5p	-	2	432	339	388	547	1706
5p	-	3	466	407	384	452	1709
5p	-	4	454	411	379	465	1709
5p	-	5	415	394	409	491	1709
5p	-	6	422	410	389	488	1709
5p	-	7	432	413	360	504	1709
5p	-	8	476	419	363	451	1709
5p	-	9	456	415	380	458	1709
5p	-	10	437	408	382	482	1709
5p	-	11	475	389	378	467	1709
5p	-	12	437	402	421	449	1709
5p	-	13	433	444	363	469	1709
5p	-	14	439	398	400	472	1709
5p	-	15	395	421	397	496	1709
5p	-	16	418	395	387	509	1709
5p	-	17	471	434	329	475	1709
5p	-	18	428	457	379	445	1709
5p	-	19	447	421	373	468	1709
5p	-	20	459	429	360	461	1709
5p	-	21	425	450	348	486	1709
5p	-	22	454	437	360	458	1709
5p	-	23	503	418	327	461	1709
5p	-	24	451	451	357	450	1709
5p	-	25	437	424	367	481	1709
5p	-	26	455	389	346	519	1709
5p	-	27	461	436	368	444	1709
5p	-	28	443	468	329	469	1709
5p	-	29	470	450	335	454	1709
5p	-	30	438	441	373	457	1709
5p	-	31	448	429	348	454	1679
5p	-	32	447	425	317	463	1652
5p	-	33	392	367	404	462	1625
5p	-	34	401	396	319	476	1592
5p	-	35	384	373	351	464	1572
5p	-	36	375	428	325	425	1553
5p	-	37	404	374	328	426	1532
5p	-	38	408	368	287	448	1511
5p	-	39	384	391	309	409	1493
5p	-	40	386	355	299	430	1470
5p	-	41	356	365	290	433	1444
5p	-	42	362	346	306	414	1428
5p	-	43	339	333	310	428	1410
5p	-	44	358	343	274	418	1393
5p	-	45	296	365	314	388	1363
5p	-	46	346	314	277	405	1342
5p	-	47	330	342	271	375	1318
5p	-	48	337	307	284	358	1286
5p	-	49	371	310	247	334	1262
5p	-	50	332	299	256	354	1241
5p	-	51	337	275	261	353	1226
5p	-	52	300	307	258	342	1207
5p	-	53	313	282	239	353	1187
5p	-	54	305	300	257	299	1161
5p	-	55	300	297	249	303	1149
5p	-	56	285	248	245	345	1123
5p	-	57	271	284	234	320	1109
5p	-	58	282	285	210	311	1088
5p	-	59	301	278	210	281	1070
5p	-	60	273	250	238	284	1045
5p	-	61	116	117	102	124	459
5p	-	62	113	102	94	137	446
5p	-	63	106	109	90	122	427
5p	-	64	122	85	72	128	407
5p	-	65	116	67	85	123	391
5p	-	66	97	85	73	116	371
5p	-	67	97	92	53	112	354
5p	-	68	87	77	76	101	341
5p	-	69	83	77	71	96	327
5p	-	70	82	65	62	105	314
5p	-	71	86	59	58	98	301
5p	-	72	67	67	49	99	282
5p	-	73	81	62	51	82	276
5p	-	74	82	44	53	82	261
5p	-	75	63	57	48	82	250
5p	-	76	59	52	59	70	240
5p	-	77	70	49	50	60	229
5p	-	78	53	48	47	69	217
5p	-	79	62	44	38	62	206
5p	-	80	64	38	42	49	193
5p	-	81	60	31	40	48	179
5p	-	82	37	36	37	52	162
5p	-	83	59	26	23	45	153
5p	-	84	50	23	18	47	138
5p	-	85	40	28	36	28	132
5p	-	86	44	24	21	38	127
5p	-	87	27	33	34	27	121
5p	-	88	40	30	17	29	116
5p	-	89	30	26	23	33	112
5p	-	90	35	16	23	30	104
5p	-	91	33	18	17	32	100
5p	-	92	18	20	30	24	92
5p	-	93	28	23	14	22	87
5p	-	94	17	21	9	30	77
5p	-	95	17	14	15	27	73
5p	-	96	19	14	18	14	65
5p	-	97	23	9	15	12	59
5p	-	98	22	8	8	15	53
5p	-	99	15	8	12	15	50
5p	-	100	15	6	10	16	47
