Taxon	Mean	GeometricMean	Median	StandardDev
Actinobacillus_equuli	58.996249413970936	57.223066649400835	59.0	14.956032654276134
Actinobacillus_pleuropneumoniae	58.18659755646056	56.33148906880909	58.0	15.30463303050126
Actinobacillus_pleuropneumoniae_serovar_4_str._M62	57.538306451612904	55.878246893471	57.0	14.326400670101384
Actinobacillus_pleuropneumoniae_serovar_6_str._Femo	58.521973094170406	56.64478350610048	59.0	15.290608341863544
Actinobacillus_pleuropneumoniae_serovar_9_str._CVJ13261	58.40924092409241	56.58460192711795	59.0	15.126415187265897
African_swine_fever_virus	0	0	0	0
Aphthovirus	0	0	0	0
Arcanobacterium_haemolyticum	45.8	45.23971945445561	42.0	8.5848704125339
Aspergillus_fumigatus	0	0	0	0
Bartonella_bacilliformis	0	0	0	0
Bartonella_henselae	55.0	54.21612021659068	60.0	10.0
Bartonella_quintana	0	0	0	0
Blastomyces_dermatitidis	0	0	0	0
Bordetella_bronchialis	58.372093023255815	57.429549036501086	60.0	10.394612311975798
Bordetella_bronchiseptica	58.96969696969697	57.58296855661165	60.0	13.446154379563978
Bordetella_genomosp._13	59.27731092436975	57.76456588520843	60.0	14.100681778052314
Bordetella_pertussis	60.56363636363636	59.34971201791457	60.0	12.591536893755318
Bordetella_pertussis_137	59.470588235294116	57.44863109045412	60.0	16.462524286462056
Bordetella_pertussis_18323	62.06666666666667	61.09154399156398	60.0	12.103521722839105
Bordetella_petrii	59.93258426966292	58.43117175848747	60.0	13.31506132236672
Bordetella_trematum	58.41975308641976	56.680498503127154	60.0	14.716372003257863
Borrelia_crocidurae	0	0	0	0
Borrelia_recurrentis	0	0	0	0
Borrelia_recurrentis_A1	31.0	31.000000000000014	31.0	0.0
Borreliella_afzelii	0	0	0	0
Borreliella_burgdorferi	0	0	0	0
Borreliella_garinii	0	0	0	0
Bovine_rhinitis_A_virus	0	0	0	0
Brucella_abortus	0	0	0	0
Brucella_canis	0	0	0	0
Brucella_melitensis	60.0	59.999999999999986	60.0	0.0
Brucella_microti	0	0	0	0
Brucella_ovis	0	0	0	0
Brucella_ovis_ATCC_25840	59.375	59.350950737800346	60.0	1.7677669529663689
Brucella_suis	0	0	0	0
Burkholderia_cepacia	60.77351916376307	58.81078180054403	60.0	15.85867201664833
Burkholderia_cepacia_ATCC_25416	61.31683168316832	59.38862574419405	60.0	15.508662542636811
Burkholderia_cepacia_JBK9	60.73770491803279	58.57537134186829	60.0	16.77995817461888
Burkholderia_gladioli	60.821311475409836	59.08999885550855	60.0	14.842773307555222
Burkholderia_gladioli_BSR3	62.06172839506173	60.060346848393316	60.0	16.49041060663162
Burkholderia_gladioli_pv._gladioli	61.259052924791085	59.50120333120602	60.0	14.970073319457358
Burkholderia_mallei	57.666666666666664	57.4680300329128	58.0	5.278888771954441
Burkholderia_mallei_NCTC_10229	67.0	66.99999999999997	67.0	0.0
Burkholderia_mallei_NCTC_10247	78.0	77.94228634059951	78.0	4.242640687119285
Burkholderia_multivorans	60.34453781512605	58.38203754185873	60.0	15.818543135947445
Burkholderia_multivorans_ATCC_17616	61.16666666666667	59.611325040920676	60.0	13.835883673211233
Burkholderia_multivorans_ATCC_BAA-247	61.49685534591195	59.84602798634738	60.0	14.382599461284906
Burkholderia_pseudomallei	62.238297872340425	60.32842786017391	60.0	15.925126000004537
Burkholderia_pseudomallei_1106b	73.875	72.43013861467001	68.5	16.548090092644703
Burkholderia_pseudomallei_1710a	60.0	59.999999999999986	60.0	0.0
Burkholderia_pseudomallei_1710b	59.333333333333336	59.2387592762468	60.0	3.6696957185394363
Burkholderia_pseudomallei_7894	62.0	58.7134652212326	60.0	21.340103092534488
Burkholderia_pseudomallei_B03	56.5	55.20527170305453	54.0	14.247806848775006
Burkholderia_pseudomallei_MSHR1153	58.5	57.838089594872315	59.5	9.813256340277675
Burkholderia_pseudomallei_MSHR2543	52.75	52.03493275696822	57.0	8.940278039779939
Burkholderia_pseudomallei_MSHR346	64.41666666666667	61.82278566503919	63.0	18.942296747242825
Burkholderia_pseudomallei_MSHR435	45.0	43.27450457614946	47.0	13.619838471876236
Burkholderia_pseudomallei_NCTC_13179	58.55555555555556	58.44435045025737	60.0	3.643868518179241
Burkholderia_pseudomallei_Pasteur_52237	67.5	67.0820393249937	67.5	10.606601717798213
Campylobacter_coli	0	0	0	0
Campylobacter_coli_RM4661	54.0	54.00000000000001	54.0	0.0
Campylobacter_fetus	0	0	0	0
Campylobacter_fetus_subsp._testudinum_Sp3	55.0	55.000000000000014	55.0	0.0
Campylobacter_fetus_subsp._venerealis	53.57142857142857	51.89207307218409	49.0	14.909249286456857
Campylobacter_fetus_subsp._venerealis_NCTC_10354	67.0	66.99999999999997	67.0	0.0
Campylobacter_fetus_subsp._venerealis_str._84-112	46.333333333333336	45.532762299250095	40.0	10.969655114602888
Campylobacter_gracilis	52.111111111111114	51.21666943739373	56.0	9.584420228219916
Campylobacter_showae	51.05882352941177	50.059139535354504	48.0	10.538445024262915
Canine_morbillivirus	0	0	0	0
Chlamydia_abortus	0	0	0	0
Chlamydia_caviae	0	0	0	0
Chlamydia_felis	0	0	0	0
Chlamydia_muridarum	0	0	0	0
Chlamydia_pecorum	0	0	0	0
Chlamydia_pneumoniae	0	0	0	0
Chlamydia_psittaci	0	0	0	0
Chlamydia_suis	60.0	59.999999999999986	60.0	0.0
Chlamydia_trachomatis	0	0	0	0
Chlamydia_trachomatis_6276	59.0	59.000000000000014	59.0	0.0
Corynebacterium_ammoniagenes	69.66666666666667	63.1756248467797	72.0	34.55912807542073
Corynebacterium_amycolatum	58.25	57.96550698475773	60.0	6.4485140407177015
Corynebacterium_bovis	57.95	56.22535878937726	60.0	14.141689210888973
Corynebacterium_crudilactis	53.0	53.00000000000001	53.0	0.0
Corynebacterium_diphtheriae	55.46666666666667	54.71893791827038	59.5	8.653216796055688
Corynebacterium_diphtheriae_HC03	62.583333333333336	59.31149193166296	59.5	21.54681302455543
Corynebacterium_diphtheriae_HC04	52.0	51.01698002503165	60.0	10.954451150103322
Corynebacterium_jeikeium	50.23529411764706	49.380180976422686	51.0	9.614633454822302
Corynebacterium_jeikeium_K411	58.214285714285715	56.3909292915354	60.0	15.41129249959057
Corynebacterium_kroppenstedtii	55.0	53.52680430738379	58.0	13.758114488755872
Corynebacterium_kroppenstedtii_DSM_44385	63.11904761904762	59.654053806560576	60.0	21.561259727160362
Corynebacterium_maris	0	0	0	0
Corynebacterium_maris_DSM_45190	55.666666666666664	53.40157919015526	60.0	16.121021181788137
Corynebacterium_matruchotii	60.125	57.74963660006296	60.0	17.721763383927048
Corynebacterium_minutissimum	59.785714285714285	57.59694271171828	60.0	16.43248170625651
Corynebacterium_pseudotuberculosis	61.5	61.33514490078264	61.5	6.363961030678928
Corynebacterium_pseudotuberculosis_Cp162	52.75	52.505157969975954	52.0	5.909032633745278
Corynebacterium_renale	49.75	48.109003134946654	54.0	13.720422734012244
Corynebacterium_segmentosum	66.225	64.91914863410621	60.0	14.04295151239536
Corynebacterium_sphenisci	0	0	0	0
Corynebacterium_sphenisci_DSM_44792	59.05194805194805	57.55763659405709	60.0	13.583338605937731
Corynebacterium_stationis	55.64150943396227	52.488880847750906	58.0	19.172390344554003
Corynebacterium_striatum	53.58974358974359	51.182311179193	49.0	17.05828699476244
Corynebacterium_urealyticum	50.08695652173913	48.231126760251634	45.0	14.525566937701953
Corynebacterium_ureicelerivorans	58.78333333333333	57.2673538124406	60.0	13.62337431342235
Corynebacterium_xerosis	54.992424242424235	53.197071288515986	60.0	14.548941469913911
Cowpox_virus	0	0	0	0
Coxiella_burnetii	50.93877551020408	50.041572269732534	51.0	9.236269456300404
Coxiella_burnetii_Dugway_5J108-111	73.0	72.40892587235938	74.5	10.55146119422961
Coxiella_burnetii_str._Schperling	58.666666666666664	57.190691692940575	60.0	14.157126912768794
Cryptosporidium	0	0	0	0
Cryptosporidium_parvum	0	0	0	0
Deltaretrovirus	0	0	0	0
Ehrlichia_canis	0	0	0	0
Enterococcus_avium	51.68292682926829	50.759835299308065	52.0	9.857583437106287
Enterococcus_casseliflavus	50.25	48.265033015161805	49.0	15.027444029976424
Enterococcus_casseliflavus_EC20	50.25	49.026495938853564	53.5	12.120918557051139
Enterococcus_cecorum	53.056603773584904	51.575927169142545	51.0	13.153553328546192
Enterococcus_durans	41.1	40.16709918578435	42.0	9.456919865015953
Enterococcus_faecalis	49.41379310344828	48.31168089509562	47.5	11.607672119189887
Enterococcus_faecalis_62	43.0	43.0	43.0	0.0
Enterococcus_faecalis_ATCC_29212	48.0	48.00000000000001	48.0	0.0
Enterococcus_faecalis_R712	45.25	44.9239784720893	44.0	6.22781777878209
Enterococcus_faecium	54.83870967741935	53.322957958680334	54.0	13.486034193919645
Enterococcus_faecium_ATCC_8459_=_NRRL_B-2354	41.0	40.98780306383839	41.0	1.4142135623730951
Enterococcus_hirae	57.18181818181818	55.03492128019736	53.0	16.934096857040718
Enterococcus_hirae_ATCC_9790	46.53333333333333	44.79603902869475	40.0	13.798895746019818
Enterococcus_mundtii	49.69565217391305	48.75604063578213	48.0	9.753483212812165
Enterovirus_B	0	0	0	0
Epizootic_hemorrhagic_disease_virus_(serotype_1_/_strain_New_Jersey)	0	0	0	0
Equine_rhinitis_A_virus	0	0	0	0
Erysipelothrix_rhusiopathiae	49.75	49.094582107047444	50.5	9.105858919765158
Erysipelothrix_rhusiopathiae_str._Fujisawa	51.5	50.79370039680118	51.5	12.020815280171307
Erythroparvovirus	0	0	0	0
Escherichia_coli	54.386597938144334	53.18386111646225	53.5	11.52874424238913
Escherichia_coli_APEC_O2-211	60.0	59.999999999999986	60.0	0.0
Escherichia_coli_DH1	82.0	80.75002955393235	72.0	18.193405398660254
Escherichia_coli_E110019	41.0	41.00000000000001	41.0	0.0
Escherichia_coli_ER2796	56.0	56.00000000000002	56.0	0.0
Escherichia_coli_ETEC_H10407	83.33333333333333	83.3320035343353	83.0	0.5773502691896257
Escherichia_coli_M8	62.75	62.53479812737929	60.0	6.18465843842649
Escherichia_coli_NCCP15648	56.18181818181818	55.88559358510226	60.0	5.844966754707539
Escherichia_coli_Nissle_1917	47.0	46.99999999999999	47.0	0.0
Escherichia_coli_O111	56.0	56.00000000000002	56.0	0.0
Escherichia_coli_O145:H28	61.0	61.00000000000001	61.0	0.0
Escherichia_coli_O150	43.0	43.0	43.0	0.0
Escherichia_coli_O157:H7	44.0	43.99999999999999	44.0	0.0
Escherichia_coli_O158	60.0	59.999999999999986	60.0	0.0
Escherichia_coli_O25:H4	78.0	78.0	78.0	0.0
Escherichia_coli_O26	0	0	0	0
Escherichia_coli_O78	60.0	59.999999999999986	60.0	0.0
Escherichia_coli_O7:K1_str._CE10	51.142857142857146	50.247843716546726	56.0	9.737018219636019
Escherichia_coli_O80:H26	54.666666666666664	54.56807697980611	54.0	4.041451884327381
Escherichia_coli_PMV-1	44.0	43.99999999999999	44.0	0.0
Escherichia_coli_UMNK88	60.0	59.999999999999986	60.0	0.0
Escherichia_coli_str._K-12_substr._MG1655	42.0	42.00000000000001	42.0	0.0
Escherichia_coli_str._K-12_substr._W3110	74.0	74.00000000000003	74.0	0.0
Francisella_tularensis	58.666666666666664	58.664765491650336	59.0	0.5773502691896258
Francisella_tularensis_subsp._novicida	60.0	59.999999999999986	60.0	0.0
Fusobacterium	55.54195011337869	53.70717986580467	54.0	14.838331344780835
Fusobacterium_canifelinum	58.5945945945946	56.65297500811444	54.0	16.340915688097944
Fusobacterium_gastrosuis	63.03265306122449	60.91644695924313	60.0	16.651655110901704
Fusobacterium_gonidiaformans_ATCC_25563	50.0	48.81396874987925	48.0	12.033287165193059
Fusobacterium_hwasookii	54.148148148148145	52.1221871470742	52.0	16.55458036478518
Fusobacterium_hwasookii_ChDC_F174	51.17857142857143	50.15410478309291	49.0	10.516489948959247
Fusobacterium_hwasookii_ChDC_F206	54.06896551724138	52.50753392428991	52.0	13.848494076156436
Fusobacterium_mortiferum_ATCC_9817	52.15384615384615	51.16496029724908	53.0	10.286286614113584
Fusobacterium_necrophorum	56.130434782608695	54.870553329840746	57.0	12.267119198847594
Fusobacterium_necrophorum_subsp._funduliforme	51.111111111111114	49.20234953188806	47.0	14.83988619303471
Fusobacterium_necrophorum_subsp._necrophorum	58.48780487804878	57.104516041557844	56.0	13.564884723468003
Fusobacterium_nucleatum	55.78217821782178	54.286738020463744	58.0	12.93259754295017
Fusobacterium_nucleatum_subsp._animalis	58.59154929577464	56.4268539738018	56.0	17.176876037933532
Fusobacterium_nucleatum_subsp._animalis_21_1A	57.5	55.629309493520886	53.5	15.828244796354817
Fusobacterium_nucleatum_subsp._animalis_4_8	59.125	58.122677813801225	58.0	11.679499744668616
Fusobacterium_nucleatum_subsp._animalis_7_1	57.19047619047619	54.7535060986914	60.0	17.870699615904936
Fusobacterium_nucleatum_subsp._nucleatum	54.666666666666664	53.02469065764437	57.0	14.195069566578391
Fusobacterium_nucleatum_subsp._nucleatum_ATCC_23726	50.8	49.747160622969126	51.0	10.829999487021635
Fusobacterium_nucleatum_subsp._nucleatum_ChDC_F316	51.94117647058823	50.62185959201594	50.0	12.069955407101212
Fusobacterium_nucleatum_subsp._polymorphum	54.38356164383562	52.895593789981135	54.0	13.26611194085883
Fusobacterium_nucleatum_subsp._polymorphum_ATCC_10953	56.70967741935484	55.46003384271388	54.0	13.023551866745356
Fusobacterium_nucleatum_subsp._vincentii	58.30769230769231	57.17955199345869	60.0	11.800912611384698
Fusobacterium_nucleatum_subsp._vincentii_3_1_27	61.72727272727273	60.062751870103185	60.0	15.349859341967333
Fusobacterium_nucleatum_subsp._vincentii_ChDC_F8	53.625	52.42117403825197	50.0	12.082356282337205
Fusobacterium_periodonticum	54.35294117647059	53.100534614545474	59.0	12.318386544463666
Fusobacterium_pseudoperiodonticum	56.29545454545455	54.391518666897824	52.0	15.564592215201028
Fusobacterium_sp._oral_taxon_203	59.925925925925924	57.77970810893582	58.0	16.71923334165665
Fusobacterium_ulcerans	51.0	49.832152949671574	47.0	11.51810169544733
Fusobacterium_ulcerans_ATCC_49185	58.8	58.211941544950406	60.0	8.829244336609761
Fusobacterium_varium	59.0	58.986322382765515	60.0	1.4142135623730951
Fusobacterium_varium_ATCC_27725	59.666666666666664	58.178320849810994	58.0	14.2403609079222
Goatpox_virus	0	0	0	0
Haemophilus_influenzae	56.41140529531568	54.70787039850106	55.0	14.571759662940766
Haemophilus_influenzae_10810	58.6	56.66235307078354	58.5	15.99234510760746
Haemophilus_influenzae_2019	62.949152542372886	60.98735606183627	61.0	16.255952468211248
Haemophilus_influenzae_CGSHiCZ412602	60.212765957446805	58.588848003522884	58.0	14.91852681008295
Haemophilus_influenzae_F3031	57.24	55.26952298559833	57.0	16.151057756898357
Haemophilus_influenzae_F3047	55.0	53.599441119048294	52.0	12.727922061357855
Haemophilus_influenzae_KR494	54.96296296296296	53.32482936558739	54.0	13.629905222430828
Haemophilus_influenzae_R2846	53.416666666666664	51.896053599712765	49.5	13.198214164910992
Haemophilus_influenzae_R2866	53.9	52.062422916171045	53.5	14.878101180488125
Haemophilus_influenzae_biotype_aegyptius	49.25	48.33375718723659	47.5	9.904145862372882
Helicobacter_cinaedi	56.0	55.81450592690044	57.0	4.898979485566356
Helicobacter_pylori	51.38461538461539	50.41242270505167	51.0	9.952193418847617
Helicobacter_pylori_F57	52.0	51.46558043365713	51.0	8.049844718999243
Helicobacter_pylori_PeCan18	46.0	46.0	46.0	0.0
Helicobacter_pylori_Shi112	58.666666666666664	58.635888355129524	60.0	2.309401076758503
Helicobacter_pylori_UM037	60.0	59.999999999999986	60.0	0.0
Hepatitis_B_virus	0	0	0	0
Hepatitis_E_virus	0	0	0	0
Hepatitis_delta_virus	0	0	0	0
Human_adenovirus_1	0	0	0	0
Human_adenovirus_2	0	0	0	0
Human_adenovirus_35	0	0	0	0
Human_adenovirus_5	0	0	0	0
Human_adenovirus_54	0	0	0	0
Human_adenovirus_7	0	0	0	0
Human_alphaherpesvirus_1	0	0	0	0
Human_alphaherpesvirus_2	0	0	0	0
Human_alphaherpesvirus_3	0	0	0	0
Human_gammaherpesvirus_4	0	0	0	0
Human_herpesvirus_4_type_2	0	0	0	0
Human_mastadenovirus_C	0	0	0	0
JC_polyomavirus	0	0	0	0
Klebsiella_aerogenes	51.575	50.32140177460035	49.5	11.837266833012993
Klebsiella_aerogenes_EA1509E	53.421052631578945	52.108784590889584	51.0	12.703087067820624
Klebsiella_michiganensis	54.351851851851855	53.252785506426704	53.5	10.992548775484765
Klebsiella_michiganensis_HKOPL1	46.5	43.47413023856831	46.5	23.33452377915607
Klebsiella_michiganensis_KCTC_1686	61.0	61.00000000000001	61.0	0.0
Klebsiella_oxytoca	55.054545454545455	53.31850974546515	55.0	14.324827168265362
Klebsiella_pneumoniae	56.324675324675326	54.7043264337934	56.0	14.10061734225394
Klebsiella_pneumoniae_subsp._pneumoniae	59.0	57.39450191570814	60.0	15.264337522473747
Klebsiella_pneumoniae_subsp._pneumoniae_KPNIH24	40.0	40.0	40.0	0.0
Klebsiella_pneumoniae_subsp._pneumoniae_KPNIH27	51.666666666666664	50.13297934964583	60.0	14.433756729740644
Klebsiella_pneumoniae_subsp._pneumoniae_PittNDM01	40.0	40.0	40.0	0.0
Klebsiella_pneumoniae_subsp._rhinoscleromatis	0	0	0	0
Klebsiella_pneumoniae_subsp._rhinoscleromatis_SB3432	51.5	50.79370039680118	51.5	12.020815280171307
Legionella_anisa	0	0	0	0
Legionella_lansingensis	56.333333333333336	56.083209632043804	60.0	6.3508529610858835
Legionella_pneumophila	50.92307692307692	48.84622744681512	44.0	17.332347111982738
Legionella_pneumophila_str._Corby	64.4	62.80021494454631	60.0	16.45600194457937
Legionella_pneumophila_subsp._fraseri	59.142857142857146	57.37342943914562	53.0	15.485784571971928
Legionella_pneumophila_subsp._pascullei	63.333333333333336	62.721030738475214	65.0	10.598742063723098
Legionella_pneumophila_subsp._pneumophila	54.0	53.500839675539744	57.5	7.771743691090179
Legionella_pneumophila_subsp._pneumophila_str._Philadelphia_1	43.142857142857146	42.85344448653697	44.0	5.367450401216932
Leptospira_alexanderi	0	0	0	0
Leptospira_alstonii	0	0	0	0
Leptospira_biflexa	0	0	0	0
Leptospira_biflexa_serovar_Patoc	60.0	59.999999999999986	60.0	0.0
Leptospira_borgpetersenii	60.333333333333336	58.43668699217611	60.0	14.871163880191597
Leptospira_borgpetersenii_serovar_Ceylonica	61.270270270270274	59.42528983669264	60.0	15.731512339266066
Leptospira_broomii	0	0	0	0
Leptospira_fainei	0	0	0	0
Leptospira_inadai	0	0	0	0
Leptospira_interrogans	57.25925925925926	56.16795871908439	60.0	11.60766521475752
Leptospira_interrogans_serovar_Hardjo-prajitno	46.0	45.0880130581476	44.5	10.739335795724674
Leptospira_interrogans_serovar_Manilae	54.5	53.89986642707667	60.0	8.526429498916883
Leptospira_kirschneri	0	0	0	0
Leptospira_kmetyi	55.0	55.000000000000014	55.0	0.0
Leptospira_licerasiae	0	0	0	0
Leptospira_noguchii	54.333333333333336	54.05207596364936	56.0	6.658328118479393
Leptospira_santarosai	48.4	48.0499609916618	45.0	6.8044103344816005
Leptospira_weilii	60.822580645161295	59.26335455543663	60.0	14.086994575916973
Leptospira_wolffii	0	0	0	0
Listeria_monocytogenes	53.61904761904762	52.41548878106117	54.0	11.289270084802608
Listeria_monocytogenes_6179	58.5	58.44655678480982	58.5	3.5355339059327378
Listeria_monocytogenes_HCC23	71.0	70.94255751944212	73.0	3.4641016151377544
Listeria_monocytogenes_J1816	44.0	43.99999999999999	44.0	0.0
Lumpy_skin_disease_virus	0	0	0	0
Lymphocryptovirus	0	0	0	0
Mannheimia_haemolytica	57.333540372670804	55.59675636062186	57.0	14.586164511845517
Mannheimia_haemolytica_D153	53.485875706214685	52.21292378209024	52.0	12.091557603547935
Mannheimia_haemolytica_D174	55.142857142857146	53.6343909232159	53.0	13.433169644031922
Mannheimia_haemolytica_M42548	54.111111111111114	52.95030867192323	54.0	11.337785236073143
Mannheimia_haemolytica_USDA-ARS-USMARC-183	54.5084745762712	53.27449892058547	54.0	12.065245154654093
Mannheimia_haemolytica_USMARC_2286	53.12290502793296	51.85655668691867	51.0	12.166747852698947
Measles_morbillivirus	0	0	0	0
Methanobrevibacter_oralis	0	0	0	0
Moraxella_catarrhalis	45.6	44.62903280773902	45.5	9.664912121472677
Moraxella_catarrhalis_BBH18	43.22222222222222	42.04618922097578	41.0	10.848707040216564
Morbillivirus	0	0	0	0
Mycobacterium_avium	58.68200836820084	57.76815993279372	60.0	10.607954965710956
Mycobacterium_avium_subsp._avium	60.82051282051282	59.521953441300035	60.0	13.317720278422465
Mycobacterium_avium_subsp._hominissuis	60.30275229357798	59.24714722275529	60.0	12.022744330793579
Mycobacterium_avium_subsp._paratuberculosis	59.411764705882355	58.29935005305894	60.0	13.27619497224926
Mycobacterium_canettii	60.74074074074074	59.7343662080087	60.0	10.635906502151434
Mycobacterium_colombiense	0	0	0	0
Mycobacterium_colombiense_CECT_3035	63.94318181818182	61.9574872169783	60.0	16.00887537927293
Mycobacterium_intracellulare	58.888	57.76583847126573	60.0	11.50681144702646
Mycobacterium_intracellulare_subsp._yongonense	57.645833333333336	56.385639789220164	60.0	12.189094503805237
Mycobacterium_kansasii	60.66860465116279	59.4475909936884	60.0	12.455326126553592
Mycobacterium_leprae	0	0	0	0
Mycobacterium_leprae_Kyoto-2	47.0	46.475800154488994	47.0	9.899494936611665
Mycobacterium_marseillense	55.382716049382715	54.37062438193908	60.0	10.140966301633398
Mycobacterium_sp._JS623	58.3921568627451	56.835432235316404	60.0	13.597580494407195
Mycobacterium_sp._YC-RL4	59.21621621621621	57.88744888818467	60.0	12.830048495269473
Mycobacterium_tuberculosis	54.621212121212125	53.94905274415259	60.0	8.269992375617642
Mycobacterium_tuberculosis_KZN_1435	58.0625	56.76995691270971	60.0	12.188949040971671
Mycobacterium_tuberculosis_complex	57.01282051282051	55.68176167424297	60.0	12.351448298004373
Mycobacterium_tuberculosis_variant_africanum	0	0	0	0
Mycobacterium_tuberculosis_variant_bovis	0	0	0	0
Mycobacteroides_abscessus	55.74782608695652	54.60966510377955	60.0	10.8481087997352
Mycobacteroides_abscessus_subsp._abscessus	55.73913043478261	54.7588248577399	60.0	9.761787239976963
Mycobacteroides_abscessus_subsp._bolletii	59.77777777777778	58.306762263567315	60.0	13.295534657548203
Mycobacteroides_abscessus_subsp._bolletii_50594	60.5	60.48599661668165	60.0	1.4142135623730951
Mycobacteroides_abscessus_subsp._massiliense	55.27777777777778	54.79973703181601	60.0	7.019347678386173
Mycobacteroides_abscessus_subsp._massiliense_CCUG_48898_=_JCM_15300	50.833333333333336	49.86897285445288	53.0	10.061929449286765
Mycoplasma_haemocanis	0	0	0	0
Mycoplasma_haemofelis	0	0	0	0
Mycoplasma_haemofelis_str._Langford_1	60.0	59.999999999999986	60.0	0.0
Mycoplasma_mycoides	0	0	0	0
Mycoplasma_mycoides_subsp._mycoides	76.0	76.0	76.0	0.0
Mycoplasma_ovipneumoniae	0	0	0	0
Mycoplasma_pneumoniae	81.0	81.00000000000003	81.0	0.0
Neisseria_elongata	0	0	0	0
Neisseria_elongata_subsp._glycolytica	52.073170731707314	49.82256685131186	51.0	17.053431097439656
Neisseria_gonorrhoeae	54.630434782608695	53.17750654502695	53.0	13.283839297184755
Neisseria_gonorrhoeae_NG-k51.05	52.714285714285715	50.474144097641044	48.5	17.14835076810403
Neisseria_meningitidis	53.03973509933775	51.974703741447335	52.0	10.838745803644743
Neisseria_meningitidis_8013	60.357142857142854	57.62085721666918	54.0	19.67273452056128
Neisseria_meningitidis_H44/76	55.42857142857143	54.586778928682385	55.0	10.014275524755362
Neisseria_meningitidis_LNP21362	46.2	46.047484599007355	48.0	4.024922359499621
Neisseria_meningitidis_M01-240355	60.666666666666664	57.6476473065923	52.0	23.11420919405781
Neisseria_meningitidis_M0579	62.5	62.473985362233535	62.5	2.0816659994661326
Neisseria_meningitidis_MC58	48.857142857142854	47.986939904252715	52.0	9.668308563352252
Neisseria_meningitidis_NZ-05/33	50.0	49.18333050943176	50.0	12.727922061357855
Neisseria_meningitidis_serogroup_B	51.0	51.0	51.0	0.0
Neisseria_mucosa	57.516129032258064	55.34172934319297	58.0	16.587316837027323
Neisseria_sicca	55.25	54.110356757341215	60.0	11.20809656326303
Neisseria_subflava	58.0	56.93390010581856	60.0	11.505307167705512
Neisseria_weaveri	54.69230769230769	52.70473293699307	50.5	15.918059410135877
Orthohepadnavirus	0	0	0	0
Orthopoxvirus	0	0	0	0
Paraavulavirus	0	0	0	0
Parvimonas_micra	52.0	50.572303166566705	52.0	12.658988901172163
Pasteurella_multocida	55.94358974358974	54.178602604655666	55.0	14.442679478418588
Pasteurella_multocida_subsp._gallicida	53.7037037037037	51.81796391773252	52.0	15.444229230499545
Pasteurella_multocida_subsp._multocida	57.32386363636364	55.48956663002192	58.5	15.066052620326321
Pasteurella_multocida_subsp._multocida_OH4807	55.5462962962963	53.82071151647498	53.0	14.445116407406951
Pasteurella_multocida_subsp._multocida_P1062	56.15686274509804	55.08922608840469	55.0	10.925882205148666
Pasteurella_multocida_subsp._multocida_str._3480	54.516129032258064	52.53249845524285	52.0	15.888928992104189
Pasteurella_multocida_subsp._multocida_str._HN06	57.73076923076923	55.713848686421834	59.5	15.996393824378524
Pasteurella_multocida_subsp._multocida_str._Pm70	53.523809523809526	52.70193408237715	57.0	9.341408071693728
Pasteurella_multocida_subsp._septica	45.375	45.18423265286288	46.0	4.373213921133975
Peptostreptococcus_anaerobius	0	0	0	0
Polyomaviridae	0	0	0	0
Porphyromonas_gingivalis	56.0	53.944973619879036	60.0	15.625619987699688
Porphyromonas_gingivalis_A7A1-28	65.4	64.22747571553506	60.0	14.310835055998654
Porphyromonas_gingivalis_AJW4	40.333333333333336	40.14840703616277	43.0	4.618802153517007
Porphyromonas_gingivalis_ATCC_33277	48.0	48.00000000000001	48.0	0.0
Porphyromonas_gingivalis_TDC60	54.0	53.85164807134502	54.0	5.656854249492381
Porphyromonas_gingivalis_W83	89.0	88.54377448471462	89.0	12.727922061357855
Rickettsia_africae	0	0	0	0
Rickettsia_akari	0	0	0	0
Rickettsia_conorii	38.0	37.99999999999999	38.0	0.0
Rickettsia_felis	0	0	0	0
Rickettsia_japonica	0	0	0	0
Rickettsia_prowazekii	0	0	0	0
Rickettsia_rickettsii	0	0	0	0
Rickettsia_sibirica	0	0	0	0
Rickettsia_typhi	0	0	0	0
Salmonella_enterica	50.193548387096776	48.19668134605744	46.5	15.63021746092128
Salmonella_enterica_subsp._VII	58.333333333333336	56.8364584191833	58.5	14.207978978963428
Salmonella_enterica_subsp._arizonae	54.666666666666664	54.20906607963568	59.0	8.386497083606084
Salmonella_enterica_subsp._diarizonae_serovar_48:i:z	36.0	36.0	36.0	0.0
Salmonella_enterica_subsp._diarizonae_serovar_61:k:1,5,(7)	55.666666666666664	54.51361778496418	50.0	14.364307617610162
Salmonella_enterica_subsp._enterica	51.58064516129032	50.009893981023026	50.0	13.429791403493896
Salmonella_enterica_subsp._enterica_serovar_Agona	63.5	63.44286322675497	63.5	3.1091263510296048
Salmonella_enterica_subsp._enterica_serovar_Antsalova_str._S01-0511	47.0	45.16635916254486	47.0	18.384776310850235
Salmonella_enterica_subsp._enterica_serovar_Carmel	55.0	55.000000000000014	55.0	0.0
Salmonella_enterica_subsp._enterica_serovar_Choleraesuis	51.76923076923077	49.524491465554505	51.0	17.340481760675154
Salmonella_enterica_subsp._enterica_serovar_Derby	58.5	58.464514638614816	57.5	2.3804761428476167
Salmonella_enterica_subsp._enterica_serovar_Enteritidis	58.333333333333336	57.05647424261115	52.0	15.50268793897798
Salmonella_enterica_subsp._enterica_serovar_Heidelberg	39.0	38.99999999999999	39.0	0.0
Salmonella_enterica_subsp._enterica_serovar_India_str._SA20085604	51.75	51.40524114725556	50.5	6.946221994724902
Salmonella_enterica_subsp._enterica_serovar_Infantis	47.5	47.47630988187689	47.5	2.1213203435596424
Salmonella_enterica_subsp._enterica_serovar_Johannesburg_str._ST203	81.33333333333333	77.22305089131488	95.0	25.224326882330608
Salmonella_enterica_subsp._enterica_serovar_London	50.5	50.37856687124	50.5	4.949747468305833
Salmonella_enterica_subsp._enterica_serovar_Macclesfield_str._S-1643	39.5	39.11521443121589	39.5	7.7781745930520225
Salmonella_enterica_subsp._enterica_serovar_Manchester_str._ST278	40.0	40.0	40.0	0.0
Salmonella_enterica_subsp._enterica_serovar_Montevideo	85.0	85.00000000000001	85.0	0.0
Salmonella_enterica_subsp._enterica_serovar_Muenchen	59.0	59.000000000000014	59.0	0.0
Salmonella_enterica_subsp._enterica_serovar_Newport	47.0	46.99999999999999	47.0	0.0
Salmonella_enterica_subsp._enterica_serovar_Newport_str._CVM_N1543	53.0	53.00000000000001	53.0	0.0
Salmonella_enterica_subsp._enterica_serovar_Paratyphi_A	46.0	46.0	46.0	0.0
Salmonella_enterica_subsp._enterica_serovar_Paratyphi_A_str._ATCC_9150	51.0	51.0	51.0	0.0
Salmonella_enterica_subsp._enterica_serovar_Pullorum_str._ATCC_9120	46.0	46.0	46.0	0.0
Salmonella_enterica_subsp._enterica_serovar_Saintpaul_str._SARA26	61.5	60.21627686929838	61.5	17.67766952966369
Salmonella_enterica_subsp._enterica_serovar_Senftenberg	54.55555555555556	53.82455290045621	51.0	9.63212218453326
Salmonella_enterica_subsp._enterica_serovar_Typhi	42.0	41.952353926806055	42.0	2.8284271247461903
Salmonella_enterica_subsp._enterica_serovar_Typhi_str._Ty2	54.0	53.808677992507754	54.0	4.898979485566356
Salmonella_enterica_subsp._enterica_serovar_Typhimurium	61.142857142857146	60.71599452563533	60.0	7.967194642795572
Salmonella_enterica_subsp._enterica_serovar_Weltevreden	54.2	52.57670183223687	60.0	12.96919426949878
Salmonella_enterica_subsp._enterica_serovar_Worthington	63.333333333333336	61.9102376901439	67.0	13.90922954971506
Salmonella_enterica_subsp._enterica_serovar_Yovokome_str._S-1850	53.0	53.00000000000001	53.0	0.0
Salmonella_enterica_subsp._houtenae_str._ATCC_BAA-1581	50.22222222222222	49.77829093347847	49.0	7.031674369909663
Salmonella_enterica_subsp._salamae	53.666666666666664	52.095582004903406	56.5	13.662601021279464
Salmonella_enterica_subsp._salamae_serovar_55:k:z39_str._1315K	55.0	54.06640689544821	54.0	11.74734012447073
Sheeppox_virus	0	0	0	0
Shigella_boydii	0	0	0	0
Shigella_dysenteriae	0	0	0	0
Shigella_flexneri	44.0	43.99999999999999	44.0	0.0
Shigella_sonnei	0	0	0	0
Simian_virus_12	0	0	0	0
Staphylococcus_aureus	54.574074074074076	51.98639461570902	55.0	17.525831987735536
Staphylococcus_aureus_RF122	54.5	54.22176684690381	54.5	7.7781745930520225
Staphylococcus_aureus_subsp._aureus_TCH60	51.0	51.0	51.0	0.0
Staphylococcus_aureus_subsp._aureus_TW20	42.0	42.00000000000001	42.0	0.0
Staphylococcus_cohnii	75.625	72.96620736917583	75.0	20.567624411026266
Staphylococcus_epidermidis	60.217948717948715	58.21861117087275	60.0	15.873814864289551
Staphylococcus_epidermidis_ATCC_12228	70.0	67.2299751002819	70.0	19.67000485279785
Staphylococcus_epidermidis_PM221	64.8	63.0065354424363	60.0	17.00849460972043
Staphylococcus_equorum	63.63333333333333	62.04556269226134	60.0	15.408200533422484
Staphylococcus_hominis	63.48	59.35981226280585	60.0	23.40961340987928
Staphylococcus_hominis_subsp._hominis	58.05555555555556	55.981457839642744	59.5	15.580105344306327
Staphylococcus_nepalensis	43.666666666666664	42.44426373063009	36.0	13.279056191361391
Staphylococcus_saprophyticus	57.833333333333336	55.77231657189405	59.5	15.980196077228422
Staphylococcus_simulans	45.875	45.06998691581476	48.0	8.838834764831844
Staphylococcus_succinus	65.36486486486487	63.128553874590544	60.0	17.486256305182355
Streptococcus_agalactiae	54.68115942028985	53.07961159095226	52.0	13.967187018592035
Streptococcus_agalactiae_GD201008-001	55.375	53.85285039587164	54.0	14.116941718313527
Streptococcus_agalactiae_NEM316	57.7	55.00813268403324	47.0	19.474950172221913
Streptococcus_anginosus	54.40655737704918	52.79671153009827	52.0	13.650186388409095
Streptococcus_anginosus_C1051	57.523809523809526	55.76602305979303	55.0	15.441729326998807
Streptococcus_canis	54.830065359477125	53.30861258330575	52.5	13.379843342302879
Streptococcus_cristatus	55.280701754385966	53.53045539789887	54.0	14.088691496025296
Streptococcus_cristatus_AS_1.3089	54.017857142857146	52.194663353000074	50.0	14.990677068444873
Streptococcus_cristatus_ATCC_51100	53.225806451612904	51.60010484829465	50.5	13.625991881383376
Streptococcus_dysgalactiae	56.80446927374301	55.47114127232218	56.0	12.775977375171914
Streptococcus_dysgalactiae_subsp._dysgalactiae	57.20161290322581	55.48811774710912	56.0	14.293025685692777
Streptococcus_dysgalactiae_subsp._equisimilis	56.43518518518518	54.966261782057394	55.5	13.216109372364132
Streptococcus_equi	55.81720430107527	54.15374718642192	53.0	14.052370185043337
Streptococcus_equi_subsp._equi	53.6	52.66825025450041	49.0	10.46024218967547
Streptococcus_equi_subsp._zooepidemicus	58.025597269624576	56.149272793865194	56.0	15.0946085377401
Streptococcus_equi_subsp._zooepidemicus_CY	57.73076923076923	55.80836125341811	56.0	16.11538997994756
Streptococcus_equi_subsp._zooepidemicus_MGCS10565	57.44117647058823	55.71035120570672	55.5	14.425329070982857
Streptococcus_gallolyticus	56.83467741935483	54.748076821947116	53.5	16.181188379887278
Streptococcus_gallolyticus_UCN34	57.25440806045341	55.063784929392945	56.0	16.303258085634404
Streptococcus_gordonii	54.30827067669173	52.73340609601942	52.0	13.706875095212201
Streptococcus_gordonii_str._Challis_substr._CH1	0	0	0	0
Streptococcus_intermedius	56.96969696969697	55.50484399539006	55.0	13.553929259840265
Streptococcus_intermedius_B196	53.835443037974684	52.52810759805354	55.0	11.944777186904352
Streptococcus_lutetiensis	58.2589928057554	56.47645736162976	57.0	14.859407857541274
Streptococcus_milleri	57.09090909090909	55.63471474373991	56.0	14.069833946167497
Streptococcus_mitis	56.97712418300654	54.98560472007665	56.0	15.617858616600895
Streptococcus_mitis_B6	55.8433734939759	54.650592650684935	54.0	11.932208848027571
Streptococcus_mutans	54.59825327510917	52.97186615291209	52.0	14.003295242096582
Streptococcus_mutans_UA159	56.54	54.952237422649944	55.5	13.827305299995965
Streptococcus_oralis	55.154377880184335	53.49114879275921	54.0	14.16144594413654
Streptococcus_oralis_ATCC_35037	53.583333333333336	52.489851289440296	54.5	10.773976583813955
Streptococcus_oralis_Uo5	51.29268292682927	49.8362168161009	47.0	12.992774727591918
Streptococcus_oralis_subsp._oralis	56.58510638297872	54.72846875781209	54.0	15.189420182233153
Streptococcus_oralis_subsp._tigurinus	54.10084033613445	52.293002320578005	52.0	14.730571782879391
Streptococcus_parauberis	57.40506329113924	56.160351410335416	56.0	12.426727798499252
Streptococcus_parauberis_NCFD_2020	57.10526315789474	55.511160453408365	55.0	14.11086323958182
Streptococcus_pneumoniae	54.086513994910945	52.638987704225876	53.0	13.15653970660454
Streptococcus_pneumoniae_670-6B	46.0	44.83718896012647	46.0	10.801234497346433
Streptococcus_pneumoniae_70585	56.0	53.89920565978966	54.0	15.67907310185565
Streptococcus_pneumoniae_ATCC_700669	50.333333333333336	46.869412667369694	40.0	24.214320831552005
Streptococcus_pneumoniae_CGSP14	53.833333333333336	51.22811288095224	44.5	19.913981687916326
Streptococcus_pneumoniae_Hungary19A-6	55.13333333333333	53.57928779176466	58.0	12.933161510886139
Streptococcus_pneumoniae_INV200	51.5	51.0881590977792	51.5	9.192388155425117
Streptococcus_pneumoniae_PCS8235	48.2	47.61357494868958	46.0	8.526429498916883
Streptococcus_pneumoniae_SPN032672	58.142857142857146	55.9533460262928	60.0	16.18052915727801
Streptococcus_pneumoniae_SPNA45	64.15	61.686570908837886	60.5	18.567869815185702
Streptococcus_pneumoniae_TIGR4	60.51219512195122	59.009245375175674	59.0	14.11758115120914
Streptococcus_pyogenes	55.13586956521739	53.62314895459428	54.5	13.223833503897371
Streptococcus_pyogenes_A20	53.583333333333336	51.90135448067648	50.5	14.538089991675681
Streptococcus_pyogenes_HKU_QMH11M0907901	56.6	55.938343587468744	56.0	9.287985070329661
Streptococcus_pyogenes_JRS4	52.333333333333336	51.392631806762914	58.0	10.307764064044152
Streptococcus_pyogenes_MGAS10394	50.5	49.829188047609826	51.5	8.5690472882679
Streptococcus_pyogenes_MGAS10750	62.76190476190476	61.126348723116784	61.0	14.737383627716158
Streptococcus_pyogenes_MGAS8232	56.666666666666664	53.2425103530927	45.0	25.579940057266224
Streptococcus_pyogenes_STAB1102	66.75	65.51302192299748	64.5	13.032302524531461
Streptococcus_salivarius	54.6123595505618	53.05274132976451	54.0	13.767128191536179
Streptococcus_salivarius_57.I	59.1719298245614	57.15137339008337	58.0	15.824808416012775
Streptococcus_salivarius_CCHSS3	55.729166666666664	53.745291710298794	55.5	15.930353181341259
Streptococcus_salivarius_JIM8777	55.03225806451613	54.206168316835125	53.0	9.850495320770227
Streptococcus_sanguinis	54.83333333333333	53.08403037665689	52.0	14.333142263165797
Streptococcus_sanguinis_SK36	54.466257668711656	53.07014909670883	52.0	12.841042517862117
Streptococcus_sp._HSISM1	53.90909090909091	52.81274338652029	52.0	11.5088898445743
Streptococcus_suis	55.66401985111663	53.95569553191689	54.0	14.230049562309395
Streptococcus_suis_05HAS68	57.21052631578947	55.512254840005184	57.0	14.755710560730268
Streptococcus_suis_6407	54.86274509803921	53.627561962363686	53.0	12.547540966808016
Streptococcus_suis_D12	58.49411764705882	56.817612318931694	55.0	14.311686474622729
Streptococcus_suis_D9	54.833333333333336	53.431179662383144	51.5	12.967022717683484
Streptococcus_suis_JS14	50.25714285714286	49.054562843769844	50.0	11.376815581396633
Streptococcus_suis_ST1	60.15151515151515	57.93462741906386	56.5	17.7107029128998
Streptococcus_suis_ST3	48.785714285714285	47.67725625979271	49.5	10.856962115326109
Streptococcus_suis_T15	56.595238095238095	55.34809666648122	54.0	12.175664500941581
Streptococcus_suis_TL13	53.324675324675326	51.65891571473543	50.0	14.046390769275888
Streptococcus_suis_YB51	58.63636363636363	57.183910118881144	59.5	13.304292382693482
Streptococcus_thermophilus	56.238493723849366	54.58042918027314	55.0	14.205189881530554
Streptococcus_thermophilus_1F8CT	53.73809523809524	52.194202274996336	52.0	14.281250754491344
Streptococcus_thermophilus_ND03	57.73170731707317	55.76305974388675	55.0	15.971888414091651
Tannerella_forsythia	60.4	56.522712922499906	65.0	23.028243528328424
Tannerella_forsythia_92A2	56.75	56.44661487958706	60.0	6.5
Tannerella_forsythia_KS16	54.916666666666664	53.12238223811085	58.5	15.299782133525085
Treponema	56.826086956521735	55.041917068819075	54.0	15.99617049033084
Treponema_azotonutricium_ZAS-9	57.5	57.445626465380286	57.5	3.5355339059327378
Treponema_brennaborense_DSM_12168	52.92307692307692	52.16377294746315	59.0	8.911243258393098
Treponema_caldarium_DSM_7334	49.083333333333336	47.98140323525953	50.5	10.68948789770359
Treponema_denticola	0	0	0	0
Treponema_denticola_AL-2	52.0	52.00000000000001	52.0	0.0
Treponema_denticola_ATCC_35405	0	0	0	0
Treponema_denticola_H-22	60.0	59.999999999999986	60.0	0.0
Treponema_denticola_H1-T	60.0	59.999999999999986	60.0	0.0
Treponema_denticola_OTK	73.5	71.386273190299	73.5	24.748737341529164
Treponema_medium	55.0	54.77225575051659	55.0	7.0710678118654755
Treponema_pallidum	0	0	0	0
Treponema_pallidum_subsp._pallidum	0	0	0	0
Treponema_pallidum_subsp._pertenue	0	0	0	0
Treponema_paraluiscuniculi_Cuniculi_A	40.0	40.0	40.0	0.0
Treponema_parvum	50.0	48.855327823449954	46.0	13.45362404707371
Treponema_pedis	48.09090909090909	47.437888582427796	47.0	8.982811869949693
Treponema_phagedenis	52.2	51.5594899581914	54.5	8.205261469902936
Treponema_primitia_ZAS-2	54.30769230769231	53.80300986248074	54.0	7.641821503897869
Treponema_putidum	69.0	68.53466276272174	69.0	11.313708498984761
Treponema_ruminis	44.0	43.48400054331472	41.0	8.0
Treponema_socranskii_subsp._buccale	62.77777777777778	62.11115298336416	60.0	10.158466638447186
Treponema_sp._OMZ_838	51.5	50.70124484562272	53.0	9.304376850247875
Treponema_succinifaciens_DSM_2489	54.888888888888886	53.40396191755734	56.0	12.761704866949051
Treponema_vincentii	66.5	63.50349029175108	68.5	20.74849392124643
Veillonella_parvula	67.45	63.08252366493555	60.0	25.39472593400366
Veillonella_parvula_HSIVP1	58.625	58.4221305056879	60.0	5.125217765408329
Vesicular_stomatitis_Indiana_virus	0	0	0	0
Vibrio_anguillarum	50.82608695652174	49.47017609066667	49.0	12.379059201707035
Vibrio_anguillarum_775	53.166666666666664	52.71694050480581	52.5	7.57407860182786
Vibrio_cholerae	50.303030303030305	48.83849979174764	48.0	13.327784393132898
Vibrio_cholerae_O1_biovar_El_Tor	44.666666666666664	44.626036665102944	46.0	2.309401076758503
Vibrio_cholerae_O395	46.25	46.09549412151187	44.0	4.5
Vibrio_furnissii	48.36363636363636	47.05460285096344	46.0	11.32411984375343
Vibrio_furnissii_NCTC_11218	45.95238095238095	44.40831182497273	42.0	12.905332969265809
Vibrio_parahaemolyticus	53.11764705882353	52.12207984557998	54.0	10.670732291142604
Vibrio_parahaemolyticus_O1:Kuk_str._FDA_R31	47.5	47.434164902525694	47.5	3.5355339059327378
Vibrio_parahaemolyticus_UCM-V493	61.25	59.21601770619222	54.5	19.585283590832514
Vibrio_splendidus	42.0	41.74677566025095	43.0	5.5677643628300215
Vibrio_vulnificus	51.755102040816325	50.54582428439784	52.0	11.127163857434834
Vibrio_vulnificus_CMCP6	54.375	53.70626507766043	51.0	9.47081984684687
Vibrio_vulnificus_Env1	45.5	45.27692569068707	45.5	6.363961030678928
Vibrio_vulnificus_NBRC_15645_=_ATCC_27562	43.0	42.95346318982906	43.0	2.8284271247461903
Vibrio_vulnificus_VVyb1(BT3)	42.5	42.14261501141096	42.5	7.7781745930520225
Vibrio_vulnificus_YJ016	38.5	38.49675310984031	38.5	0.7071067811865476
Yersinia_aldovae	0	0	0	0
Yersinia_aldovae_670-83	60.88	59.015034528592736	60.0	14.822055637911138
Yersinia_aleksiciae	57.142857142857146	55.948571019764024	63.0	11.85226520443204
Yersinia_enterocolitica	48.26829268292683	46.512577236000666	44.0	14.650980155340976
Yersinia_enterocolitica_(type_O:5)_str._YE53/03	61.4	59.50625145430474	55.0	18.324846520503247
Yersinia_enterocolitica_LC20	38.0	37.94733192202056	38.0	2.8284271247461903
Yersinia_enterocolitica_subsp._enterocolitica	47.833333333333336	47.53145324239469	49.0	5.8109092805400655
Yersinia_enterocolitica_subsp._palearctica	45.5	43.74928570845472	45.5	17.67766952966369
Yersinia_enterocolitica_subsp._palearctica_105.5R(r)	49.0	47.66655131572689	48.0	12.259107401671391
Yersinia_intermedia	58.208333333333336	56.8611165611217	60.0	13.574205611048274
Yersinia_pestis	56.7	55.683289226396084	57.0	10.652896813839687
Yersinia_pestis_1412	36.0	36.0	36.0	0.0
Yersinia_pestis_3067	52.0	52.00000000000001	52.0	0.0
Yersinia_pestis_8787	60.0	59.999999999999986	60.0	0.0
Yersinia_pestis_CO92	0	0	0	0
Yersinia_pestis_subsp._pestis_bv._Medievalis	54.0	54.00000000000001	54.0	0.0
Yersinia_pseudotuberculosis	50.5	50.08342895590338	51.0	7.371114795831994
Yersinia_pseudotuberculosis_complex	50.333333333333336	48.607550337176065	48.0	15.13528734702196
Yersinia_rohdei	56.78787878787879	54.76077425808161	54.0	16.170493142908427
Yersinia_ruckeri	55.62	54.237369648242655	55.5	12.556630901314122
Yersinia_similis	42.57142857142857	41.65315147940826	39.0	10.212037714663724
