Taxon	Mean	GeometricMean	Median	StandardDev
Actinobacillus_equuli	59.20442410373761	57.21448336166691	60.0	15.831874659102326
Actinobacillus_pleuropneumoniae	58.934573231484556	56.79713229825923	60.0	16.430262481919854
Actinobacillus_pleuropneumoniae_serovar_4_str._M62	60.18086956521739	58.04656003832515	60.0	16.444245870183735
Actinobacillus_pleuropneumoniae_serovar_6_str._Femo	58.05882352941177	55.9445686949606	59.0	16.223237459044068
Actinobacillus_pleuropneumoniae_serovar_9_str._CVJ13261	58.363481228668945	56.23681507824405	59.0	16.257625613704285
African_swine_fever_virus	0	0	0	0
Aphthovirus	0	0	0	0
Arcanobacterium_haemolyticum	55.86666666666667	52.299258205687245	60.0	20.212678717883513
Aspergillus_fumigatus	0	0	0	0
Bartonella_bacilliformis	0	0	0	0
Bartonella_henselae	40.75	40.68612028349635	41.0	2.6299556396765835
Bartonella_quintana	60.0	59.999999999999986	60.0	0.0
Bartonella_quintana_RM-11	38.0	37.99999999999999	38.0	0.0
Blastomyces_dermatitidis	0	0	0	0
Bordetella_bronchialis	55.64609053497942	54.24523868037744	60.0	12.60059748452334
Bordetella_bronchiseptica	57.24022346368715	55.80873576980884	60.0	12.857619257992178
Bordetella_genomosp._13	55.83644859813084	54.170860385584334	60.0	13.72419057892454
Bordetella_pertussis	55.39705882352941	54.080760283361265	60.0	11.795698312650053
Bordetella_pertussis_137	57.9	57.04761834142736	60.0	10.148344145174073
Bordetella_pertussis_18323	50.625	48.78819084058409	41.5	15.259072242908012
Bordetella_petrii	55.164556962025316	53.11319843889698	60.0	15.149303975726545
Bordetella_trematum	55.68103448275862	54.109876780450726	60.0	13.401881203402192
Borrelia_crocidurae	0	0	0	0
Borrelia_recurrentis	0	0	0	0
Borrelia_recurrentis_A1	53.666666666666664	52.84802792494707	60.0	10.969655114602888
Borreliella_afzelii	60.0	59.999999999999986	60.0	0.0
Borreliella_afzelii_HLJ01	87.0	87.0	87.0	0.0
Borreliella_burgdorferi	0	0	0	0
Borreliella_garinii	0	0	0	0
Bovine_rhinitis_A_virus	0	0	0	0
Brucella_abortus	60.0	59.999999999999986	60.0	0.0
Brucella_abortus_bv._6_str._870	49.0	48.99999999999999	49.0	0.0
Brucella_canis	0	0	0	0
Brucella_melitensis	0	0	0	0
Brucella_melitensis_bv._2_str._63/9	60.0	59.999999999999986	60.0	0.0
Brucella_microti	0	0	0	0
Brucella_microti_CCM_4915	60.0	59.999999999999986	60.0	0.0
Brucella_ovis	0	0	0	0
Brucella_ovis_ATCC_25840	60.0	59.999999999999986	60.0	0.0
Brucella_suis	0	0	0	0
Brucella_suis_bv._2	65.0	64.99999999999999	65.0	0.0
Burkholderia_cepacia	55.943693693693696	53.998109236729505	60.0	15.16572054930307
Burkholderia_cepacia_ATCC_25416	53.733695652173914	52.14538199397514	56.5	13.294057813653742
Burkholderia_cepacia_JBK9	56.38953488372093	54.57102621911544	57.0	14.789141971400435
Burkholderia_gladioli	56.320261437908506	54.524899088469084	60.0	14.431582418797316
Burkholderia_gladioli_BSR3	57.38095238095238	55.08939617202091	60.0	16.822298127358053
Burkholderia_gladioli_pv._gladioli	54.41594827586207	52.915473994473274	60.0	12.71151261174407
Burkholderia_mallei	46.705882352941174	45.352646146199845	42.0	11.345509606681143
Burkholderia_mallei_NCTC_10229	47.0	46.475800154488994	47.0	8.082903768654761
Burkholderia_mallei_NCTC_10247	54.0	53.66563145999494	54.0	6.928203230275509
Burkholderia_multivorans	56.84587813620071	54.82851965525997	60.0	15.486107305361443
Burkholderia_multivorans_ATCC_17616	57.83703703703704	55.92684953213756	60.0	15.143530110227498
Burkholderia_multivorans_ATCC_BAA-247	57.0859375	54.666520455271225	59.0	17.185049290521313
Burkholderia_pseudomallei	57.68550368550369	56.04801819464761	60.0	13.898625270621684
Burkholderia_pseudomallei_1106b	56.72727272727273	55.54800628297679	56.0	12.394280205731263
Burkholderia_pseudomallei_1710a	59.0	57.757241684249294	57.5	13.914021704740868
Burkholderia_pseudomallei_1710b	55.0	53.67494760127857	55.0	16.97056274847714
Burkholderia_pseudomallei_7894	56.30769230769231	55.43108562212554	60.0	9.727360302853926
Burkholderia_pseudomallei_B03	52.75	51.642819936922	57.0	10.897247358851684
Burkholderia_pseudomallei_MSHR1153	58.4	57.06275712212664	60.0	13.501851724856113
Burkholderia_pseudomallei_MSHR2543	56.9375	56.7169105719589	60.0	5.05263957418958
Burkholderia_pseudomallei_MSHR346	60.0	58.24967000054534	60.0	14.761597539045763
Burkholderia_pseudomallei_MSHR435	56.69565217391305	55.16389363057213	60.0	13.407714138471642
Burkholderia_pseudomallei_NCTC_13179	53.8421052631579	52.53132128569519	60.0	11.543459706184455
Burkholderia_pseudomallei_Pasteur_52237	54.8	53.53325572693451	58.0	11.7983049630021
Campylobacter_coli	43.666666666666664	43.65658981845459	43.0	1.1547005383792517
Campylobacter_coli_76339	30.0	30.000000000000004	30.0	0.0
Campylobacter_fetus	42.833333333333336	42.51433834863077	45.0	5.307227776030219
Campylobacter_gracilis	54.57142857142857	52.89060140217392	63.0	13.414633090486708
Campylobacter_showae	54.38461538461539	53.778797041760626	60.0	8.088453308456254
Canine_morbillivirus	0	0	0	0
Chlamydia_abortus	0	0	0	0
Chlamydia_caviae	0	0	0	0
Chlamydia_felis	0	0	0	0
Chlamydia_muridarum	0	0	0	0
Chlamydia_pecorum	0	0	0	0
Chlamydia_pneumoniae	0	0	0	0
Chlamydia_psittaci	0	0	0	0
Chlamydia_suis	38.857142857142854	38.836909435114585	39.0	1.3451854182690985
Chlamydia_trachomatis	0	0	0	0
Corynebacterium_ammoniagenes	47.18181818181818	45.849601300161595	43.0	11.504939650586454
Corynebacterium_amycolatum	45.64705882352941	44.33758451795816	43.0	11.246894996345592
Corynebacterium_bovis	54.58158995815899	52.740518565844724	60.0	14.105866083499203
Corynebacterium_crudilactis	44.666666666666664	43.95563386656234	47.0	8.396427811873332
Corynebacterium_diphtheriae	49.86666666666667	48.98579285264129	50.0	9.62041480147197
Corynebacterium_diphtheriae_HC03	44.4	43.74526693517415	43.0	9.071934744033381
Corynebacterium_diphtheriae_HC04	43.0	43.0	43.0	0.0
Corynebacterium_jeikeium	51.03225806451613	49.37094124078345	56.0	13.118647976494483
Corynebacterium_jeikeium_K411	48.549019607843135	46.91672188350168	47.0	13.520819095735579
Corynebacterium_kroppenstedtii	47.86842105263158	46.415811516874804	47.5	11.798238651484493
Corynebacterium_kroppenstedtii_DSM_44385	56.36363636363637	54.13199076029942	60.0	15.564139045974377
Corynebacterium_maris	0	0	0	0
Corynebacterium_maris_DSM_45190	55.62328767123287	54.219324959140096	60.0	12.685664138464178
Corynebacterium_matruchotii	46.758620689655174	44.68211256368316	41.0	15.034852777116129
Corynebacterium_minutissimum	52.17391304347826	50.488889861522274	52.0	13.897848669073156
Corynebacterium_pseudotuberculosis	52.5	52.36293024075668	52.5	4.230839160261236
Corynebacterium_pseudotuberculosis_Cp162	35.0	34.99999999999999	35.0	0.0
Corynebacterium_renale	54.9	53.21484751068916	60.0	13.388526116751887
Corynebacterium_segmentosum	52.35	49.76934709804691	51.5	17.6404887150346
Corynebacterium_sphenisci	0	0	0	0
Corynebacterium_sphenisci_DSM_44792	55.673202614379086	54.06724357433461	60.0	13.450007040212407
Corynebacterium_stationis	56.125	55.436540275481114	60.0	8.616843969807043
Corynebacterium_striatum	52.48148148148148	51.10581531436124	60.0	11.625834505637897
Corynebacterium_urealyticum	56.5	54.063872696192774	60.0	17.057847145924697
Corynebacterium_ureicelerivorans	53.127272727272725	51.823916778817	58.0	11.328519476761011
Corynebacterium_xerosis	56.800947867298575	54.95131177332364	60.0	15.046220821257123
Cowpox_virus	0	0	0	0
Coxiella_burnetii	50.18518518518518	48.66875495528577	52.0	12.190907825844373
Coxiella_burnetii_Dugway_5J108-111	53.333333333333336	52.72307707195676	53.0	8.824209124146293
Coxiella_burnetii_str._Schperling	60.25	59.01209707604511	60.0	13.509256086106296
Cryptosporidium	0	0	0	0
Cryptosporidium_parvum	0	0	0	0
Deltaretrovirus	0	0	0	0
Ehrlichia_canis	0	0	0	0
Enterococcus_avium	48.52173913043478	47.47099440465163	45.0	10.431026992136102
Enterococcus_casseliflavus	47.333333333333336	46.69954905056333	48.0	7.977910680342905
Enterococcus_casseliflavus_EC20	41.666666666666664	41.615539066682885	42.0	2.516611478423583
Enterococcus_cecorum	44.77777777777778	43.099653992279976	43.0	13.73660964155437
Enterococcus_durans	45.27272727272727	44.066166745033776	41.0	11.5593331043872
Enterococcus_faecalis	54.357142857142854	53.49026116929866	56.0	9.516036205003902
Enterococcus_faecalis_ATCC_29212	66.0	65.99999999999997	66.0	0.0
Enterococcus_faecalis_R712	38.5	38.41874542459709	38.5	3.5355339059327378
Enterococcus_faecium	47.37931034482759	46.56250951347473	46.0	9.298286297959304
Enterococcus_hirae	60.0	59.999999999999986	60.0	0.0
Enterococcus_hirae_ATCC_9790	53.64705882352941	51.70085431699224	47.0	15.272283622917152
Enterococcus_mundtii	42.8	41.70714812654127	41.0	11.077003204838391
Enterovirus_B	0	0	0	0
Epizootic_hemorrhagic_disease_virus_(serotype_1_/_strain_New_Jersey)	0	0	0	0
Equine_rhinitis_A_virus	0	0	0	0
Erysipelothrix_rhusiopathiae	43.5	43.16491785092128	44.5	6.137317546507322
Erythroparvovirus	0	0	0	0
Escherichia_coli	54.27210884353742	52.34541416724381	52.0	14.829421802678981
Escherichia_coli_042	47.0	46.99999999999999	47.0	0.0
Escherichia_coli_BL21(DE3)	50.0	49.99999999999999	50.0	0.0
Escherichia_coli_E110019	48.0	48.00000000000001	48.0	0.0
Escherichia_coli_ETEC_H10407	60.0	59.999999999999986	60.0	0.0
Escherichia_coli_O111	0	0	0	0
Escherichia_coli_O121_str._RM8352	31.0	31.0	31.0	0.0
Escherichia_coli_O139	47.5	46.997685794621404	44.0	8.386497083606082
Escherichia_coli_O145	38.5	38.34057902536163	38.5	4.949747468305833
Escherichia_coli_O150	49.0	48.99999999999999	49.0	0.0
Escherichia_coli_O157:H7	0	0	0	0
Escherichia_coli_O19	39.0	38.99999999999999	39.0	0.0
Escherichia_coli_O25:NM	57.0	57.00000000000001	57.0	0.0
Escherichia_coli_O26	0	0	0	0
Escherichia_coli_O78	83.0	83.00000000000003	83.0	0.0
Escherichia_coli_O7:K1_str._CE10	55.75	52.60662119979656	44.0	24.171263930543642
Escherichia_coli_O80:H26	76.5	74.69939758793242	76.5	23.33452377915607
Escherichia_coli_str._K-12_substr._MC4100	47.0	46.99999999999999	47.0	0.0
Escherichia_coli_str._K-12_substr._MG1655star	58.0	57.999999999999986	58.0	0.0
Francisella_tularensis	59.36363636363637	59.16549345580974	60.0	5.084736517711164
Francisella_tularensis_subsp._tularensis	60.0	59.999999999999986	60.0	0.0
Fusobacterium	50.310344827586206	48.47174584412526	46.0	14.275612191716188
Fusobacterium_canifelinum	47.0	46.99999999999999	47.0	0.0
Fusobacterium_gastrosuis	58.57142857142857	56.15654019429576	56.0	18.44206848783211
Fusobacterium_gonidiaformans_ATCC_25563	45.25	44.91684799790562	44.0	6.3966136874651625
Fusobacterium_hwasookii	62.0	62.00000000000001	62.0	0.0
Fusobacterium_hwasookii_ChDC_F174	45.0	44.99999999999999	45.0	0.0
Fusobacterium_hwasookii_ChDC_F206	48.0	48.00000000000001	48.0	0.0
Fusobacterium_mortiferum_ATCC_9817	51.0	51.0	51.0	0.0
Fusobacterium_necrophorum	48.541666666666664	47.19055841555051	47.5	11.798965196581644
Fusobacterium_necrophorum_subsp._funduliforme	43.59090909090909	42.94454753733447	44.0	7.750017455642959
Fusobacterium_necrophorum_subsp._necrophorum	49.333333333333336	47.0508552408531	47.0	17.930421077041107
Fusobacterium_nucleatum	44.57142857142857	43.114195984799515	45.0	12.488089563755576
Fusobacterium_nucleatum_subsp._animalis	51.0	49.62263145270626	49.5	12.71669319101022
Fusobacterium_nucleatum_subsp._animalis_21_1A	38.0	37.99999999999999	38.0	0.0
Fusobacterium_nucleatum_subsp._animalis_4_8	57.0	55.497747702046425	57.0	18.384776310850235
Fusobacterium_nucleatum_subsp._nucleatum	57.25	55.94817027688213	59.0	13.865424623862047
Fusobacterium_nucleatum_subsp._nucleatum_ATCC_23726	49.0	48.99999999999999	49.0	0.0
Fusobacterium_nucleatum_subsp._nucleatum_ChDC_F316	43.0	43.0	43.0	0.0
Fusobacterium_nucleatum_subsp._polymorphum	41.5	41.11860111807489	42.0	5.930148958219065
Fusobacterium_nucleatum_subsp._polymorphum_ATCC_10953	45.5	45.431266766402196	45.5	3.5355339059327378
Fusobacterium_nucleatum_subsp._vincentii	41.0	40.44705419303061	37.0	7.905694150420948
Fusobacterium_nucleatum_subsp._vincentii_ChDC_F8	49.2	47.88088269908422	50.0	12.357184145265458
Fusobacterium_pseudoperiodonticum	50.3	49.07949572188907	46.5	11.8794874562088
Fusobacterium_sp._oral_taxon_203	76.0	74.29670248402687	76.0	22.627416997969522
Fusobacterium_ulcerans	45.2	44.91913019077063	43.0	5.848076606885378
Fusobacterium_ulcerans_ATCC_49185	60.0	59.999999999999986	60.0	0.0
Fusobacterium_varium_ATCC_27725	45.5	43.12771730569565	45.5	20.506096654409877
Goatpox_virus	0	0	0	0
Haemophilus_influenzae	56.15704387990762	54.35016610715462	55.0	14.758497318256268
Haemophilus_influenzae_10810	57.80952380952381	56.02078802133607	56.0	15.144698899677893
Haemophilus_influenzae_2019	52.083333333333336	50.66961081805529	54.0	12.580347829656837
Haemophilus_influenzae_CGSHiCZ412602	59.11764705882353	57.52423507763022	60.0	14.061838219722452
Haemophilus_influenzae_F3031	55.888888888888886	54.18312322908952	50.0	15.671984912930178
Haemophilus_influenzae_F3047	46.5	44.85211579375819	44.0	12.93058390019569
Haemophilus_influenzae_KR494	58.067796610169495	55.79756631026655	60.0	16.329436511573373
Haemophilus_influenzae_R2846	57.76190476190476	56.515773963682285	60.0	12.086789325146533
Haemophilus_influenzae_R2866	63.31818181818182	61.99622017866557	61.5	12.97758640571308
Haemophilus_influenzae_biotype_aegyptius	51.7	50.367298194729436	50.5	12.780627701503727
Helicobacter_cinaedi	45.4	42.806744893799674	39.0	19.034179782696178
Helicobacter_pylori	51.97142857142857	50.45695131392339	57.0	12.341907837754674
Helicobacter_pylori_Aklavik86	54.0	54.00000000000001	54.0	0.0
Helicobacter_pylori_F57	52.0	52.00000000000001	52.0	0.0
Helicobacter_pylori_HPAG1	41.0	41.00000000000001	41.0	0.0
Helicobacter_pylori_Shi112	60.0	59.999999999999986	60.0	0.0
Helicobacter_pylori_oki422	49.0	48.99999999999999	49.0	0.0
Hepatitis_B_virus	0	0	0	0
Hepatitis_E_virus	0	0	0	0
Hepatitis_delta_virus	0	0	0	0
Human_adenovirus_1	0	0	0	0
Human_adenovirus_2	0	0	0	0
Human_adenovirus_35	0	0	0	0
Human_adenovirus_5	0	0	0	0
Human_adenovirus_54	0	0	0	0
Human_adenovirus_7	0	0	0	0
Human_alphaherpesvirus_1	0	0	0	0
Human_alphaherpesvirus_2	0	0	0	0
Human_alphaherpesvirus_3	0	0	0	0
Human_gammaherpesvirus_4	0	0	0	0
Human_herpesvirus_4_type_2	0	0	0	0
Human_mastadenovirus_C	0	0	0	0
JC_polyomavirus	0	0	0	0
Klebsiella_aerogenes	52.255319148936174	50.85417956013006	49.0	12.56888512420632
Klebsiella_aerogenes_EA1509E	44.8	43.18194273457122	43.0	13.374816420635995
Klebsiella_michiganensis	49.91428571428571	48.505897487899574	47.0	13.1738855507478
Klebsiella_michiganensis_HKOPL1	46.81818181818182	45.6100975758416	45.0	11.070846235208776
Klebsiella_michiganensis_KCTC_1686	60.0	59.999999999999986	60.0	0.0
Klebsiella_oxytoca	51.16949152542373	49.608949321902344	55.0	12.387636414744039
Klebsiella_pneumoniae	55.351851851851855	53.7142474152686	56.0	13.672941751085665
Klebsiella_pneumoniae_subsp._pneumoniae	57.27272727272727	56.760508625732896	60.0	7.5415156881398095
Klebsiella_pneumoniae_subsp._pneumoniae_KPNIH27	51.5	50.79370039680118	51.5	12.020815280171307
Klebsiella_pneumoniae_subsp._pneumoniae_PittNDM01	56.75	56.655624698902216	57.0	3.774917217635375
Klebsiella_pneumoniae_subsp._rhinoscleromatis	0	0	0	0
Legionella_anisa	55.214285714285715	54.59541096880761	60.0	7.826764450157022
Legionella_lansingensis	59.6	59.17777137954179	60.0	7.797435475847171
Legionella_pneumophila	50.36363636363637	49.318254399197265	50.0	10.38530430245284
Legionella_pneumophila_str._Corby	56.8	56.39122586099934	60.0	7.155417527999327
Legionella_pneumophila_subsp._fraseri	60.4	58.502447188547	68.0	15.517731793016658
Legionella_pneumophila_subsp._pascullei	60.0	59.999999999999986	60.0	0.0
Legionella_pneumophila_subsp._pneumophila	57.0	56.568542494923776	57.0	9.899494936611665
Legionella_pneumophila_subsp._pneumophila_str._Philadelphia_1	46.0	46.0	46.0	0.0
Leptospira_alexanderi	0	0	0	0
Leptospira_alstonii	0	0	0	0
Leptospira_biflexa	0	0	0	0
Leptospira_biflexa_serovar_Patoc	38.333333333333336	37.51554910733807	33.0	10.115993936995679
Leptospira_borgpetersenii	60.0	59.999999999999986	60.0	0.0
Leptospira_borgpetersenii_serovar_Ceylonica	60.0	59.999999999999986	60.0	0.0
Leptospira_broomii	0	0	0	0
Leptospira_fainei	0	0	0	0
Leptospira_inadai	0	0	0	0
Leptospira_interrogans	49.166666666666664	48.69310659206166	49.5	7.57407860182786
Leptospira_interrogans_serovar_Bataviae	45.0	44.95553358597805	45.0	2.8284271247461903
Leptospira_kirschneri	0	0	0	0
Leptospira_kmetyi	46.25	45.45275090463837	43.5	10.21028892833107
Leptospira_licerasiae	0	0	0	0
Leptospira_noguchii	56.0	55.82770171658424	58.0	5.291502622129181
Leptospira_santarosai	45.285714285714285	43.23032188840058	36.0	14.885275562495597
Leptospira_santarosai_serovar_Shermani_str._LT_821	69.0	69.00000000000001	69.0	0.0
Leptospira_weilii	44.0	43.85038716613744	46.0	4.358898943540674
Leptospira_wolffii	0	0	0	0
Listeria_monocytogenes	63.63636363636363	59.61185633670616	60.0	24.78012399998324
Listeria_monocytogenes_HCC23	55.166666666666664	54.953326820860774	55.5	5.307227776030219
Listeria_monocytogenes_J1816	60.0	59.999999999999986	60.0	0.0
Lumpy_skin_disease_virus	0	0	0	0
Lymphocryptovirus	0	0	0	0
Mannheimia_haemolytica	57.94091067083769	55.63462305736363	57.0	17.02152317879221
Mannheimia_haemolytica_D153	51.625	50.29786598130111	51.0	12.031209415515965
Mannheimia_haemolytica_D174	57.58904109589041	55.25981748416815	56.0	17.241612789055786
Mannheimia_haemolytica_M42548	54.198630136986296	52.666950552455305	55.5	13.304196829683008
Mannheimia_haemolytica_USDA-ARS-USMARC-183	52.348387096774196	51.202143730554035	52.0	11.116615356844918
Mannheimia_haemolytica_USMARC_2286	54.23300970873786	52.36046395893915	50.0	15.39875465011422
Measles_morbillivirus	0	0	0	0
Methanobrevibacter_oralis	0	0	0	0
Moraxella_catarrhalis	45.25	43.3390916669073	43.0	15.590748172279245
Moraxella_catarrhalis_BBH18	56.5	55.554991458075165	54.5	12.12435565298214
Morbillivirus	0	0	0	0
Mycobacterium_avium	56.11861313868614	54.315719093538505	60.0	14.683827499300863
Mycobacterium_avium_subsp._avium	60.09036144578314	58.209640068443306	60.0	15.630514944950558
Mycobacterium_avium_subsp._hominissuis	57.70446735395189	55.92395858042563	60.0	14.793123308325066
Mycobacterium_avium_subsp._paratuberculosis	59.689189189189186	58.11356443931911	60.0	14.291414872559242
Mycobacterium_canettii	59.212765957446805	57.38577447408827	60.0	14.61228811385452
Mycobacterium_colombiense	0	0	0	0
Mycobacterium_colombiense_CECT_3035	54.24766355140187	52.63862045506905	60.0	13.403782283068626
Mycobacterium_intracellulare	55.84549356223176	54.13753186613709	60.0	14.15317037838717
Mycobacterium_intracellulare_subsp._yongonense	58.45985401459854	56.760484062287645	60.0	14.554165867413309
Mycobacterium_kansasii	57.06896551724138	55.46482542346816	60.0	13.841257789623313
Mycobacterium_leprae	0	0	0	0
Mycobacterium_leprae_Kyoto-2	46.125	44.47956006895731	44.5	13.739844734687992
Mycobacterium_marseillense	54.980132450331126	53.74292788274162	59.0	11.988589129487808
Mycobacterium_sp._JS623	56.42483660130719	54.6619841527431	60.0	14.28064966628781
Mycobacterium_sp._YC-RL4	57.37358490566038	55.51414421532099	60.0	14.73734884960394
Mycobacterium_tuberculosis	53.163120567375884	51.87810140310145	55.0	12.044337207332385
Mycobacterium_tuberculosis_KZN_1435	57.53614457831325	56.088113431027516	60.0	12.988405816407859
Mycobacterium_tuberculosis_complex	59.22516556291391	56.680107941868485	60.0	17.5799780756141
Mycobacterium_tuberculosis_variant_africanum	0	0	0	0
Mycobacterium_tuberculosis_variant_bovis	0	0	0	0
Mycobacteroides_abscessus	54.634453781512605	52.985081757446046	60.0	13.57386379747378
Mycobacteroides_abscessus_subsp._abscessus	51.679245283018865	50.24399501580851	50.0	12.287851387738247
Mycobacteroides_abscessus_subsp._bolletii	56.625	56.24995964899903	60.0	6.738747234146291
Mycobacteroides_abscessus_subsp._bolletii_50594	63.55555555555556	60.42093432889827	60.0	21.989265057699807
Mycobacteroides_abscessus_subsp._massiliense	54.05	52.865302117254934	56.5	12.004165943538103
Mycobacteroides_abscessus_subsp._massiliense_CCUG_48898_=_JCM_15300	47.208333333333336	45.542858834560214	45.5	12.734681050158866
Mycoplasma_haemocanis	0	0	0	0
Mycoplasma_haemofelis	0	0	0	0
Mycoplasma_haemofelis_str._Langford_1	60.0	58.89072947584955	60.0	14.0
Mycoplasma_mycoides	0	0	0	0
Mycoplasma_mycoides_subsp._mycoides	35.0	34.99999999999999	35.0	0.0
Mycoplasma_ovipneumoniae	0	0	0	0
Mycoplasma_pneumoniae	52.333333333333336	50.662126401405416	43.0	17.03917055884274
Neisseria_elongata	0	0	0	0
Neisseria_elongata_subsp._glycolytica	54.0	51.825793277113554	55.0	15.394804318340652
Neisseria_gonorrhoeae	49.193548387096776	47.764643231862856	51.0	11.765541083573137
Neisseria_gonorrhoeae_NG-k51.05	60.285714285714285	59.83058091900577	60.0	7.739816658342877
Neisseria_meningitidis	57.666666666666664	56.079824709245685	60.0	13.62162684662585
Neisseria_meningitidis_8013	65.0	63.25744989763116	75.0	17.320508075688775
Neisseria_meningitidis_LNP21362	37.0	36.99999999999999	37.0	0.0
Neisseria_meningitidis_M01-240355	66.0	60.88952502773878	50.0	33.95585369269929
Neisseria_meningitidis_M0579	54.666666666666664	54.44893232784698	57.0	5.8594652770823155
Neisseria_meningitidis_MC58	44.666666666666664	42.748486660289466	42.0	16.165807537309522
Neisseria_mucosa	51.11764705882353	50.24128277275021	51.0	9.584377607213055
Neisseria_sicca	47.38095238095238	46.48576335251996	47.0	9.536646111061216
Neisseria_subflava	47.22222222222222	45.994895679531375	44.0	11.562631380634965
Neisseria_weaveri	54.0	51.26598408185539	54.0	17.78888541883511
Orthohepadnavirus	0	0	0	0
Orthopoxvirus	0	0	0	0
Paraavulavirus	0	0	0	0
Parvimonas_micra	50.0	49.246579201129656	55.0	9.237604307034012
Pasteurella_multocida	55.1898016997167	53.34755495916742	53.0	14.797907876364926
Pasteurella_multocida_subsp._gallicida	51.5	50.5201910702311	51.0	10.308477379436448
Pasteurella_multocida_subsp._multocida	54.625	53.133255705870624	53.0	13.308906195739157
Pasteurella_multocida_subsp._multocida_OH4807	55.0	53.191031320929405	54.0	14.741825822177814
Pasteurella_multocida_subsp._multocida_P1062	50.44444444444444	49.47692882321096	49.5	10.314023704031335
Pasteurella_multocida_subsp._multocida_str._3480	53.5	51.76443239974036	46.0	14.282023332714118
Pasteurella_multocida_subsp._multocida_str._HN06	49.714285714285715	48.68261974499895	48.0	11.265624071230395
Pasteurella_multocida_subsp._multocida_str._Pm70	55.46666666666667	53.07473696470579	53.0	18.430823044433964
Pasteurella_multocida_subsp._septica	64.4	60.986989809899455	60.0	23.41580662714825
Peptostreptococcus_anaerobius	0	0	0	0
Polyomaviridae	0	0	0	0
Porphyromonas_gingivalis	51.28333333333333	49.46547686733516	51.0	13.935799122229815
Porphyromonas_gingivalis_A7A1-28	53.0	51.651702201364834	43.0	13.693063937629153
Porphyromonas_gingivalis_AJW4	51.5	50.19960159204454	48.0	13.796134724383252
Porphyromonas_gingivalis_ATCC_33277	48.4	47.26423429512815	47.0	11.545561917897285
Porphyromonas_gingivalis_TDC60	43.0	43.0	43.0	0.0
Porphyromonas_gingivalis_W83	42.0	42.00000000000001	42.0	0.0
Rickettsia_africae	0	0	0	0
Rickettsia_akari	0	0	0	0
Rickettsia_conorii	37.0	36.99999999999999	37.0	0.0
Rickettsia_felis	0	0	0	0
Rickettsia_japonica	0	0	0	0
Rickettsia_prowazekii	0	0	0	0
Rickettsia_rickettsii	0	0	0	0
Rickettsia_sibirica	0	0	0	0
Rickettsia_typhi	0	0	0	0
Salmonella_enterica	47.916666666666664	46.56892127480414	48.0	11.621677171634492
Salmonella_enterica_subsp._VII	56.0	54.24252315116895	51.0	15.652475842498529
Salmonella_enterica_subsp._arizonae	49.0	47.74934554525328	49.0	15.556349186104045
Salmonella_enterica_subsp._diarizonae	44.666666666666664	43.87741360574764	39.0	10.692676621563628
Salmonella_enterica_subsp._diarizonae_serovar_48:i:z	46.5	46.475800154488994	46.5	2.1213203435596424
Salmonella_enterica_subsp._diarizonae_serovar_61:k:1,5,(7)	60.0	59.999999999999986	60.0	0.0
Salmonella_enterica_subsp._enterica	52.142857142857146	50.239475103732154	47.0	15.564066487633301
Salmonella_enterica_subsp._enterica_serovar_Agona	49.5	46.669047558312116	49.5	23.33452377915607
Salmonella_enterica_subsp._enterica_serovar_Antsalova_str._S01-0511	89.0	88.99999999999999	89.0	0.0
Salmonella_enterica_subsp._enterica_serovar_Carmel	59.0	58.879193583394596	60.0	4.58257569495584
Salmonella_enterica_subsp._enterica_serovar_Choleraesuis	59.4	58.36681042415521	60.0	12.876334882255899
Salmonella_enterica_subsp._enterica_serovar_Derby	46.0	46.0	46.0	0.0
Salmonella_enterica_subsp._enterica_serovar_Enteritidis	37.0	36.99999999999999	37.0	0.0
Salmonella_enterica_subsp._enterica_serovar_Heidelberg	46.0	43.817804600413275	46.0	19.79898987322333
Salmonella_enterica_subsp._enterica_serovar_Johannesburg_str._ST203	61.0	61.00000000000001	61.0	0.0
Salmonella_enterica_subsp._enterica_serovar_Milwaukee_str._SA19950795	58.333333333333336	57.665935296874764	60.0	10.598742063723098
Salmonella_enterica_subsp._enterica_serovar_Montevideo	60.0	59.999999999999986	60.0	0.0
Salmonella_enterica_subsp._enterica_serovar_Montevideo_str._USDA-ARS-USMARC-1903	60.0	59.999999999999986	60.0	0.0
Salmonella_enterica_subsp._enterica_serovar_Montevideo_str._USDA-ARS-USMARC-1913	53.0	53.00000000000001	53.0	0.0
Salmonella_enterica_subsp._enterica_serovar_Senftenberg	60.0	59.999999999999986	60.0	0.0
Salmonella_enterica_subsp._enterica_serovar_Sloterdijk_str._ATCC_15791	45.0	44.99999999999999	45.0	0.0
Salmonella_enterica_subsp._enterica_serovar_Typhi	60.0	59.999999999999986	60.0	0.0
Salmonella_enterica_subsp._enterica_serovar_Typhi_str._Ty2	53.5	53.103672189407	53.5	9.192388155425117
Salmonella_enterica_subsp._enterica_serovar_Typhimurium	50.0	49.99999999999999	50.0	0.0
Salmonella_enterica_subsp._enterica_serovar_Weltevreden	56.0	56.00000000000002	56.0	0.0
Salmonella_enterica_subsp._enterica_serovar_Worthington	43.0	43.0	43.0	0.0
Salmonella_enterica_subsp._houtenae_str._ATCC_BAA-1581	69.0	68.41052550594827	69.0	12.727922061357855
Salmonella_enterica_subsp._salamae	43.111111111111114	42.80002305582612	42.0	5.577733510227171
Salmonella_enterica_subsp._salamae_serovar_55:k:z39_str._1315K	47.0	45.80266983055513	47.5	11.64474130240771
Sheeppox_virus	0	0	0	0
Shigella_boydii	0	0	0	0
Shigella_dysenteriae	0	0	0	0
Shigella_flexneri	53.0	53.00000000000001	53.0	0.0
Shigella_flexneri_3a	60.0	59.999999999999986	60.0	0.0
Shigella_sonnei	0	0	0	0
Simian_virus_12	0	0	0	0
Staphylococcus_aureus	44.25396825396825	43.119617332075485	44.0	11.02192573474353
Staphylococcus_aureus_RF122	36.0	36.0	36.0	0.0
Staphylococcus_aureus_subsp._aureus_6850	34.0	33.93457631662109	33.5	2.449489742783178
Staphylococcus_aureus_subsp._aureus_JKD6159	48.666666666666664	47.73640229393293	49.0	11.50362261782493
Staphylococcus_aureus_subsp._aureus_NCTC_8325	60.0	59.999999999999986	60.0	0.0
Staphylococcus_aureus_subsp._aureus_TCH60	69.0	69.00000000000001	69.0	0.0
Staphylococcus_cohnii	56.0	54.2974700769198	60.0	14.89966442575134
Staphylococcus_epidermidis	50.57142857142857	48.73683127168216	52.5	13.74892603198399
Staphylococcus_epidermidis_PM221	70.33333333333333	68.93629911736878	60.0	17.8978583448784
Staphylococcus_equorum	61.0	57.1983076327717	55.0	22.53202848596432
Staphylococcus_hominis	54.333333333333336	50.08359349798978	38.0	28.29016319029166
Staphylococcus_hominis_subsp._hominis	49.75	48.24295440893834	50.0	13.889444433333777
Staphylococcus_nepalensis	0	0	0	0
Staphylococcus_saprophyticus	51.5	49.27703630912081	48.0	17.69180601295413
Staphylococcus_simulans	48.0	48.00000000000001	48.0	0.0
Staphylococcus_succinus	0	0	0	0
Streptococcus_agalactiae	54.28240109140519	52.21985098164502	52.0	15.582608307294956
Streptococcus_agalactiae_GD201008-001	43.833333333333336	43.494175571260136	46.0	5.589492306321232
Streptococcus_agalactiae_NEM316	53.767741935483876	51.60498829987877	49.0	16.051790916320893
Streptococcus_anginosus	46.73737373737374	45.319462207237436	44.0	12.755619696772515
Streptococcus_anginosus_C1051	50.67567567567568	48.13945691160429	44.0	18.16904274072011
Streptococcus_canis	51.13017751479289	49.338845354919684	48.0	14.521973517716294
Streptococcus_cristatus	45.0	44.031657988879424	42.0	10.404326023342406
Streptococcus_cristatus_AS_1.3089	44.625	43.461491664512415	44.0	11.401023345881427
Streptococcus_cristatus_ATCC_51100	44.94444444444444	43.09691290968317	42.0	14.47351165690413
Streptococcus_dysgalactiae	47.655913978494624	45.766297911796045	45.0	14.33261302646635
Streptococcus_dysgalactiae_subsp._dysgalactiae	52.748062015503876	51.06482944994721	50.0	14.04393107789457
Streptococcus_dysgalactiae_subsp._equisimilis	49.73913043478261	48.244123630196206	46.5	13.118118972985156
Streptococcus_equi	47.77215189873418	46.30961078596158	45.0	12.141888715594266
Streptococcus_equi_subsp._equi	52.55555555555556	51.08980205339723	50.5	12.840175604179484
Streptococcus_equi_subsp._zooepidemicus	49.357142857142854	47.81259142848888	47.0	13.22774268771573
Streptococcus_equi_subsp._zooepidemicus_CY	48.35294117647059	46.676415998299795	42.0	13.1574179480179
Streptococcus_equi_subsp._zooepidemicus_MGCS10565	49.36206896551724	47.449883882458046	45.0	14.918137172479502
Streptococcus_gallolyticus	51.72382851445664	49.679170440088434	48.0	15.491756242452093
Streptococcus_gallolyticus_UCN34	51.580942068218725	49.49824952992029	49.0	15.45660491553885
Streptococcus_gordonii	45.38095238095238	44.57035021769635	44.0	8.755210693393638
Streptococcus_gordonii_str._Challis_substr._CH1	0	0	0	0
Streptococcus_intermedius	52.75	51.01029414616205	49.5	14.647510011928633
Streptococcus_intermedius_B196	46.64	45.423897700012866	46.0	10.734989520255715
Streptococcus_lutetiensis	53.9080459770115	51.94294405058213	51.0	14.94315408349896
Streptococcus_milleri	48.73913043478261	47.34799721264215	47.0	13.628904415730652
Streptococcus_mitis	53.77272727272727	51.46541401457853	49.0	16.50068869086158
Streptococcus_mitis_B6	50.4375	49.02305914365479	51.5	11.955298685798974
Streptococcus_mutans	53.44187898089172	51.445051106849114	50.0	15.59343403463501
Streptococcus_mutans_UA159	49.882716049382715	48.30827275543951	47.0	13.260123662084682
Streptococcus_oralis	50.23853211009175	48.50804095500445	47.0	14.684899703669405
Streptococcus_oralis_ATCC_35037	49.0	48.36013838821271	50.0	9.539392014169456
Streptococcus_oralis_Uo5	50.0	49.411773598326626	52.0	9.16515138991168
Streptococcus_oralis_subsp._oralis	44.596774193548384	43.81527951435888	44.0	8.65828453349332
Streptococcus_oralis_subsp._tigurinus	51.8780487804878	49.450735244768076	49.0	16.340433167378432
Streptococcus_parauberis	43.94117647058823	43.225825312690006	43.0	8.287570423798023
Streptococcus_parauberis_NCFD_2020	44.15	43.22705876673104	42.0	9.499122766515512
Streptococcus_pneumoniae	47.63380281690141	46.089320969709355	43.5	12.870593715875778
Streptococcus_pneumoniae_70585	46.0	45.7274534606947	46.0	7.0710678118654755
Streptococcus_pneumoniae_ATCC_700669	58.666666666666664	56.87733959703131	50.0	18.583146486355137
Streptococcus_pneumoniae_CGSP14	45.0	44.99999999999999	45.0	0.0
Streptococcus_pneumoniae_Hungary19A-6	56.0	55.747373977267486	55.0	6.557438524302
Streptococcus_pneumoniae_PCS8235	44.5	42.988370520409354	44.5	16.263455967290593
Streptococcus_pneumoniae_SPNA45	41.0	41.00000000000001	41.0	0.0
Streptococcus_pneumoniae_TIGR4	47.07692307692308	46.095946376717556	47.0	10.371929573465252
Streptococcus_pyogenes	47.56060606060606	46.30105664412123	45.0	11.71106189131682
Streptococcus_pyogenes_HKU_QMH11M0907901	53.0	52.392747589718944	53.0	11.313708498984761
Streptococcus_pyogenes_JRS4	59.5	57.16642371182579	59.5	23.33452377915607
Streptococcus_pyogenes_MGAS10394	58.5	56.40921910468184	58.5	21.920310216782973
Streptococcus_pyogenes_MGAS10750	67.0	66.99999999999997	67.0	0.0
Streptococcus_pyogenes_MGAS8232	42.0	42.00000000000001	42.0	0.0
Streptococcus_pyogenes_STAB1102	68.0	60.22140422015156	70.0	37.04051835490427
Streptococcus_salivarius	48.631578947368425	47.06680675941278	47.0	13.460898538867466
Streptococcus_salivarius_57.I	58.375	55.65616422036164	48.0	20.715332485866597
Streptococcus_salivarius_CCHSS3	47.22222222222222	45.03349464317688	39.0	18.31514249042154
Streptococcus_salivarius_JIM8777	43.4	42.42808340335001	41.0	10.06865322561949
Streptococcus_sanguinis	50.6015625	48.462156073843325	46.0	15.758391399816286
Streptococcus_sanguinis_SK36	45.9375	44.485086325049735	41.5	12.4069114453559
Streptococcus_sp._HSISM1	47.857142857142854	46.65289857742662	45.0	12.226045578035052
Streptococcus_suis	51.28133333333333	49.42367564255354	49.0	14.728682799838106
Streptococcus_suis_6407	44.666666666666664	44.37828118301935	46.0	6.110100926607787
Streptococcus_suis_D12	46.75531914893617	45.3054020856639	43.5	12.281366399946585
Streptococcus_suis_D9	56.6	55.14658367007283	60.0	14.310835055998654
Streptococcus_suis_JS14	54.0	52.26561066177614	62.0	14.028542333400146
Streptococcus_suis_ST1	43.142857142857146	41.55743082810033	34.0	12.902565267271097
Streptococcus_suis_ST3	38.6	37.40067415859245	33.0	11.304866208850063
Streptococcus_suis_T15	36.0	35.91948336695141	35.0	2.8284271247461903
Streptococcus_suis_TL13	50.5	49.17720448738418	46.0	13.228756555322953
Streptococcus_suis_YB51	41.5	40.913341344606465	39.0	7.791020472312982
Streptococcus_thermophilus	53.614900314795385	51.650539125150594	50.0	15.391381019264598
Streptococcus_thermophilus_1F8CT	54.0	51.258744589369336	47.0	18.739935570465153
Streptococcus_thermophilus_ND03	45.041666666666664	44.36587059774478	43.0	8.195858798763883
Tannerella_forsythia	55.8	54.916546364121785	52.0	11.34460224071342
Tannerella_forsythia_92A2	50.42857142857143	48.55476696662613	56.0	14.069555108544867
Treponema	60.017857142857146	57.56854679285771	60.0	17.93776217058058
Treponema_azotonutricium_ZAS-9	49.8	48.59502466247198	54.0	11.755849607748475
Treponema_brennaborense_DSM_12168	54.333333333333336	52.21301104522332	60.0	15.890248582070704
Treponema_caldarium_DSM_7334	56.75	56.44661487958706	60.0	6.5
Treponema_denticola	0	0	0	0
Treponema_denticola_AL-2	60.0	59.999999999999986	60.0	0.0
Treponema_denticola_ATCC_35405	0	0	0	0
Treponema_denticola_H1-T	37.25	36.83723585379114	36.5	6.4485140407177015
Treponema_medium	46.0	46.0	46.0	0.0
Treponema_pallidum	0	0	0	0
Treponema_pallidum_subsp._pallidum	52.0	51.52669211195301	52.0	9.899494936611665
Treponema_pallidum_subsp._pertenue	0	0	0	0
Treponema_parvum	45.0	44.99999999999999	45.0	0.0
Treponema_pedis	52.6	52.29694970396522	54.0	6.228964600958975
Treponema_phagedenis	50.625	49.44227784994902	50.0	11.312919289782936
Treponema_primitia_ZAS-2	60.07142857142857	56.303269005655956	54.0	22.327851823069928
Treponema_ruminis	48.0	46.66611110449724	49.0	13.527749258468683
Treponema_socranskii_subsp._buccale	55.7	54.13143546867239	58.0	14.016260398392845
Treponema_sp._OMZ_838	42.0	41.97655532059891	41.0	1.7320508075688772
Treponema_succinifaciens_DSM_2489	46.666666666666664	45.788569702133266	40.0	11.547005383792515
Treponema_vincentii	51.416666666666664	50.44009555884036	52.5	9.802210635021742
Vaccinia_virus	70.0	70.00000000000003	70.0	0.0
Veillonella_parvula	60.5	58.597178288530806	58.0	17.061652909375457
Veillonella_parvula_HSIVP1	96.0	95.99999999999999	96.0	0.0
Vesicular_stomatitis_Indiana_virus	0	0	0	0
Vibrio_anguillarum	48.357142857142854	46.32687885452907	44.0	15.70377233687707
Vibrio_anguillarum_775	45.0	44.99999999999999	45.0	0.0
Vibrio_cholerae	50.892857142857146	48.226410172686705	48.5	17.741642342688376
Vibrio_cholerae_O1_biovar_El_Tor	48.75	48.215780540637304	52.5	7.847504911329036
Vibrio_cholerae_O395	55.25	54.551839787792105	60.0	9.5
Vibrio_furnissii	49.629629629629626	47.91425431461814	46.0	13.972908259992453
Vibrio_furnissii_NCTC_11218	50.6875	48.87464393642603	50.0	14.036707828642252
Vibrio_parahaemolyticus	56.27272727272727	54.169753918821364	57.5	16.269111305906744
Vibrio_parahaemolyticus_UCM-V493	43.833333333333336	42.83414827922294	43.0	10.264826674945205
Vibrio_splendidus	48.2	46.85704973046847	46.0	12.214745187681977
Vibrio_vulnificus	48.5625	46.89997355846465	48.0	13.602508070442436
Vibrio_vulnificus_CMCP6	60.0	59.999999999999986	60.0	0.0
Vibrio_vulnificus_Env1	34.0	34.00000000000001	34.0	0.0
Vibrio_vulnificus_NBRC_15645_=_ATCC_27562	53.0	51.88437253066618	57.5	11.633285577743433
Vibrio_vulnificus_VVyb1(BT3)	60.0	59.999999999999986	60.0	0.0
Vibrio_vulnificus_YJ016	52.4	51.948669813414945	52.0	7.635443667528429
Yersinia_aldovae	0	0	0	0
Yersinia_aldovae_670-83	46.57142857142857	45.192244172356155	43.5	11.823797943224411
Yersinia_aleksiciae	54.25	52.56901301935091	54.0	14.179965746482909
Yersinia_enterocolitica	54.76923076923077	53.42995590375964	50.0	12.865676858433877
Yersinia_enterocolitica_(type_O:5)_str._YE53/03	43.25	41.30433469956333	38.5	15.945218719101975
Yersinia_enterocolitica_LC20	39.4	39.296062438993985	39.0	3.286335345030997
Yersinia_enterocolitica_subsp._palearctica	46.666666666666664	46.148230085887064	45.0	8.621678104251709
Yersinia_enterocolitica_subsp._palearctica_105.5R(r)	51.333333333333336	51.177294713221436	51.0	4.457203906785808
Yersinia_intermedia	47.285714285714285	44.93824297509581	43.0	17.34460045187449
Yersinia_pestis	48.8235294117647	47.376980080823856	44.0	13.857467725551658
Yersinia_pestis_1412	68.0	68.00000000000001	68.0	0.0
Yersinia_pestis_8787	69.5	69.2820323027551	69.5	7.7781745930520225
Yersinia_pestis_CO92	0	0	0	0
Yersinia_pestis_Pestoides_F	60.0	59.999999999999986	60.0	0.0
Yersinia_pestis_subsp._pestis_bv._Medievalis	39.0	38.99999999999999	39.0	0.0
Yersinia_pseudotuberculosis	0	0	0	0
Yersinia_pseudotuberculosis_complex	45.4	44.59255911731993	44.0	9.781907497298995
Yersinia_rohdei	61.5	58.77544696150291	60.5	18.507656073456015
Yersinia_ruckeri	46.31578947368421	44.85306405195689	42.0	12.261287913043624
Yersinia_similis	46.5	44.13461470297535	40.0	18.430047929038782
