Node	C>T_1	C>T_2	C>T_3	C>T_4	C>T_5	C>T_6	C>T_7	C>T_8	C>T_9	C>T_10	G>A_11	G>A_12	G>A_13	G>A_14	G>A_15	G>A_16	G>A_17	G>A_18	G>A_19	G>A_20	D>V(11Substitution)_1	D>V(11Substitution)_2	D>V(11Substitution)_3	D>V(11Substitution)_4	D>V(11Substitution)_5	D>V(11Substitution)_6	D>V(11Substitution)_7	D>V(11Substitution)_8	D>V(11Substitution)_9	D>V(11Substitution)_10	H>B(11Substitution)_11	H>B(11Substitution)_12	H>B(11Substitution)_13	H>B(11Substitution)_14	H>B(11Substitution)_15	H>B(11Substitution)_16	H>B(11Substitution)_17	H>B(11Substitution)_18	H>B(11Substitution)_19	H>B(11Substitution)_20	considered_Matches
Actinobacillus_equuli	0	0	0	0	0	0	0	0	0	0	0	0	0	0	0	0	0	0	0	0	0	0	0	0	0	0	0	0	0	0	0	0	0	0	0	0	0	0	0	0	0
Actinobacillus_pleuropneumoniae	0	0	0	0	0	0	0	0	0	0	0	0	0	0	0	0	0	0	0	0	0	0	0	0	0	0	0	0	0	0	0	0	0	0	0	0	0	0	0	0	0
African_swine_fever_virus	0	0	0	0	0	0	0	0	0	0	0	0	0	0	0	0	0	0	0	0	0	0	0	0	0	0	0	0	0	0	0	0	0	0	0	0	0	0	0	0	0
Aphthovirus	0	0	0	0	0	0	0	0	0	0	0	0	0	0	0	0	0	0	0	0	0	0	0	0	0	0	0	0	0	0	0	0	0	0	0	0	0	0	0	0	0
Arcanobacterium_haemolyticum	0	0.5	0	0	0	0	0	0	0	0	0	0	0	1.0	0	0	0	0	0	0	0.0	0.045454545454545456	0.0	0.045454545454545456	0.0	0.0	0.0	0.0	0.0	0.0	0.045454545454545456	0.0	0.0	0.045454545454545456	0.0	0.045454545454545456	0.0	0.045454545454545456	0.0	0.0	2
Aspergillus_fumigatus	0	0	0	0	0	0	0	0	0	0	0	0	0	0	0	0	0	0	0	0	0	0	0	0	0	0	0	0	0	0	0	0	0	0	0	0	0	0	0	0	0
Bartonella_bacilliformis	0	0	0	0	0	0	0	0	0	0	0	0	0	0	0	0	0	0	0	0	0	0	0	0	0	0	0	0	0	0	0	0	0	0	0	0	0	0	0	0	0
Bartonella_henselae	0	0	0	0	0	0	0	0	0	0	0	0	0	0	0	0	0	0	0	0	0.09090909090909091	0.09090909090909091	0.0	0.0	0.0	0.0	0.0	0.09090909090909091	0.0	0.0	0.0	0.0	0.0	0.0	0.0	0.0	0.0	0.0	0.0	0.09090909090909091	1
Bartonella_quintana	0	0	0	0	0	0	0	0	0	0	0	0	0	0	0	0	0	0	0	0	0	0	0	0	0	0	0	0	0	0	0	0	0	0	0	0	0	0	0	0	0
Bartonella_quintana_RM-11	0	0	0	0	0	0	0	0	0	0	0	0	0	0	0	0	0	0	0	0	0.0	0.09090909090909091	0.0	0.0	0.0	0.0	0.0	0.0	0.0	0.0	0.0	0.0	0.0	0.0	0.0	0.0	0.0	0.0	0.0	0.0	1
Blastomyces_dermatitidis	0	0	0	0	0	0	0	0	0	0	0	0	0	0	0	0	0	0	0	0	0	0	0	0	0	0	0	0	0	0	0	0	0	0	0	0	0	0	0	0	0
Bordetella_bronchialis	0.13333333333333333	0.09090909090909091	0	0.09090909090909091	0.1111111111111111	0	0.125	0.0625	0.09090909090909091	0	0.06666666666666667	0.125	0.15384615384615385	0	0	0	0.14285714285714285	0.08333333333333333	0	0.3076923076923077	0.012396694214876032	0.012396694214876032	0.008264462809917356	0.02066115702479339	0.01652892561983471	0.006198347107438016	0.01859504132231405	0.008264462809917356	0.008264462809917356	0.012396694214876032	0.010330578512396695	0.008264462809917356	0.01652892561983471	0.006198347107438016	0.008264462809917356	0.004132231404958678	0.02066115702479339	0.012396694214876032	0.014462809917355372	0.01859504132231405	44
Bordetella_bronchiseptica	0.38461538461538464	0.1111111111111111	0.15384615384615385	0	0.09090909090909091	0	0	0	0	0.11764705882352941	0	0.13333333333333333	0.21428571428571427	0.2857142857142857	0	0.18181818181818182	0.2222222222222222	0	0.2857142857142857	0.3076923076923077	0.018648018648018648	0.009324009324009324	0.006993006993006992	0.004662004662004662	0.006993006993006992	0.011655011655011654	0.013986013986013984	0.004662004662004662	0.002331002331002331	0.018648018648018648	0.011655011655011654	0.009324009324009324	0.013986013986013984	0.006993006993006992	0.02097902097902098	0.016317016317016316	0.016317016317016316	0.006993006993006992	0.02097902097902098	0.013986013986013984	39
Bordetella_genomosp._13	0.058823529411764705	0.2	0.1111111111111111	0.07692307692307693	0.06666666666666667	0.17647058823529413	0.07692307692307693	0	0.15	0.0625	0	0	0.05	0	0.21428571428571427	0.14285714285714285	0	0.21428571428571427	0.05555555555555555	0.4166666666666667	0.008912655971479501	0.014260249554367202	0.008912655971479501	0.007130124777183601	0.007130124777183601	0.012477718360071301	0.0053475935828877	0.008912655971479501	0.014260249554367202	0.008912655971479501	0.0053475935828877	0.008912655971479501	0.014260249554367202	0.007130124777183601	0.016042780748663103	0.012477718360071301	0.007130124777183601	0.016042780748663103	0.007130124777183601	0.012477718360071301	51
Bordetella_pertussis	0.3950617283950617	0	0	0	0	0	0.2833333333333333	0	0	0	0.21739130434782608	0	0	0	0	0	0.2962962962962963	0	0	0	0.01676963812886143	0.0	0.0052956751985878195	0.0	0.0	0.019417475728155338	0.01500441306266549	0.01412180052956752	0.0176522506619594	0.0	0.016328331862312445	0.018976169461606355	0.023389232127096204	0.01147396293027361	0.00353045013239188	0.002206531332744925	0.019858781994704325	0.0048543689320388345	0.0	0.0026478375992939097	206
Bordetella_pertussis_137	0.8	0	0	0	0	0	0	0	0	0	0	0	0	0	0	0	0	0	0	0	0.07272727272727272	0.0	0.0	0.0	0.0	0.0	0.0	0.0	0.0	0.0	0.0	0.0	0.0	0.0	0.0	0.0	0.0	0.01818181818181818	0.0	0.0	5
Bordetella_pertussis_18323	0	0	0	0	0	0	0	0	0	0	0	0	0	0	0	0	0	0	0	0	0.0	0.0	0.0	0.0	0.0	0.0	0.0	0.0	0.0	0.0	0.08636363636363636	0.0	0.0	0.0	0.004545454545454545	0.0	0.08636363636363636	0.08636363636363636	0.0	0.0	20
Bordetella_petrii	0.3333333333333333	0.2857142857142857	0.14285714285714285	0.07142857142857142	0	0.15384615384615385	0.0625	0	0	0	0	0.06666666666666667	0.09090909090909091	0.16666666666666666	0	0	0	0.21428571428571427	0.09090909090909091	0.46153846153846156	0.02097902097902098	0.02797202797202797	0.018648018648018648	0.004662004662004662	0.004662004662004662	0.013986013986013984	0.004662004662004662	0.006993006993006992	0.011655011655011654	0.002331002331002331	0.013986013986013984	0.011655011655011654	0.011655011655011654	0.006993006993006992	0.009324009324009324	0.006993006993006992	0.006993006993006992	0.02331002331002331	0.016317016317016316	0.02097902097902098	39
Bordetella_trematum	0.46153846153846156	0	0.08333333333333333	0.08333333333333333	0	0.07142857142857142	0	0.18181818181818182	0	0	0	0	0	0.09090909090909091	0.125	0	0.3333333333333333	0	0	0.375	0.022727272727272728	0.013636363636363636	0.011363636363636364	0.022727272727272728	0.025	0.011363636363636364	0.00909090909090909	0.015909090909090907	0.00909090909090909	0.00909090909090909	0.006818181818181818	0.015909090909090907	0.00909090909090909	0.006818181818181818	0.013636363636363636	0.013636363636363636	0.015909090909090907	0.025	0.00909090909090909	0.01818181818181818	40
Borrelia_crocidurae	0	0	0	0	0	0	0	0	0	0	0	0	0	0	0	0	0	0	0	0	0	0	0	0	0	0	0	0	0	0	0	0	0	0	0	0	0	0	0	0	0
Borrelia_recurrentis	0	0	0	0	0	0	0	0	0	0	0	0	0	0	0	0	0	0	0	0	0	0	0	0	0	0	0	0	0	0	0	0	0	0	0	0	0	0	0	0	0
Borreliella_afzelii	0	0	0	0	0	0	0	0	0	0	0	0	0	0	0	0	0	0	0	0	0	0	0	0	0	0	0	0	0	0	0	0	0	0	0	0	0	0	0	0	0
Borreliella_burgdorferi	0	0	0	0	0	0	0	0	0	0	0	0	0	0	0	0	0	0	0	0	0	0	0	0	0	0	0	0	0	0	0	0	0	0	0	0	0	0	0	0	0
Borreliella_garinii	0	0	0	0	0	0	0	0	0	0	0	0	0	0	0	0	0	0	0	0	0	0	0	0	0	0	0	0	0	0	0	0	0	0	0	0	0	0	0	0	0
Bovine_rhinitis_A_virus	0	0	0	0	0	0	0	0	0	0	0	0	0	0	0	0	0	0	0	0	0	0	0	0	0	0	0	0	0	0	0	0	0	0	0	0	0	0	0	0	0
Brucella_abortus	0	0	0	0	0	0	0	0	0	0	0	0	0	0	0	0	0	0	0	0	0	0	0	0	0	0	0	0	0	0	0	0	0	0	0	0	0	0	0	0	0
Brucella_canis	0	0	0	0	0	0	0	0	0	0	0	0	0	0	0	0	0	0	0	0	0	0	0	0	0	0	0	0	0	0	0	0	0	0	0	0	0	0	0	0	0
Brucella_melitensis	0	0	0	0	0	0	0	0	0	0	0	0	0	0	0	0	0	0	0	0	0	0	0	0	0	0	0	0	0	0	0	0	0	0	0	0	0	0	0	0	0
Brucella_melitensis_bv._2_str._63/9	0	0	0	0	1.0	0	0	0	0	0	0	0	0	0	0	0	0	0	0	0	0.0	0.0	0.0	0.0	0.09090909090909091	0.0	0.0	0.0	0.0	0.0	0.0	0.0	0.0	0.09090909090909091	0.0	0.0	0.0	0.0	0.0	0.09090909090909091	1
Brucella_microti	0	0	0	0	0	0	0	0	0	0	0	0	0	0	0	0	0	0	0	0	0	0	0	0	0	0	0	0	0	0	0	0	0	0	0	0	0	0	0	0	0
Brucella_ovis	0	0	0	0	0	0	0	0	0	0	0	0	0	0	0	0	0	0	0	0	0	0	0	0	0	0	0	0	0	0	0	0	0	0	0	0	0	0	0	0	0
Brucella_suis	0	0	0	0	0	0	0	0	0	0	0	0	0	0	0	0	0	0	0	0	0	0	0	0	0	0	0	0	0	0	0	0	0	0	0	0	0	0	0	0	0
Brucella_suis_019	0	0	0	0	0	0	0	0	0	0	0	0	0	0	0	0	0	0	0	0	0.0	0.0	0.09090909090909091	0.0	0.0	0.0	0.0	0.0	0.0	0.0	0.0	0.09090909090909091	0.0	0.0	0.09090909090909091	0.0	0.0	0.0	0.0	0.09090909090909091	1
Burkholderia_cepacia	0.2222222222222222	0	0	0	0.058823529411764705	0.1111111111111111	0.2	0.05	0.13333333333333333	0.06666666666666667	0	0.08333333333333333	0	0	0.15789473684210525	0	0.045454545454545456	0.09090909090909091	0.09090909090909091	0.21428571428571427	0.012727272727272728	0.016363636363636365	0.014545454545454545	0.00909090909090909	0.005454545454545454	0.007272727272727273	0.00909090909090909	0.012727272727272728	0.010909090909090908	0.007272727272727273	0.00909090909090909	0.012727272727272728	0.012727272727272728	0.0036363636363636364	0.012727272727272728	0.025454545454545455	0.00909090909090909	0.014545454545454545	0.010909090909090908	0.012727272727272728	50
Burkholderia_cepacia_ATCC_25416	0	0	0	0	0	0	0	0	0	0	0	0	0	0	0	0.3157894736842105	0	0	0.5454545454545454	0.08333333333333333	0.013636363636363637	0.024242424242424242	0.007575757575757575	0.012121212121212121	0.0	0.016666666666666666	0.0	0.00909090909090909	0.0	0.0030303030303030303	0.0196969696969697	0.012121212121212121	0.007575757575757575	0.00909090909090909	0.007575757575757575	0.027272727272727275	0.004545454545454545	0.01515151515151515	0.013636363636363637	0.010606060606060607	60
Burkholderia_cepacia_JBK9	0.125	0	0	0	0	0	0	0.2	0.6	0	0	0.1111111111111111	0	0	0.16666666666666666	0	0	0	0	0	0.009569377990430622	0.009569377990430622	0.014354066985645932	0.009569377990430622	0.0	0.004784688995215311	0.004784688995215311	0.023923444976076555	0.03349282296650718	0.004784688995215311	0.014354066985645932	0.009569377990430622	0.014354066985645932	0.0	0.014354066985645932	0.009569377990430622	0.0	0.004784688995215311	0.004784688995215311	0.014354066985645932	19
Burkholderia_gladioli	0.336734693877551	0.21	0.044444444444444446	0.06557377049180328	0.1	0.09302325581395349	0	0	0.01652892561983471	0	0	0	0.007692307692307693	0	0.056451612903225805	0.06521739130434782	0.06976744186046512	0.22641509433962265	0.3387096774193548	0.3302752293577982	0.01625526791089705	0.011137868753762794	0.007826610475617099	0.013245033112582781	0.012040939193257074	0.009030704394942805	0.006020469596628537	0.004515352197471402	0.006622516556291391	0.006923540036122817	0.005418422636965683	0.010234798314268512	0.005418422636965683	0.0039133052378085495	0.0072245635159542436	0.006622516556291391	0.012040939193257074	0.016556291390728478	0.01535219747140277	0.016857314870559904	302
Burkholderia_gladioli_BSR3	0.375	0	0	0.14285714285714285	0	0	0	0.5	0	0	0	0	0.2	0.1875	0	0.3333333333333333	0	0	0.2	0.38461538461538464	0.012539184952978056	0.006269592476489028	0.006269592476489028	0.025078369905956112	0.0	0.0	0.0	0.02821316614420063	0.003134796238244514	0.018808777429467082	0.012539184952978056	0.0	0.012539184952978056	0.03134796238244514	0.006269592476489028	0.0219435736677116	0.006269592476489028	0.009404388714733541	0.0219435736677116	0.025078369905956112	29
Burkholderia_gladioli_pv._gladioli	0.2033898305084746	0.3055555555555556	0	0.08888888888888889	0.014705882352941176	0.18604651162790697	0	0.03278688524590164	0	0	0.045454545454545456	0.03508771929824561	0.06521739130434782	0.044444444444444446	0	0.013888888888888888	0.05660377358490566	0.017241379310344827	0.075	0.2647058823529412	0.01775147928994083	0.020441097364174286	0.00914470145239376	0.009682625067240453	0.011834319526627219	0.012910166756320602	0.0048413125336202265	0.0053792361484669175	0.004303388918773535	0.0037654653039268424	0.0053792361484669175	0.01506186121570737	0.013986013986013986	0.01613770844540075	0.012910166756320602	0.005917159763313609	0.010758472296933835	0.008068854222700376	0.01506186121570737	0.01721355567509414	169
Burkholderia_mallei	0	0	0	0	0	0	0	0	0	0	0	0	0	0	0	0	0	0	0	0	0.0	0.0	0.005681818181818182	0.0	0.011363636363636364	0.005681818181818182	0.005681818181818182	0.005681818181818182	0.0	0.0	0.0	0.0	0.0	0.0	0.0	0.07954545454545454	0.0	0.07954545454545454	0.0	0.0	16
Burkholderia_multivorans	0.16091954022988506	0.03278688524590164	0.0625	0.1076923076923077	0.12345679012345678	0.06060606060606061	0.05172413793103448	0	0	0.18823529411764706	0.014084507042253521	0.11428571428571428	0	0.020202020202020204	0.1016949152542373	0.023529411764705882	0.04411764705882353	0.0967741935483871	0.125	0.09210526315789473	0.014511310285958173	0.004694835680751174	0.008962868117797696	0.015364916773367479	0.014084507042253521	0.008962868117797696	0.014511310285958173	0.01195049082373026	0.0021340162185232605	0.017498932991890738	0.006402048655569782	0.012377294067434912	0.005548442168160478	0.00597524541186513	0.007682458386683739	0.01195049082373026	0.011096884336320957	0.014084507042253521	0.009816474605207	0.006402048655569782	213
Burkholderia_multivorans_ATCC_17616	0.17391304347826086	0.14285714285714285	0.18181818181818182	0	0.2857142857142857	0.034482758620689655	0.2	0	0	0	0	0.0625	0	0	0	0.23076923076923078	0.4230769230769231	0	0	0	0.005772005772005772	0.005772005772005772	0.024531024531024532	0.0	0.0202020202020202	0.0101010101010101	0.011544011544011544	0.011544011544011544	0.007215007215007215	0.0	0.004329004329004329	0.004329004329004329	0.0101010101010101	0.002886002886002886	0.017316017316017316	0.008658008658008658	0.027417027417027416	0.024531024531024532	0.011544011544011544	0.0101010101010101	63
Burkholderia_multivorans_ATCC_BAA-247	0.4444444444444444	0	0	0	0	0	0.4	0	0	0	0	0.2222222222222222	0	0	0	0	0	0.07142857142857142	0	0.38461538461538464	0.03305785123966942	0.0	0.0027548209366391185	0.005509641873278237	0.01652892561983471	0.005509641873278237	0.013774104683195593	0.008264462809917356	0.0027548209366391185	0.013774104683195593	0.0	0.011019283746556474	0.0	0.0	0.011019283746556474	0.0	0.0	0.024793388429752067	0.005509641873278237	0.01652892561983471	33
Burkholderia_pseudomallei	0.18181818181818182	0.32	0.18421052631578946	0.16326530612244897	0	0	0	0	0.037037037037037035	0.23809523809523808	0.02	0	0.034482758620689655	0	0	0.023809523809523808	0.1111111111111111	0	0	0.1935483870967742	0.02091713596138375	0.016090104585679808	0.015285599356395816	0.02091713596138375	0.0032180209171359616	0.0032180209171359616	0.02654867256637168	0.008849557522123894	0.007240547063555914	0.014481094127111828	0.0056315366049879325	0.007240547063555914	0.008045052292839904	0.0016090104585679808	0.004022526146419952	0.004022526146419952	0.0016090104585679808	0.023330651649235718	0.002413515687851971	0.02654867256637168	113
Burkholderia_pseudomallei_1106b	0	0	0	0	0	0	0	0	0	0	0	0	0	0	0	0	1.0	0	1.0	0	0.045454545454545456	0.0	0.0	0.0	0.045454545454545456	0.0	0.045454545454545456	0.0	0.0	0.0	0.0	0.0	0.0	0.0	0.0	0.045454545454545456	0.045454545454545456	0.0	0.045454545454545456	0.0	2
Burkholderia_pseudomallei_1710a	0	0	0	0	0	0	0	0	0	0	0	0	0	0	0	0	0	0	0	0	0.045454545454545456	0.0	0.0	0.045454545454545456	0.045454545454545456	0.0	0.045454545454545456	0.045454545454545456	0.0	0.0	0.045454545454545456	0.045454545454545456	0.045454545454545456	0.0	0.0	0.0	0.0	0.0	0.0	0.0	2
Burkholderia_pseudomallei_1710b	0	1.0	0	0	1.0	0	0	0	0	0	0	0	0	0	0	0	0	0	0	0	0.0	0.09090909090909091	0.0	0.0	0.09090909090909091	0.0	0.0	0.0	0.0	0.0	0.0	0.0	0.0	0.09090909090909091	0.0	0.0	0.0	0.0	0.0	0.0	1
Burkholderia_pseudomallei_7894	1.0	0	0	1.0	0	0	0	0	0	0	0	0	0	0	0	0	0	0	0	0	0.0909090909090909	0.0	0.0	0.0909090909090909	0.0	0.0	0.0	0.0	0.0	0.0	0.0	0.0	0.0	0.0	0.06060606060606061	0.0	0.0	0.0	0.0	0.0	3
Burkholderia_pseudomallei_MSHR2543	0	0	0	0	0	0	0	0	0	0	0	0	0	0	0	0	0	0	0	0	0.0	0.045454545454545456	0.0	0.0	0.0	0.0	0.045454545454545456	0.0	0.045454545454545456	0.0	0.0	0.0	0.045454545454545456	0.0	0.0	0.0	0.0	0.0	0.045454545454545456	0.0	4
Burkholderia_pseudomallei_MSHR435	1.0	0	0	0	0	0	0	0	0	0	0	0	0	0	0	0	0	0	1.0	0	0.09090909090909091	0.0	0.0	0.0	0.0	0.0	0.0	0.0	0.0	0.0	0.045454545454545456	0.045454545454545456	0.0	0.0	0.0	0.0	0.045454545454545456	0.0	0.045454545454545456	0.045454545454545456	2
Burkholderia_pseudomallei_NCTC_13179	0	0	0	0	0	0	0	0	0	0	0	1.0	0	0	0	0	0	0.8	0	0	0.0	0.0	0.09090909090909091	0.0	0.0	0.0	0.09090909090909091	0.09090909090909091	0.0	0.0	0.0	0.01818181818181818	0.0	0.0	0.05454545454545454	0.0	0.0	0.07272727272727272	0.0	0.0	5
Campylobacter_coli	0	0	0	0	0	0	0	0	0	0	0	0	0	0	0	0	0	0	0	0	0	0	0	0	0	0	0	0	0	0	0	0	0	0	0	0	0	0	0	0	0
Campylobacter_fetus	0	0	0	0	0	0	0	0	0	0	0	0	0	0	0	0	0	0	0	0	0	0	0	0	0	0	0	0	0	0	0	0	0	0	0	0	0	0	0	0	0
Campylobacter_gracilis	1.0	0	0	0	0	0.25	0	0	0	0	0	0	0	0	0	0	0	0	0	0	0.045454545454545456	0.0	0.011363636363636364	0.0	0.0	0.011363636363636364	0.0	0.0	0.011363636363636364	0.0	0.011363636363636364	0.0	0.0	0.0	0.0	0.0	0.022727272727272728	0.011363636363636364	0.022727272727272728	0.011363636363636364	8
Campylobacter_showae	0	0	0	0	0	0	0	0	0	0	0	0	0	0	0	0	0	0	0	0	0.0	0.0	0.0	0.0	0.0	0.0	0.0	0.0	0.0	0.0	0.09090909090909091	0.0	0.0	0.0	0.0	0.0	0.0	0.0	0.0	0.0	1
Canine_morbillivirus	0	0	0	0	0	0	0	0	0	0	0	0	0	0	0	0	0	0	0	0	0	0	0	0	0	0	0	0	0	0	0	0	0	0	0	0	0	0	0	0	0
Chlamydia_abortus	0	0	0	0	0	0	0	0	0	0	0	0	0	0	0	0	0	0	0	0	0	0	0	0	0	0	0	0	0	0	0	0	0	0	0	0	0	0	0	0	0
Chlamydia_caviae	0	0	0	0	0	0	0	0	0	0	0	0	0	0	0	0	0	0	0	0	0	0	0	0	0	0	0	0	0	0	0	0	0	0	0	0	0	0	0	0	0
Chlamydia_felis	0	0	0	0	0	0	0	0	0	0	0	0	0	0	0	0	0	0	0	0	0	0	0	0	0	0	0	0	0	0	0	0	0	0	0	0	0	0	0	0	0
Chlamydia_muridarum	0	0	0	0	0	0	0	0	0	0	0	0	0	0	0	0	0	0	0	0	0	0	0	0	0	0	0	0	0	0	0	0	0	0	0	0	0	0	0	0	0
Chlamydia_pecorum	0	0	0	0	0	0	0	0	0	0	0	0	0	0	0	0	0	0	0	0	0	0	0	0	0	0	0	0	0	0	0	0	0	0	0	0	0	0	0	0	0
Chlamydia_pecorum_P787	0	0	0	0	0	0	0	0	0	0	0	0	0	0	0	0	0	0	0	0	0.0	0.0	0.0	0.0	0.09090909090909091	0.0	0.0	0.0	0.0	0.0	0.09090909090909091	0.09090909090909091	0.09090909090909091	0.0	0.0	0.0	0.09090909090909091	0.0	0.0	0.0	1
Chlamydia_pneumoniae	0	0	0	0	0	0	0	0	0	0	0	0	0	0	0	0	0	0	0	0	0	0	0	0	0	0	0	0	0	0	0	0	0	0	0	0	0	0	0	0	0
Chlamydia_psittaci	0	0	0	0	0	0	0	0	0	0	0	0	0	0	0	0	0	0	0	0	0	0	0	0	0	0	0	0	0	0	0	0	0	0	0	0	0	0	0	0	0
Chlamydia_suis	0	0	0	0	0	0	0	0	0	0	0	0	0	0	0	0	0	0	0	0	0	0	0	0	0	0	0	0	0	0	0	0	0	0	0	0	0	0	0	0	0
Chlamydia_trachomatis	0	0	0	0	0	0	0	0	0	0	0	0	0	0	0	0	0	0	0	0	0	0	0	0	0	0	0	0	0	0	0	0	0	0	0	0	0	0	0	0	0
Corynebacterium_ammoniagenes	1.0	0	0	0	0	0	0	0	0	0	0	0	0	0	0	0	0	0	0	0	0.09090909090909091	0.0	0.0	0.0	0.0	0.09090909090909091	0.0	0.0	0.0	0.0	0.0	0.0	0.0	0.0	0.0	0.0	0.0	0.0	0.0	0.0	1
Corynebacterium_amycolatum	0	0	0	0	0	0	0	0	0	0	0	0	0	0	0	0	0	0	0	0	0.0	0.0	0.0	0.0	0.0	0.0	0.0	0.09090909090909091	0.0	0.0	0.09090909090909091	0.0	0.0	0.0	0.0	0.0	0.09090909090909091	0.0	0.0	0.0	1
Corynebacterium_bovis	0	0	0	0.3333333333333333	1.0	0	0	0	0	0.3333333333333333	0	0.5	0	0	0	0	0	0	0	1.0	0.0	0.0	0.01818181818181818	0.03636363636363636	0.09090909090909091	0.0	0.03636363636363636	0.03636363636363636	0.01818181818181818	0.01818181818181818	0.0	0.01818181818181818	0.0	0.0	0.0	0.0	0.0	0.0	0.0	0.01818181818181818	5
Corynebacterium_crudilactis	0	0	0	0	0	0	0	0	0	0	0	0	0	0	0	0	0	0	0	0	0	0	0	0	0	0	0	0	0	0	0	0	0	0	0	0	0	0	0	0	0
Corynebacterium_diphtheriae	0	0	0	0	0	0	1.0	0	0	0	0	0	0	0	0	0	0	0	0	0	0.0	0.0	0.0303030303030303	0.0	0.0606060606060606	0.0	0.0303030303030303	0.0606060606060606	0.0	0.0	0.0	0.0	0.0	0.01818181818181818	0.0303030303030303	0.0	0.0	0.0	0.01818181818181818	0.0	15
Corynebacterium_diphtheriae_HC03	0	0	0	0	0	0	0	0	0	0	0	0	0	0	0	0	0	0	0	0	0.09090909090909091	0.0	0.09090909090909091	0.0	0.0	0.0	0.0	0.0	0.0	0.0	0.0	0.0	0.0	0.0	0.0	0.0	0.0	0.09090909090909091	0.0	0.0	1
Corynebacterium_jeikeium	0	0	0	0	0	0	0	0	0	0	0	0	0	0	0	0	0	0	0	0	0.0	0.0	0.0	0.0	0.0	0.0	0.0	0.0	0.0	0.0	0.0	0.0	0.045454545454545456	0.045454545454545456	0.0	0.0	0.0	0.045454545454545456	0.0	0.0	2
Corynebacterium_kroppenstedtii	0	0	0	0	0	0	0	0	0	0	0	0	0	0	0	0	0	0	0	0	0	0	0	0	0	0	0	0	0	0	0	0	0	0	0	0	0	0	0	0	0
Corynebacterium_kroppenstedtii_DSM_44385	0	0	0	0	0	0	0	0	0	0	0	0	0	0	0	0	0	0	0	0	0.022727272727272728	0.0	0.0	0.022727272727272728	0.022727272727272728	0.0	0.0	0.06818181818181818	0.06818181818181818	0.06818181818181818	0.0	0.0	0.0	0.0	0.022727272727272728	0.0	0.0	0.0	0.045454545454545456	0.045454545454545456	4
Corynebacterium_maris	0	0	0	0	0	0	0	0	0	0	0	0	0	0	0	0	0	0	0	0	0	0	0	0	0	0	0	0	0	0	0	0	0	0	0	0	0	0	0	0	0
Corynebacterium_maris_DSM_45190	0	0	0	0	0	0	0	0	0	0	0	0	0	0	0	0	0	0	1.0	0	0.0	0.0	0.022727272727272728	0.045454545454545456	0.022727272727272728	0.0	0.0	0.0	0.0	0.022727272727272728	0.0	0.0	0.0	0.0	0.022727272727272728	0.0	0.0	0.0	0.022727272727272728	0.0	4
Corynebacterium_matruchotii	0	0	0	0	0	0	0	0	0	0	0	0	0	0	0	0	0	0	0	0	0.0	0.0	0.0	0.0	0.0	0.0	0.0	0.0	0.0	0.0	0.0	0.0	0.0	0.0	0.0	0.0	0.0	0.0	0.0	0.0	1
Corynebacterium_minutissimum	0	0	0	0	0	0	0	0	0	0	0	0.5	0	0	0	0	0	0	0	0	0.008264462809917356	0.008264462809917356	0.0	0.008264462809917356	0.01652892561983471	0.008264462809917356	0.008264462809917356	0.0	0.0	0.01652892561983471	0.0	0.01652892561983471	0.01652892561983471	0.008264462809917356	0.008264462809917356	0.0	0.04958677685950413	0.0	0.0	0.03305785123966942	11
Corynebacterium_pseudotuberculosis	0	0	0	0	0	0	0	0	0	0	0	0	0	0	0	0	0	0	0	0	0	0	0	0	0	0	0	0	0	0	0	0	0	0	0	0	0	0	0	0	0
Corynebacterium_renale	0	0	0	0.5	0	0	0	0	0	0	0	0	0	0	0	0	0	0	0	0	0.0	0.0	0.01818181818181818	0.01818181818181818	0.0	0.0	0.03636363636363636	0.0	0.01818181818181818	0.01818181818181818	0.0	0.0	0.0	0.0	0.03636363636363636	0.03636363636363636	0.0	0.0	0.0	0.01818181818181818	5
Corynebacterium_segmentosum	0	0	0	0	0	0	0	0	0	0	0	0	0	0	0	0	0	0	0	0	0.0	0.09090909090909091	0.09090909090909091	0.0	0.0	0.0	0.0	0.0	0.0	0.0	0.0	0.0	0.0	0.0	0.0	0.0	0.0	0.0	0.0	0.0	1
Corynebacterium_sphenisci	0	0	0	0	0	0	0	0	0	0	0	0	0	0	0	0	0	0	0	0	0	0	0	0	0	0	0	0	0	0	0	0	0	0	0	0	0	0	0	0	0
Corynebacterium_sphenisci_DSM_44792	0.14285714285714285	0.25	0	0	0	0.125	0	0	0	0	0	0	0	0	0	0	0.125	0.2857142857142857	0.25	0.2857142857142857	0.01515151515151515	0.020202020202020204	0.010101010101010102	0.005050505050505051	0.0	0.01515151515151515	0.0	0.0	0.005050505050505051	0.01515151515151515	0.005050505050505051	0.010101010101010102	0.0	0.005050505050505051	0.020202020202020204	0.005050505050505051	0.005050505050505051	0.01515151515151515	0.01515151515151515	0.025252525252525252	18
Corynebacterium_stationis	0	0	0	0	0	0	0	0	0	0	0	0	0	0	0	0	0	0	0	0	0	0	0	0	0	0	0	0	0	0	0	0	0	0	0	0	0	0	0	0	0
Corynebacterium_striatum	0	0	0	0	0	0	0	0	0	0	0	0	0	0	0	0	0	0	0	0	0.0	0.022727272727272728	0.0	0.0	0.0	0.011363636363636364	0.0	0.0	0.011363636363636364	0.0	0.011363636363636364	0.0	0.0	0.0	0.0	0.022727272727272728	0.03409090909090909	0.0	0.0	0.0	8
Corynebacterium_urealyticum	0	0	0	0.5	0	0	0	0	0	0	0	0	0	0	0	0.5	0	0	0	0	0.0	0.0	0.045454545454545456	0.045454545454545456	0.045454545454545456	0.0	0.0	0.0	0.0	0.0	0.045454545454545456	0.0	0.0	0.045454545454545456	0.045454545454545456	0.045454545454545456	0.0	0.045454545454545456	0.0	0.0	2
Corynebacterium_ureicelerivorans	0	0	0	0	0	0	0	0	0	0	0	0	0	0	0	0	0	0	0	0	0	0	0	0	0	0	0	0	0	0	0	0	0	0	0	0	0	0	0	0	0
Corynebacterium_xerosis	0	0	0	0	0	0	0	0	0	0.3333333333333333	0	0	0	0	0	0	0.25	0	0.75	0.3333333333333333	0.011363636363636364	0.0	0.0	0.011363636363636364	0.0	0.011363636363636364	0.011363636363636364	0.0	0.0	0.011363636363636364	0.011363636363636364	0.011363636363636364	0.0	0.022727272727272728	0.022727272727272728	0.0	0.011363636363636364	0.022727272727272728	0.03409090909090909	0.011363636363636364	8
Cowpox_virus	0	0	0	0	0	0	0	0	0	0	0	0	0	0	0	0	0	0	0	0	0	0	0	0	0	0	0	0	0	0	0	0	0	0	0	0	0	0	0	0	0
Coxiella_burnetii	0	0	0	0	0	0	0	0	0	0	0	0	0	0	0	0	0	0	0	0	0	0	0	0	0	0	0	0	0	0	0	0	0	0	0	0	0	0	0	0	0
Coxiella_burnetii_Dugway_5J108-111	0	0	0	0	0	0	0	0	0	0	0	0	0	0	0	0	0	0	0	0	0.0	0.0	0.09090909090909091	0.0	0.0	0.0	0.0	0.0	0.09090909090909091	0.0	0.0	0.0	0.0	0.0	0.0	0.0	0.0	0.0	0.0	0.0	2
Cryptosporidium	0	0	0	0	0	0	0	0	0	0	0	0	0	0	0	0	0	0	0	0	0	0	0	0	0	0	0	0	0	0	0	0	0	0	0	0	0	0	0	0	0
Cryptosporidium_parvum	0	0	0	0	0	0	0	0	0	0	0	0	0	0	0	0	0	0	0	0	0	0	0	0	0	0	0	0	0	0	0	0	0	0	0	0	0	0	0	0	0
Deltaretrovirus	0	0	0	0	0	0	0	0	0	0	0	0	0	0	0	0	0	0	0	0	0	0	0	0	0	0	0	0	0	0	0	0	0	0	0	0	0	0	0	0	0
Ehrlichia_canis	0	0	0	0	0	0	0	0	0	0	0	0	0	0	0	0	0	0	0	0	0	0	0	0	0	0	0	0	0	0	0	0	0	0	0	0	0	0	0	0	0
Enterococcus_avium	0	0	0	0	0	0	0	0	0	0	0	0	0	0	0	0	0	0	0	0	0	0	0	0	0	0	0	0	0	0	0	0	0	0	0	0	0	0	0	0	0
Enterococcus_casseliflavus	0	0	0	0	0	0	0	0	0	0	0	0	0	0	0	0	0	0	0	0	0	0	0	0	0	0	0	0	0	0	0	0	0	0	0	0	0	0	0	0	0
Enterococcus_cecorum	0	0	0	0	0	0	0	0	0	0	0	0	1.0	0	0	0	0	0	0	0	0.0	0.0	0.0	0.0	0.0	0.0	0.0909090909090909	0.0	0.0	0.0	0.0	0.0	0.030303030303030304	0.0	0.0	0.0	0.0	0.0	0.0	0.0	3
Enterococcus_durans	0	0	0	0	0	0	0	0	0	0	0	0	0	0	0	0	0	0	0	0	0	0	0	0	0	0	0	0	0	0	0	0	0	0	0	0	0	0	0	0	0
Enterococcus_faecalis	0	0	0	0	0	0	0	0	0	0	0	0	0	0	0	0.35714285714285715	0	0	0	0	0.0	0.0	0.0	0.0	0.0	0.0	0.0	0.0	0.0	0.0	0.0	0.0	0.05642633228840126	0.05642633228840126	0.0	0.03134796238244514	0.0	0.0	0.0	0.003134796238244514	29
Enterococcus_faecium	0	0	0	0	0	0	0	0	0	0	0	0	0	0	0	0	0	0	0	0	0	0	0	0	0	0	0	0	0	0	0	0	0	0	0	0	0	0	0	0	0
Enterococcus_hirae	0	0	0	0	0	0	0	0	0	0	0	0	0	0	0	0	0	0	0	0	0	0	0	0	0	0	0	0	0	0	0	0	0	0	0	0	0	0	0	0	0
Enterococcus_mundtii	0	0	0	0	0	0	0	0	0	0	0	0	0	0	0	0	0	0	0	0	0	0	0	0	0	0	0	0	0	0	0	0	0	0	0	0	0	0	0	0	0
Enterovirus_B	0	0	0	0	0	0	0	0	0	0	0	0	0	0	0	0	0	0	0	0	0	0	0	0	0	0	0	0	0	0	0	0	0	0	0	0	0	0	0	0	0
Epizootic_hemorrhagic_disease_virus_(serotype_1_/_strain_New_Jersey)	0	0	0	0	0	0	0	0	0	0	0	0	0	0	0	0	0	0	0	0	0	0	0	0	0	0	0	0	0	0	0	0	0	0	0	0	0	0	0	0	0
Equine_rhinitis_A_virus	0	0	0	0	0	0	0	0	0	0	0	0	0	0	0	0	0	0	0	0	0	0	0	0	0	0	0	0	0	0	0	0	0	0	0	0	0	0	0	0	0
Erysipelothrix_rhusiopathiae	0	0	0	0	0	0	0	0	0	0	0	0	0	0	0	0	0	0	0	0	0	0	0	0	0	0	0	0	0	0	0	0	0	0	0	0	0	0	0	0	0
Erythroparvovirus	0	0	0	0	0	0	0	0	0	0	0	0	0	0	0	0	0	0	0	0	0	0	0	0	0	0	0	0	0	0	0	0	0	0	0	0	0	0	0	0	0
Escherichia_coli	0	0.5	0	0.25	0	0	0	0	0.25	0.6	0	0	0	0	0	0	0	0	0	0	0.006198347107438016	0.004132231404958678	0.006198347107438016	0.03099173553719008	0.0	0.0	0.0	0.002066115702479339	0.004132231404958678	0.03512396694214876	0.03512396694214876	0.002066115702479339	0.004132231404958678	0.008264462809917356	0.026859504132231406	0.028925619834710745	0.006198347107438016	0.028925619834710745	0.002066115702479339	0.03099173553719008	44
Escherichia_coli_O111	0	0	0	0	0	0	0	0	0	0	0	0	0	0	0	0	0	0	0	0	0	0	0	0	0	0	0	0	0	0	0	0	0	0	0	0	0	0	0	0	0
Escherichia_coli_O157:H7	0	0	0	0	0	0	0	0	0	0	0	0	0	0	0	0	0	0	0	0	0	0	0	0	0	0	0	0	0	0	0	0	0	0	0	0	0	0	0	0	0
Escherichia_coli_O26	0	0	0	0	0	0	0	0	0	0	0	0	0	0	0	0	0	0	0	0	0	0	0	0	0	0	0	0	0	0	0	0	0	0	0	0	0	0	0	0	0
Escherichia_coli_O78	0	0	1.0	0	0	0	0	0	0	0	0	0	0	0	0	0	0	0	0	0	0.0	0.0	0.0909090909090909	0.0	0.0	0.0	0.0	0.0	0.0	0.0	0.0	0.0	0.0	0.0	0.0	0.0	0.0	0.0	0.0	0.0	6
Francisella_tularensis	0	0	0	0	0	0	0	0	0	0	0	0	0	0	0	0	0	0	0	0	0	0	0	0	0	0	0	0	0	0	0	0	0	0	0	0	0	0	0	0	0
Fusobacterium	1.0	0	0	0	0	0	0	0	0	0	0	0	0	1.0	0	0	0	0	0	0	0.09090909090909091	0.0	0.0	0.0	0.09090909090909091	0.0	0.0	0.0	0.0	0.0	0.0	0.0	0.0	0.09090909090909091	0.0	0.0	0.0	0.08181818181818182	0.0	0.0	10
Fusobacterium_mortiferum_ATCC_9817	0	0	0	0	0	0	0	0	0	0	0	0	0	0	0	0	0	0	0	0	0.0	0.0	0.0	0.0	0.0	0.0	0.0	0.0	0.0	0.0	0.0	0.0	0.0	0.0	0.0	0.0	0.045454545454545456	0.0	0.0	0.0	2
Fusobacterium_nucleatum	0	0	0	0	0	0	0	0	0	0	0	0	0	0	0	0	0	0	0	0	0	0	0	0	0	0	0	0	0	0	0	0	0	0	0	0	0	0	0	0	0
Fusobacterium_nucleatum_subsp._animalis	0	0	0	0	0	0	0	0	0	0	0	0	0	0	0	0	0	0	0	0	0.0	0.0	0.0	0.0	0.0	0.0	0.0	0.0	0.0	0.0	0.01818181818181818	0.0	0.07272727272727272	0.0	0.0	0.0	0.0	0.0	0.0	0.07272727272727272	5
Fusobacterium_varium_ATCC_27725	0	0	0	0	0	0	0	0	0	0	0	0	0	0	0	0	0	0	0	0	0.0	0.0	0.0	0.0	0.0	0.0	0.0	0.0	0.0	0.0	0.0	0.0	0.0	0.0	0.0	0.09090909090909091	0.0	0.0	0.0	0.09090909090909091	1
Goatpox_virus	0	0	0	0	0	0	0	0	0	0	0	0	0	0	0	0	0	0	0	0	0	0	0	0	0	0	0	0	0	0	0	0	0	0	0	0	0	0	0	0	0
Haemophilus_influenzae	0	0	0	0	0	0	0	0	0	0	0	0	0	0	0	0	0	0	0	0	0.0	0.0	0.09090909090909091	0.0	0.0	0.0	0.0	0.09090909090909091	0.0	0.0	0.0	0.0	0.0	0.0	0.0	0.0	0.0	0.0	0.0	0.0	1
Haemophilus_influenzae_CGSHiCZ412602	0	0	0	0	0	0	0	0	0	0	0	0	0	0	0	0	0	0	0	0.6666666666666666	0.0	0.0	0.0	0.0909090909090909	0.0	0.0	0.0	0.0	0.0909090909090909	0.0	0.0	0.0	0.0	0.0	0.0	0.0	0.0	0.0	0.0	0.06060606060606061	3
Helicobacter_cinaedi	0	0	0	0	0	0	0	0	0	0	0	0	0	0	0	0	0	0	0	0	0	0	0	0	0	0	0	0	0	0	0	0	0	0	0	0	0	0	0	0	0
Helicobacter_pylori	0	0	0	0	0	0	0	0	0	0	0	0	0	0	0	0	0	0	0	0	0.0	0.0	0.0	0.0	0.0	0.0	0.0	0.0	0.09090909090909091	0.0	0.0	0.0	0.0	0.0	0.0	0.09090909090909091	0.0	0.0	0.0	0.0	1
Hepatitis_B_virus	0	0	0	0	0	0	0	0	0	0	0	0	0	0	0	0	0	0	0	0	0	0	0	0	0	0	0	0	0	0	0	0	0	0	0	0	0	0	0	0	0
Hepatitis_E_virus	0	0	0	0	0	0	0	0	0	0	0	0	0	0	0	0	0	0	0	0	0	0	0	0	0	0	0	0	0	0	0	0	0	0	0	0	0	0	0	0	0
Hepatitis_delta_virus	0	0	0	0	0	0	0	0	0	0	0	0	0	0	0	0	0	0	0	0	0	0	0	0	0	0	0	0	0	0	0	0	0	0	0	0	0	0	0	0	0
Human_adenovirus_1	0	0	0	0	0	0	0	0	0	0	0	0	0	0	0	0	0	0	0	0	0	0	0	0	0	0	0	0	0	0	0	0	0	0	0	0	0	0	0	0	0
Human_adenovirus_2	0	0	0	0	0	0	0	0	0	0	0	0	0	0	0	0	0	0	0	0	0	0	0	0	0	0	0	0	0	0	0	0	0	0	0	0	0	0	0	0	0
Human_adenovirus_35	0	0	0	0	0	0	0	0	0	0	0	0	0	0	0	0	0	0	0	0	0	0	0	0	0	0	0	0	0	0	0	0	0	0	0	0	0	0	0	0	0
Human_adenovirus_5	0	0	0	0	0	0	0	0	0	0	0	0	0	0	0	0	0	0	0	0	0	0	0	0	0	0	0	0	0	0	0	0	0	0	0	0	0	0	0	0	0
Human_adenovirus_54	0	0	0	0	0	0	0	0	0	0	0	0	0	0	0	0	0	0	0	0	0	0	0	0	0	0	0	0	0	0	0	0	0	0	0	0	0	0	0	0	0
Human_adenovirus_7	0	0	0	0	0	0	0	0	0	0	0	0	0	0	0	0	0	0	0	0	0	0	0	0	0	0	0	0	0	0	0	0	0	0	0	0	0	0	0	0	0
Human_alphaherpesvirus_1	0	0	0	0	0	0	0	0	0	0	0	0	0	0	0	0	0	0	0	0	0	0	0	0	0	0	0	0	0	0	0	0	0	0	0	0	0	0	0	0	0
Human_alphaherpesvirus_2	0	0	0	0	0	0	0	0	0	0	0	0	0	0	0	0	0	0	0	0	0	0	0	0	0	0	0	0	0	0	0	0	0	0	0	0	0	0	0	0	0
Human_alphaherpesvirus_3	0	0	0	0	0	0	0	0	0	0	0	0	0	0	0	0	0	0	0	0	0	0	0	0	0	0	0	0	0	0	0	0	0	0	0	0	0	0	0	0	0
Human_gammaherpesvirus_4	0	0	0	0	0	0	0	0	0	0	0	0	0	0	0	0	0	0	0	0	0	0	0	0	0	0	0	0	0	0	0	0	0	0	0	0	0	0	0	0	0
Human_herpesvirus_4_type_2	0	0	0	0	0	0	0	0	0	0	0	0	0	0	0	0	0	0	0	0	0	0	0	0	0	0	0	0	0	0	0	0	0	0	0	0	0	0	0	0	0
Human_mastadenovirus_C	0	0	0	0	0	0	0	0	0	0	0	0	0	0	0	0	0	0	0	0	0	0	0	0	0	0	0	0	0	0	0	0	0	0	0	0	0	0	0	0	0
JC_polyomavirus	0	0	0	0	0	0	0	0	0	0	0	0	0	0	0	0	0	0	0	0	0	0	0	0	0	0	0	0	0	0	0	0	0	0	0	0	0	0	0	0	0
Klebsiella_aerogenes	0	0	0	0	0	0	0	0	0	0	0	0	0	0	0	0	0	0	0	0	0.0	0.03636363636363636	0.0	0.05454545454545454	0.0	0.0	0.0	0.05454545454545454	0.0	0.05454545454545454	0.0	0.0	0.03636363636363636	0.03636363636363636	0.01818181818181818	0.0	0.01818181818181818	0.0	0.0	0.0	5
Klebsiella_aerogenes_EA1509E	0	0	0	0	0	0	0	0	0	0	0	1.0	0	0	0	0	0.8	1.0	0	0	0.0	0.0	0.0	0.0	0.0	0.0	0.0	0.0	0.0	0.0	0.0	0.045454545454545456	0.0	0.03409090909090909	0.0	0.0	0.045454545454545456	0.045454545454545456	0.0	0.03409090909090909	8
Klebsiella_michiganensis	0	0	0	0	0	0	0	0	0	0	0	0	0	0	0	0	0	0	0	0.6	0.00909090909090909	0.00909090909090909	0.00909090909090909	0.00909090909090909	0.0	0.0	0.00909090909090909	0.0	0.0	0.02727272727272727	0.045454545454545456	0.0	0.0	0.0	0.01818181818181818	0.00909090909090909	0.03636363636363636	0.00909090909090909	0.0	0.03636363636363636	10
Klebsiella_michiganensis_HKOPL1	1.0	0	0	0	0	0	0	0	0	0	0	0	0	0	0	0	0	0	0	0	0.09090909090909091	0.0	0.0	0.0	0.0	0.0	0.0	0.0	0.0	0.0	0.0	0.0	0.0	0.0	0.0	0.07954545454545454	0.0	0.0	0.0	0.0	8
Klebsiella_oxytoca	1.0	0	0	0.5	0	1.0	0	0	0.8	0	0	0	0	0	0	0	0	0	1.0	0	0.015810276679841896	0.007905138339920948	0.043478260869565216	0.007905138339920948	0.03557312252964427	0.03162055335968379	0.039525691699604744	0.03557312252964427	0.039525691699604744	0.03162055335968379	0.003952569169960474	0.003952569169960474	0.003952569169960474	0.007905138339920948	0.015810276679841896	0.0	0.0	0.007905138339920948	0.043478260869565216	0.007905138339920948	23
Klebsiella_pneumoniae	0	0	0.375	0	0	0	0	0	0	0	0	0	0	0	0	0	0	0.7142857142857143	1.0	0.42857142857142855	0.007575757575757576	0.0	0.030303030303030304	0.007575757575757576	0.022727272727272724	0.0	0.022727272727272724	0.0	0.0	0.0	0.0	0.007575757575757576	0.015151515151515152	0.015151515151515152	0.007575757575757576	0.0	0.022727272727272724	0.03787878787878788	0.03787878787878788	0.03787878787878788	12
Klebsiella_pneumoniae_subsp._pneumoniae	1.0	0	0	0	0	0	0	0	0	0	0	0	0	0	0	0	0	0	0	0	0.09090909090909091	0.0	0.0	0.0	0.0	0.0	0.0	0.08982683982683984	0.0	0.0	0.0	0.0	0.0	0.0010822510822510823	0.0	0.0	0.0	0.0	0.08982683982683984	0.0	84
Klebsiella_pneumoniae_subsp._rhinoscleromatis	0	0	0	0	0	0	0	0	0	0	0	0	0	0	0	0	0	0	0	0	0	0	0	0	0	0	0	0	0	0	0	0	0	0	0	0	0	0	0	0	0
Legionella_anisa	0	0	0	0	0	0	0	0	0	0	0	0	0	0	0	0	0	0	0	0	0.0	0.045454545454545456	0.0	0.0	0.0	0.0	0.045454545454545456	0.0	0.09090909090909091	0.0	0.0	0.0	0.0	0.0	0.0	0.045454545454545456	0.045454545454545456	0.0	0.0	0.0	2
Legionella_lansingensis	0	0	0	0	0	0	0	0	0	0	0	0	0	0	0	0	0	0	0	0	0.0	0.0	0.0	0.09090909090909091	0.0	0.0	0.0	0.0	0.0	0.0	0.0	0.0	0.0	0.0	0.0	0.0	0.0	0.0	0.0	0.0	1
Legionella_pneumophila	0	0	0	0	0	0	0	0	0	0	0	0	0	0	0	0	0	0	0	0	0	0	0	0	0	0	0	0	0	0	0	0	0	0	0	0	0	0	0	0	0
Legionella_pneumophila_str._Corby	0	0	0	0	0	0	0	0	0	0	0	0	0	0	0	0	0	0	0	0	0.0	0.09090909090909091	0.0	0.0	0.09090909090909091	0.0	0.0	0.0	0.0	0.0	0.0	0.0	0.0	0.0	0.0	0.0	0.0	0.0	0.0	0.0	1
Legionella_pneumophila_subsp._pascullei	0	0	0	0	0	0	0	0	0	0	0	0	0	0	0	0	0	0	0	0	0.0	0.0	0.0	0.09090909090909091	0.0	0.0	0.0	0.0	0.0	0.0	0.09090909090909091	0.0	0.0	0.0	0.0	0.0	0.0	0.0	0.09090909090909091	0.0	1
Legionella_pneumophila_subsp._pneumophila	0	0	0	0	0	0	0	0	0	0	0	0	0	0	0	0	0	0	0	0	0.0	0.0	0.030303030303030304	0.0	0.030303030303030304	0.0	0.030303030303030304	0.0	0.0	0.0	0.030303030303030304	0.030303030303030304	0.0	0.0	0.0	0.0	0.030303030303030304	0.0	0.0	0.06060606060606061	3
Leptospira_alexanderi	0	0	0	0	0	0	0	0	0	0	0	0	0	0	0	0	0	0	0	0	0	0	0	0	0	0	0	0	0	0	0	0	0	0	0	0	0	0	0	0	0
Leptospira_alstonii	0	0	0	0	0	0	0	0	0	0	0	0	0	0	0	0	0	0	0	0	0	0	0	0	0	0	0	0	0	0	0	0	0	0	0	0	0	0	0	0	0
Leptospira_biflexa	0	0	0	0	0	0	0	0	0	0	0	0	0	0	0	0	0	0	0	0	0	0	0	0	0	0	0	0	0	0	0	0	0	0	0	0	0	0	0	0	0
Leptospira_biflexa_serovar_Patoc	0	0	0	0	0	0	0	0	0	0	0	0	0	0	0	0	0	0	0	0	0.0	0.0	0.0	0.0	0.0	0.0	0.0	0.0	0.0	0.0	0.0	0.0	0.0	0.0	0.09090909090909091	0.0	0.0	0.0	0.0	0.0	1
Leptospira_borgpetersenii	0	0	0	0	0	0	0	0	0	0	0	0	0	0	0	0	0	0	1.0	0	0.09090909090909091	0.0	0.0	0.0	0.0	0.0	0.09090909090909091	0.0	0.0	0.0	0.0	0.0	0.0	0.0	0.0	0.0	0.0	0.0	0.045454545454545456	0.0	2
Leptospira_broomii	0	0	0	0	0	0	0	0	0	0	0	0	0	0	0	0	0	0	0	0	0	0	0	0	0	0	0	0	0	0	0	0	0	0	0	0	0	0	0	0	0
Leptospira_fainei	0	0	0	0	0	0	0	0	0	0	0	0	0	0	0	0	0	0	0	0	0	0	0	0	0	0	0	0	0	0	0	0	0	0	0	0	0	0	0	0	0
Leptospira_inadai	0	0	0	0	0	0	0	0	0	0	0	0	0	0	0	0	0	0	0	0	0	0	0	0	0	0	0	0	0	0	0	0	0	0	0	0	0	0	0	0	0
Leptospira_interrogans	0	0	0	0	0	0	0	0	0	0	0	0	0	0	0	0	1.0	0	0	0	0.0	0.0	0.0	0.0	0.02766798418972332	0.0	0.0	0.02766798418972332	0.0	0.0	0.0	0.0	0.06324110671936758	0.003952569169960474	0.023715415019762844	0.0	0.02766798418972332	0.0	0.0	0.0	23
Leptospira_interrogans_serovar_Bataviae	0	0	0	0	0	0	0	0	0	0	0	0	0	0	0	0	0	0.5	0	0	0.0	0.0	0.0	0.0	0.0	0.0	0.0	0.0	0.0	0.0	0.0	0.0	0.0	0.045454545454545456	0.0	0.0	0.0	0.045454545454545456	0.0	0.0	2
Leptospira_interrogans_serovar_Lai_str._IPAV	0	0	0	0	0	0	0	0	0	0	1.0	0	0	0	0	0	0	0	0	0	0.0	0.0	0.0	0.045454545454545456	0.0	0.0	0.0	0.0	0.0	0.0	0.022727272727272728	0.0	0.022727272727272728	0.0	0.0	0.022727272727272728	0.022727272727272728	0.0	0.0	0.0	4
Leptospira_kirschneri	0	0	0	0	0	0	0	0	0	0	0	0	0	0	0	0	0	0	0	0	0	0	0	0	0	0	0	0	0	0	0	0	0	0	0	0	0	0	0	0	0
Leptospira_kmetyi	0	0	0	0	0	0	0	0	0	0	0	0	0	0	0	0	0	0	0	0	0	0	0	0	0	0	0	0	0	0	0	0	0	0	0	0	0	0	0	0	0
Leptospira_licerasiae	0	0	0	0	0	0	0	0	0	0	0	0	0	0	0	0	0	0	0	0	0	0	0	0	0	0	0	0	0	0	0	0	0	0	0	0	0	0	0	0	0
Leptospira_noguchii	0	0	0	0	0	0	0	0	0	0	0	0	0	0	0	0	0	0	0	0	0.0909090909090909	0.0	0.0	0.0	0.0	0.0	0.0909090909090909	0.0	0.0	0.0	0.0	0.0	0.0	0.015151515151515152	0.0	0.015151515151515152	0.015151515151515152	0.0	0.0	0.0	6
Leptospira_santarosai	0	0	0	0	0	0	0	0	0	0	0	0	0	0	0	0	0	0	1.0	0	0.0	0.06060606060606061	0.0	0.0	0.0	0.0	0.0	0.06060606060606061	0.0	0.0	0.0	0.0	0.0	0.030303030303030304	0.030303030303030304	0.0	0.0	0.0	0.030303030303030304	0.030303030303030304	3
Leptospira_weilii	0	0	0	0	0	0	0	0	0	0	0	0	0	0	0	1.0	0	0	0.5	0	0.045454545454545456	0.0	0.045454545454545456	0.0	0.0	0.0	0.0	0.0	0.0	0.0	0.0	0.0	0.0	0.0	0.0	0.045454545454545456	0.0	0.045454545454545456	0.045454545454545456	0.0	2
Leptospira_wolffii	0	0	0	0	0	0	0	0	0	0	0	0	0	0	0	0	0	0	0	0	0	0	0	0	0	0	0	0	0	0	0	0	0	0	0	0	0	0	0	0	0
Listeria_monocytogenes	0	0	0	0	1.0	0	0	0	0	0	0	0	0	0	0	0	0	0	0	0	0.0	0.0	0.0	0.0	0.09090909090909091	0.0	0.0	0.09090909090909091	0.0	0.0	0.09090909090909091	0.0	0.0	0.0	0.0	0.0	0.0	0.0	0.0	0.045454545454545456	2
Listeria_monocytogenes_6179	0	0	0	0	0	0	0	0	0	0	0	0	0	0	0	0	0	0	0	0	0.09090909090909091	0.0	0.0	0.0	0.0	0.0	0.0	0.0	0.0	0.0	0.0	0.0	0.0	0.0	0.0	0.0	0.0	0.0	0.0	0.0	25
Listeria_monocytogenes_FSL_J1-208	0	0	0	0	0	0	0	0	1.0	0	0	0	0	0	0	0	0	0	0	0	0.0	0.0	0.0	0.0	0.0	0.0	0.09090909090909091	0.09090909090909091	0.09090909090909091	0.0	0.0	0.09090909090909091	0.0	0.0	0.0	0.0	0.0	0.0	0.0	0.0	1
Lumpy_skin_disease_virus	0	0	0	0	0	0	0	0	0	0	0	0	0	0	0	0	0	0	0	0	0	0	0	0	0	0	0	0	0	0	0	0	0	0	0	0	0	0	0	0	0
Lymphocryptovirus	0	0	0	0	0	0	0	0	0	0	0	0	0	0	0	0	0	0	0	0	0	0	0	0	0	0	0	0	0	0	0	0	0	0	0	0	0	0	0	0	0
Mannheimia_haemolytica	0	0	0	0	0	0	0	0	0	0	0	0	0	0	0	0	0	0	0	0	0.0	0.0	0.0881542699724518	0.0	0.0	0.0881542699724518	0.0	0.0	0.0881542699724518	0.0	0.0	0.0	0.0	0.0	0.0027548209366391185	0.0	0.0	0.0	0.0	0.0027548209366391185	33
Mannheimia_haemolytica_D174	0	0	0	0	0	0	0	0	0	0	0	0	0	0	0	0	0	0	0	0	0.0	0.0	0.0	0.0	0.0	0.0	0.0	0.09090909090909091	0.0	0.0	0.0	0.0	0.0	0.0	0.0	0.0	0.0	0.0	0.0	0.0	4
Measles_morbillivirus	0	0	0	0	0	0	0	0	0	0	0	0	0	0	0	0	0	0	0	0	0	0	0	0	0	0	0	0	0	0	0	0	0	0	0	0	0	0	0	0	0
Methanobrevibacter_oralis	0	0	0	0	0	0	0	0	0	0	0	0	0	0	0	0	0	0	0	0	0	0	0	0	0	0	0	0	0	0	0	0	0	0	0	0	0	0	0	0	0
Moraxella_catarrhalis	0	0	0	0	0	0	0	0	0	0	0	0	0	0	0	0	0	0	0	0	0.0	0.0	0.0	0.0	0.0	0.0	0.0	0.0	0.0	0.0	0.045454545454545456	0.0	0.0	0.045454545454545456	0.0	0.0	0.0	0.045454545454545456	0.0	0.0	2
Morbillivirus	0	0	0	0	0	0	0	0	0	0	0	0	0	0	0	0	0	0	0	0	0	0	0	0	0	0	0	0	0	0	0	0	0	0	0	0	0	0	0	0	0
Mycobacterium_avium	0.12903225806451613	0	0.3142857142857143	0	0.325	0.21153846153846154	0.07894736842105263	0	0	0	0	0	0	0	0	0	0	0	0	0	0.013223140495867768	0.011570247933884297	0.00909090909090909	0.003305785123966942	0.01652892561983471	0.021487603305785124	0.0024793388429752063	0.01983471074380165	0.005785123966942148	0.006611570247933884	0.003305785123966942	0.00743801652892562	0.00909090909090909	0.005785123966942148	8.264462809917355E-4	8.264462809917355E-4	0.006611570247933884	0.02066115702479339	0.0024793388429752063	0.0	110
Mycobacterium_avium_subsp._avium	0.2	0	0	0	0	0	0	0	0.2857142857142857	0	0	0	0	0	0	0	0	0	0.5	0	0.010101010101010102	0.0	0.0	0.0	0.0	0.0	0.0	0.0	0.020202020202020204	0.0	0.0	0.0	0.0	0.0	0.0	0.010101010101010102	0.0	0.0	0.010101010101010102	0.0	9
Mycobacterium_avium_subsp._hominissuis	0	0.4444444444444444	0	0	0.4166666666666667	0	0	0	0	0	0.8571428571428571	0	0	1.0	0	0	0	0	0	0	0.0	0.04812834224598931	0.005347593582887701	0.026737967914438502	0.026737967914438502	0.021390374331550804	0.010695187165775402	0.0	0.010695187165775402	0.010695187165775402	0.0320855614973262	0.0	0.0	0.04812834224598931	0.026737967914438502	0.010695187165775402	0.0	0.0	0.010695187165775402	0.005347593582887701	17
Mycobacterium_avium_subsp._paratuberculosis	0	0	0	0	0	0	0	0	0	0	0	0	0	0	0	0	0	0.25	0	0	0.0	0.0	0.03787878787878788	0.04545454545454545	0.015151515151515152	0.007575757575757576	0.022727272727272724	0.0	0.015151515151515152	0.0	0.0	0.022727272727272724	0.015151515151515152	0.0	0.015151515151515152	0.0	0.0	0.022727272727272724	0.03787878787878788	0.0	12
Mycobacterium_canettii	0	0	0	0	0	0	0	0	0	0	0	0	0	0	0	0	0	0	0	0	0.0	0.0	0.0	0.045454545454545456	0.045454545454545456	0.0	0.0	0.0	0.0	0.0	0.0	0.0	0.0	0.0	0.0	0.0	0.0	0.045454545454545456	0.0	0.0	2
Mycobacterium_colombiense	0	0	0	0	0	0	0	0	0	0	0	0	0	0	0	0	0	0	0	0	0	0	0	0	0	0	0	0	0	0	0	0	0	0	0	0	0	0	0	0	0
Mycobacterium_colombiense_CECT_3035	0	0	0.2	0	0	0.5	0.5	0	0	0	0	0	0.125	0	0	0.3333333333333333	0.5	0	0	0	0.0	0.0	0.008264462809917356	0.0	0.01652892561983471	0.008264462809917356	0.01652892561983471	0.024793388429752063	0.0	0.0	0.0	0.01652892561983471	0.01652892561983471	0.008264462809917356	0.024793388429752063	0.024793388429752063	0.024793388429752063	0.0	0.0	0.008264462809917356	11
Mycobacterium_intracellulare	0	0	0	0	0	0	0	0.8	0	0	0	0	0	0	0	0	0	0	0.3333333333333333	0.25	0.0	0.006993006993006993	0.0	0.03496503496503496	0.0	0.006993006993006993	0.03496503496503496	0.027972027972027972	0.027972027972027972	0.0	0.013986013986013986	0.006993006993006993	0.0	0.013986013986013986	0.013986013986013986	0.006993006993006993	0.006993006993006993	0.0	0.03496503496503496	0.006993006993006993	13
Mycobacterium_intracellulare_subsp._yongonense	0	0.4	0.1111111111111111	0	0	0	0	0	0	0	0	0.25	0	0	0	0.16666666666666666	0	0	0.3333333333333333	0.4	0.0	0.012987012987012988	0.006493506493506494	0.012987012987012988	0.0	0.045454545454545456	0.0	0.0	0.0	0.006493506493506494	0.012987012987012988	0.03896103896103896	0.0	0.0	0.0	0.01948051948051948	0.0	0.0	0.025974025974025976	0.03896103896103896	14
Mycobacterium_kansasii	0.125	0.3333333333333333	0.15384615384615385	0	0.46153846153846156	0.11764705882352941	0	0	0	0	0	0	0	0	0	0.2	0.15384615384615385	0.15384615384615385	0.375	0.2222222222222222	0.011961722488038277	0.004784688995215311	0.011961722488038277	0.0023923444976076554	0.02631578947368421	0.009569377990430622	0.004784688995215311	0.009569377990430622	0.009569377990430622	0.009569377990430622	0.0	0.004784688995215311	0.007177033492822966	0.011961722488038277	0.004784688995215311	0.01674641148325359	0.007177033492822966	0.007177033492822966	0.011961722488038277	0.014354066985645932	38
Mycobacterium_leprae	0	0	0	0	0	0	0	0	0	0	0	0	0	0	0	0	0	0	0	0	0	0	0	0	0	0	0	0	0	0	0	0	0	0	0	0	0	0	0	0	0
Mycobacterium_leprae_Kyoto-2	0	1.0	0	0	0	0	0	0	1.0	0	0	0	0	0	0	0.5	0	0	0.3333333333333333	0	0.0	0.030303030303030304	0.0	0.0	0.0	0.0	0.0	0.0	0.030303030303030304	0.0	0.0	0.015151515151515152	0.0	0.015151515151515152	0.0	0.015151515151515152	0.04545454545454545	0.015151515151515152	0.04545454545454545	0.0	6
Mycobacterium_marseillense	0	0	0	0	0	0	0	0.5	0	0	0	0	0	0	0	0	0	0	0	0.3333333333333333	0.030303030303030304	0.030303030303030304	0.030303030303030304	0.015151515151515152	0.0	0.015151515151515152	0.015151515151515152	0.015151515151515152	0.0	0.015151515151515152	0.030303030303030304	0.015151515151515152	0.0	0.0	0.0	0.015151515151515152	0.0	0.015151515151515152	0.015151515151515152	0.015151515151515152	6
Mycobacterium_sp._JS623	0.3333333333333333	0	0	0	0.25	0	0	0	0	0	0	0	0	0	0	0	0	0	0	0	0.00909090909090909	0.00909090909090909	0.0	0.0	0.00909090909090909	0.0	0.0	0.00909090909090909	0.0	0.0	0.0	0.00909090909090909	0.0	0.0	0.01818181818181818	0.0	0.01818181818181818	0.02727272727272727	0.01818181818181818	0.01818181818181818	10
Mycobacterium_sp._YC-RL4	0.4	0.3333333333333333	0	0	0	0.2	0	0.08333333333333333	0.375	0	0.25	0	0	0.375	0	0.125	0	0.16666666666666666	0.2857142857142857	0.3333333333333333	0.025454545454545455	0.010909090909090908	0.0036363636363636364	0.007272727272727273	0.007272727272727273	0.0036363636363636364	0.014545454545454545	0.007272727272727273	0.014545454545454545	0.0	0.010909090909090908	0.007272727272727273	0.0036363636363636364	0.01818181818181818	0.010909090909090908	0.010909090909090908	0.007272727272727273	0.010909090909090908	0.02909090909090909	0.007272727272727273	25
Mycobacterium_tuberculosis	0	0	0	0	0	0	0	0	0	0	0	0	0	0	0	0	0	0	0	0	0.0	0.0	0.0	0.0	0.0	0.0	0.0	0.0	0.09090909090909091	0.0	0.0	0.09090909090909091	0.0	0.0	0.0	0.0	0.0	0.0	0.0	0.0	1
Mycobacterium_tuberculosis_KZN_1435	0	0	0	1.0	0	0	0	0	0	0	0	0	0	0	0	0	0	0	0	0	0.0	0.0	0.05454545454545454	0.05454545454545454	0.0	0.0	0.0	0.0	0.0	0.0	0.0	0.0	0.0	0.0	0.00909090909090909	0.0	0.045454545454545456	0.0	0.01818181818181818	0.01818181818181818	10
Mycobacterium_tuberculosis_complex	0	0.17647058823529413	0	0	0	0	0	0	0	0	0	0	0	0	0	0	1.0	0	0	0.2	0.0	0.006493506493506493	0.023809523809523808	0.03463203463203463	0.017316017316017316	0.017316017316017316	0.0021645021645021645	0.0	0.0	0.006493506493506493	0.017316017316017316	0.017316017316017316	0.025974025974025972	0.017316017316017316	0.006493506493506493	0.0	0.030303030303030304	0.0	0.017316017316017316	0.012987012987012986	42
Mycobacterium_tuberculosis_variant_africanum	0	0	0	0	0	0	0	0	0	0	0	0	0	0	0	0	0	0	0	0	0	0	0	0	0	0	0	0	0	0	0	0	0	0	0	0	0	0	0	0	0
Mycobacterium_tuberculosis_variant_bovis	0	0	0	0	0	0	0	0	0	0	0	0	0	0	0	0	0	0	0	0	0	0	0	0	0	0	0	0	0	0	0	0	0	0	0	0	0	0	0	0	0
Mycobacteroides_abscessus	0.11594202898550725	0	0	0	0	0.34782608695652173	0	0	0	0.2553191489361702	0.060240963855421686	0	0.2	0	0	0	0.35135135135135137	0	0	0.42105263157894735	0.012340600575894693	0.00904977375565611	0.012751953928424518	0.021801727684080625	0.0037021801727684083	0.003290826820238585	0.03167420814479638	0.02509255450431921	0.0	0.01028383381324558	0.002879473467708762	0.004524886877828055	0.0049362402303578775	4.1135335252982314E-4	0.0049362402303578775	0.03167420814479638	0.011106540518305225	4.1135335252982314E-4	8.227067050596463E-4	0.03167420814479638	221
Mycobacteroides_abscessus_subsp._abscessus	1.0	0	0	0	0	0	0	0	0	0	0	0	0	0	1.0	0	0	0	0	0	0.0909090909090909	0.0909090909090909	0.0	0.0	0.0	0.0	0.0	0.0	0.0	0.0	0.0	0.0	0.0	0.0	0.015151515151515152	0.0	0.0	0.0	0.0	0.0	6
Mycobacteroides_abscessus_subsp._bolletii	0	0	0	0	0	0	0	0	0	0	0	0	0	0	0	0	0	0	0	0	0.0	0.0	0.0	0.0	0.0	0.0	0.0	0.0	0.0	0.0	0.0	0.0	0.0	0.0	0.09090909090909091	0.0	0.0	0.0	0.0	0.0	1
Mycobacteroides_abscessus_subsp._massiliense	0	0	0	0	1.0	0	0	0	0.2	0	0	0	0	0	0.5	1.0	0	0	0	0.7777777777777778	0.011730205278592375	0.0	0.0	0.014662756598240468	0.05865102639296187	0.0439882697947214	0.0	0.029325513196480937	0.005865102639296188	0.002932551319648094	0.0	0.011730205278592375	0.002932551319648094	0.0	0.014662756598240468	0.03519061583577712	0.0	0.0	0.0	0.04105571847507331	31
Mycobacteroides_abscessus_subsp._massiliense_CCUG_48898_=_JCM_15300	0	0	0	0	1.0	0	0	0	0	0	0	0	0	0	0	0	0	0	0	0	0.0	0.0	0.0	0.0	0.021212121212121213	0.0	0.06969696969696969	0.0	0.0	0.0	0.0	0.0	0.0	0.0	0.0	0.0	0.08787878787878788	0.0	0.0	0.006060606060606061	30
Mycoplasma_haemocanis	0	0	0	0	0	0	0	0	0	0	0	0	0	0	0	0	0	0	0	0	0	0	0	0	0	0	0	0	0	0	0	0	0	0	0	0	0	0	0	0	0
Mycoplasma_haemofelis	0	0	0	0	0	0	0	0	0	0	0	0	0	0	0	0	0	0	0	0	0	0	0	0	0	0	0	0	0	0	0	0	0	0	0	0	0	0	0	0	0
Mycoplasma_mycoides	0	0	0	0	0	0	0	0	0	0	0	0	0	0	0	0	0	0	0	0	0	0	0	0	0	0	0	0	0	0	0	0	0	0	0	0	0	0	0	0	0
Mycoplasma_ovipneumoniae	0	0	0	0	0	0	0	0	0	0	0	0	0	0	0	0	0	0	0	0	0	0	0	0	0	0	0	0	0	0	0	0	0	0	0	0	0	0	0	0	0
Mycoplasma_pneumoniae	0	0	0	0	0	0	0	0	0	0	0	0	0	0	0	0	0	0	0	0	0	0	0	0	0	0	0	0	0	0	0	0	0	0	0	0	0	0	0	0	0
Neisseria_elongata	0	0	0	0	0	0	0	0	0	0	0	0	0	0	0	0	0	0	0	0	0	0	0	0	0	0	0	0	0	0	0	0	0	0	0	0	0	0	0	0	0
Neisseria_elongata_subsp._glycolytica	0	0	0	0	0	0	0	0	0	0	0	0	0	0	0	0	0	0	0	0	0.0	0.0	0.0	0.0	0.0	0.0	0.0	0.0	0.0	0.0	0.0	0.0	0.0	0.0	0.0	0.0	0.0	0.0	0.0	0.0	1
Neisseria_gonorrhoeae	0	0	0	0	0	0	0	0	0	0	0	0	0	0	0	0	0	0.875	0	0	0.0	0.0	0.0	0.0	0.0	0.0	0.0	0.0	0.0	0.0	0.011363636363636364	0.0	0.0	0.0	0.0	0.0	0.0	0.07954545454545454	0.0	0.0	8
Neisseria_gonorrhoeae_NG-k51.05	0	0	0	0	0	0	0	0	0	0	0	0	0	0	0	0	0	0	0	0	0.0	0.0	0.0	0.0	0.0	0.09090909090909091	0.0	0.0	0.0	0.0	0.0	0.010101010101010102	0.0	0.08080808080808081	0.08080808080808081	0.0	0.0	0.010101010101010102	0.0	0.08080808080808081	9
Neisseria_meningitidis	0.8571428571428571	0	1.0	0	0	0	0	0	0	0	0	0	0	0	0	0.5714285714285714	0	0.6	0	0.3333333333333333	0.03977272727272727	0.017045454545454544	0.045454545454545456	0.0	0.0	0.0	0.0	0.022727272727272728	0.022727272727272728	0.022727272727272728	0.0	0.0	0.0	0.017045454545454544	0.017045454545454544	0.028409090909090908	0.005681818181818182	0.03409090909090909	0.0	0.011363636363636364	16
Neisseria_mucosa	0	0	0	0	0	0	0	0	0	0	0	0	0	0	0	0	0	0	0	0	0.0	0.0	0.045454545454545456	0.0	0.0	0.0	0.0	0.0	0.0	0.0	0.045454545454545456	0.0	0.0	0.0	0.0	0.0	0.0	0.0	0.0	0.0	2
Neisseria_sicca	1.0	0	0	0	0	0	0	0	0	0	0	0	0	0	0	0	0	0	1.0	1.0	0.06060606060606061	0.0	0.0	0.0	0.0	0.0	0.030303030303030304	0.0	0.030303030303030304	0.0	0.0	0.0	0.030303030303030304	0.0	0.0	0.030303030303030304	0.0	0.0	0.030303030303030304	0.030303030303030304	3
Neisseria_subflava	0	0	0	0	0	0	0	0	0	0	0	0	0	0	0	0	0	0	0	0	0.0	0.09090909090909091	0.0	0.09090909090909091	0.0	0.0	0.09090909090909091	0.0	0.0	0.0	0.0	0.0	0.0	0.0	0.0	0.0	0.0	0.0	0.0	0.0	1
Neisseria_weaveri	0	0	0	0	0	0	0	0	0	0	0	0	0	0	0	0	0	0	0	0	0.0	0.0	0.0	0.0	0.0	0.0	0.0	0.0	0.0	0.06060606060606061	0.0	0.0	0.0	0.0	0.0	0.0	0.0	0.06060606060606061	0.0	0.0	3
Orthohepadnavirus	0	0	0	0	0	0	0	0	0	0	0	0	0	0	0	0	0	0	0	0	0	0	0	0	0	0	0	0	0	0	0	0	0	0	0	0	0	0	0	0	0
Orthopoxvirus	0	0	0	0	0	0	0	0	0	0	0	0	0	0	0	0	0	0	0	0	0	0	0	0	0	0	0	0	0	0	0	0	0	0	0	0	0	0	0	0	0
Paraavulavirus	0	0	0	0	0	0	0	0	0	0	0	0	0	0	0	0	0	0	0	0	0	0	0	0	0	0	0	0	0	0	0	0	0	0	0	0	0	0	0	0	0
Parvimonas_micra	0	0	0	0	0	0	0	0	0	0	0	0	0	0	0	0	0	0	0	0	0	0	0	0	0	0	0	0	0	0	0	0	0	0	0	0	0	0	0	0	0
Pasteurella_multocida	0	0	0	0	0	0	0	0	0	1.0	0	0	0	0	0	0	0	0	0	0	0.0	0.0	0.09090909090909091	0.0	0.0	0.0	0.0	0.0	0.0	0.09090909090909091	0.0	0.0	0.0	0.0	0.006493506493506494	0.0	0.0	0.0	0.0	0.0	14
Pasteurella_multocida_subsp._multocida_str._Pm70	0	0	0	0	0	0	0	0	0	0	0	0	0	0	0	0	0	0	0	0	0.0	0.0	0.0	0.0	0.09090909090909091	0.0	0.0	0.0	0.0	0.0	0.09090909090909091	0.0	0.0	0.0	0.0	0.0	0.09090909090909091	0.0	0.0	0.09090909090909091	1
Peptostreptococcus_anaerobius	0	0	0	0	0	0	0	0	0	0	0	0	0	0	0	0	0	0	0	0	0	0	0	0	0	0	0	0	0	0	0	0	0	0	0	0	0	0	0	0	0
Polyomaviridae	0	0	0	0	0	0	0	0	0	0	0	0	0	0	0	0	0	0	0	0	0	0	0	0	0	0	0	0	0	0	0	0	0	0	0	0	0	0	0	0	0
Porphyromonas_gingivalis	0	1.0	0	0	0	0	0	0	0	0	0	0	0	0	0	0.8181818181818182	0	0	0	0	0.0	0.09090909090909091	0.08211143695014662	0.0	0.00879765395894428	0.0	0.0	0.0	0.0	0.0	0.0	0.005865102639296188	0.0	0.0	0.026392961876832845	0.026392961876832845	0.0	0.05571847507331378	0.005865102639296188	0.005865102639296188	31
Porphyromonas_gingivalis_ATCC_33277	0	0	0	0	0	0	0	0	0	0	0	0	0	0	0	0	0	0	0	0	0.0	0.0	0.0	0.0	0.0	0.0	0.0	0.0	0.0	0.0	0.0	0.0	0.0	0.0	0.0	0.0	0.045454545454545456	0.0	0.0	0.0	2
Porphyromonas_gingivalis_TDC60	0	0	0	0	0	0	0	0	0	0	0	0	1.0	0	0	0	0	1.0	0	0	0.0	0.0	0.0	0.0	0.0	0.0	0.0	0.0	0.0	0.0909090909090909	0.0	0.0	0.015151515151515152	0.0	0.07575757575757576	0.07575757575757576	0.07575757575757576	0.07575757575757576	0.0	0.0	6
Porphyromonas_gingivalis_W83	0	0	0	0	0	0	0	0	0	0	0	0	0	0	0	0	0	0	0	0	0	0	0	0	0	0	0	0	0	0	0	0	0	0	0	0	0	0	0	0	0
Rickettsia_africae	0	0	0	0	0	0	0	0	0	0	0	0	0	0	0	0	0	0	0	0	0	0	0	0	0	0	0	0	0	0	0	0	0	0	0	0	0	0	0	0	0
Rickettsia_akari	0	0	0	0	0	0	0	0	0	0	0	0	0	0	0	0	0	0	0	0	0	0	0	0	0	0	0	0	0	0	0	0	0	0	0	0	0	0	0	0	0
Rickettsia_conorii	0	0	0	0	0	0	0	0	0	0	0	0	0	0	0	0	0	0	0	0	0	0	0	0	0	0	0	0	0	0	0	0	0	0	0	0	0	0	0	0	0
Rickettsia_felis	0	0	0	0	0	0	0	0	0	0	0	0	0	0	0	0	0	0	0	0	0	0	0	0	0	0	0	0	0	0	0	0	0	0	0	0	0	0	0	0	0
Rickettsia_japonica	0	0	0	0	0	0	0	0	0	0	0	0	0	0	0	0	0	0	0	0	0	0	0	0	0	0	0	0	0	0	0	0	0	0	0	0	0	0	0	0	0
Rickettsia_prowazekii	0	0	0	0	0	0	0	0	0	0	0	0	0	0	0	0	0	0	0	0	0	0	0	0	0	0	0	0	0	0	0	0	0	0	0	0	0	0	0	0	0
Rickettsia_rickettsii	0	0	0	0	0	0	0	0	0	0	0	0	0	0	0	0	0	0	0	0	0	0	0	0	0	0	0	0	0	0	0	0	0	0	0	0	0	0	0	0	0
Rickettsia_sibirica	0	0	0	0	0	0	0	0	0	0	0	0	0	0	0	0	0	0	0	0	0	0	0	0	0	0	0	0	0	0	0	0	0	0	0	0	0	0	0	0	0
Rickettsia_typhi	0	0	0	0	0	0	0	0	0	0	0	0	0	0	0	0	0	0	0	0	0	0	0	0	0	0	0	0	0	0	0	0	0	0	0	0	0	0	0	0	0
Salmonella_enterica	1.0	0	0	1.0	0	0	0	0	0.009708737864077669	0	0	0	0	0	0	0.125	0.019801980198019802	0.006600660066006601	0	0	6.635700066357001E-4	0.023224950232249502	0.022119000221190004	0.0223401902234019	0.0013271400132714001	0.022119000221190004	0.022119000221190004	0.0	2.2119000221190003E-4	2.2119000221190003E-4	0.0	0.0	0.0	2.2119000221190003E-4	0.022119000221190004	2.2119000221190003E-4	4.4238000442380006E-4	0.0015483300154833	4.4238000442380006E-4	2.2119000221190003E-4	411
Salmonella_enterica_subsp._VII	0	0	0	0	0	0	0	0	0	0	0	0	0	0	0	0	0	0	0	0	0.0	0.0	0.0	0.0	0.0	0.0	0.0	0.0	0.0	0.0	0.0	0.0	0.0	0.0	0.0	0.0	0.0	0.0	0.0	0.0	1
Salmonella_enterica_subsp._arizonae	0	0	0	0	0	0	0	0	0	0	0	0	0	0	0	1.0	0	0	0	0	0.0	0.0	0.09090909090909091	0.0	0.09090909090909091	0.0	0.0	0.0	0.0	0.0	0.0	0.01818181818181818	0.0	0.01818181818181818	0.0	0.07272727272727272	0.0	0.0	0.0	0.0	5
Salmonella_enterica_subsp._enterica	0	0	0	0	0	0	0	0	0	0	0	0	0	0	0	0	0	0.8571428571428571	0	0	0.00202020202020202	0.0	0.03636363636363636	0.037037037037037035	0.0	6.734006734006734E-4	0.04983164983164983	0.0	0.012794612794612794	0.0	0.0	0.0	0.0	0.00202020202020202	6.734006734006734E-4	0.03636363636363636	0.00202020202020202	0.012121212121212121	0.037037037037037035	6.734006734006734E-4	135
Salmonella_enterica_subsp._enterica_serovar_Choleraesuis	0	0	1.0	0	0	0	0	0	0	0	0	0	0	0	0	0	0	0	0	0	0.0	0.09090909090909091	0.09090909090909091	0.0	0.0	0.0	0.09090909090909091	0.0	0.0	0.0	0.0	0.0	0.0	0.09090909090909091	0.09090909090909091	0.0	0.0	0.0	0.0	0.09090909090909091	1
Salmonella_enterica_subsp._enterica_serovar_Kentucky	0	0	0	0	0	0	0	0	0	0	0	0	0	0	0	0	0	0	0	0	0.09090909090909091	0.0	0.0	0.0	0.0	0.0	0.0	0.0	0.0	0.0	0.0	0.0	0.045454545454545456	0.0	0.0	0.045454545454545456	0.0	0.0	0.0	0.0	2
Salmonella_enterica_subsp._enterica_serovar_Sloterdijk_str._ATCC_15791	0	0	0	0	0	0	0	0	0	0	0	0	0	0	0	0	0	0	0	0	0.09090909090909091	0.0	0.09090909090909091	0.09090909090909091	0.0	0.0	0.0	0.0	0.0	0.0	0.0	0.0	0.0	0.0	0.09090909090909091	0.0	0.0	0.0	0.0	0.0	1
Salmonella_enterica_subsp._enterica_serovar_Typhi	0	0	0	0	0	0	0	0	0	0	0	0.2	0	0	0	0	0	0	0	0	0.0	0.0	0.0	0.0	0.0	0.0	0.0	0.0	0.0	0.0	0.01818181818181818	0.01818181818181818	0.0	0.0	0.0	0.0	0.0	0.0	0.0	0.0	5
Salmonella_enterica_subsp._enterica_serovar_Typhimurium	0	0	0	0	0	0	0	0	0	0	0	0	0	0	0	0	0	0	0	0	0	0	0	0	0	0	0	0	0	0	0	0	0	0	0	0	0	0	0	0	0
Salmonella_enterica_subsp._salamae_serovar_55:k:z39_str._1315K	0	0	0	0	0	0	0	0	0	0	0	0	0	0	0	0	0	0	0	0	0.0	0.0	0.0	0.0	0.0	0.0	0.0	0.0	0.0	0.0	0.0	0.0	0.0	0.0	0.0	0.0	0.0	0.0	0.0	0.0	1
Sheeppox_virus	0	0	0	0	0	0	0	0	0	0	0	0	0	0	0	0	0	0	0	0	0	0	0	0	0	0	0	0	0	0	0	0	0	0	0	0	0	0	0	0	0
Shigella_boydii	0	0	0	0	0	0	0	0	0	0	0	0	0	0	0	0	0	0	0	0	0	0	0	0	0	0	0	0	0	0	0	0	0	0	0	0	0	0	0	0	0
Shigella_dysenteriae	0	0	0	0	0	0	0	0	0	0	0	0	0	0	0	0	0	0	0	0	0	0	0	0	0	0	0	0	0	0	0	0	0	0	0	0	0	0	0	0	0
Shigella_flexneri	0	0	0	0	0	0	0	0	0	0	0	0	0	0	0	0	0	0	0	0	0	0	0	0	0	0	0	0	0	0	0	0	0	0	0	0	0	0	0	0	0
Shigella_sonnei	0	0	0	0	0	0	0	0	0	0	0	0	0	0	0	0	0	0	0	0	0	0	0	0	0	0	0	0	0	0	0	0	0	0	0	0	0	0	0	0	0
Simian_virus_12	0	0	0	0	0	0	0	0	0	0	0	0	0	0	0	0	0	0	0	0	0	0	0	0	0	0	0	0	0	0	0	0	0	0	0	0	0	0	0	0	0
Staphylococcus_aureus	0	0	0	0	0	0	0	0	0	1.0	0	0	1.0	0	0	0	0	0	0	0	0.0	0.0	0.0	0.0	0.0	0.0	0.0	0.0	0.0	0.0909090909090909	0.0	0.0	0.08905380333951762	0.0	0.0	0.0	0.0	0.0	0.0	0.0	49
Staphylococcus_cohnii	0	0	0	0	0	0	0	0	0	0	0	0	0	0	0	0	0	0	0	0	0	0	0	0	0	0	0	0	0	0	0	0	0	0	0	0	0	0	0	0	0
Staphylococcus_epidermidis	0	0	0	0	0	0	0	0	0	0	0	0	0	0	0	0	0	0	0	0	0	0	0	0	0	0	0	0	0	0	0	0	0	0	0	0	0	0	0	0	0
Staphylococcus_equorum	0	0	0	0	0	0	0	0	0	0	0	0	0	0	0	0	0	0	0	0	0.0	0.0	0.0	0.0	0.0	0.0	0.0	0.0	0.0	0.0	0.0	0.0	0.0	0.0	0.0	0.0	0.0	0.0	0.0	0.0	1
Staphylococcus_hominis	0	0	0	0	0	0	0	0	0	0	0	0	0	0	0	0	0	0	0	0	0	0	0	0	0	0	0	0	0	0	0	0	0	0	0	0	0	0	0	0	0
Staphylococcus_nepalensis	0	0	0	0	0	0	0	0	0	0	0	0	0	0	0	0	0	0	0	0	0	0	0	0	0	0	0	0	0	0	0	0	0	0	0	0	0	0	0	0	0
Staphylococcus_saprophyticus	0	0	0	0	0	0	0	0	0	0	0	0	0	0	0	0	0	0	0	0	0	0	0	0	0	0	0	0	0	0	0	0	0	0	0	0	0	0	0	0	0
Staphylococcus_simulans	0	0	0	0	0	0	0	0	0	0	0	0	0	0	0	0	0	0	0	0	0	0	0	0	0	0	0	0	0	0	0	0	0	0	0	0	0	0	0	0	0
Staphylococcus_succinus	0	0	0	0	0	0	0	0	0	0	0	0	0	0	0	0	0	0	0	0	0	0	0	0	0	0	0	0	0	0	0	0	0	0	0	0	0	0	0	0	0
Streptococcus_agalactiae	0	0	0	0	0	0	0	0	0	0	0	0	0	0	0	0	0	0	0	0	0.0	0.0	0.0	0.09090909090909091	0.0	0.0	0.0	0.0	0.0	0.0	0.045454545454545456	0.032467532467532464	0.08441558441558442	0.05844155844155845	0.0	0.0	0.025974025974025976	0.0	0.0	0.025974025974025976	14
Streptococcus_anginosus	0	0	0	0	0	0	0	0	0	0	0	0	0	0	0	0	0	0	0	0	0.09090909090909091	0.0	0.0	0.0	0.0	0.0	0.0	0.0	0.0	0.0	0.0	0.0	0.0	0.0	0.0	0.0	0.0	0.0	0.0	0.0	1
Streptococcus_canis	0	0	0	0	0	0	0	0	0	0	0	0	0	0	0	0	0	0	0	0	0	0	0	0	0	0	0	0	0	0	0	0	0	0	0	0	0	0	0	0	0
Streptococcus_cristatus	0	0	0	0	0	0	0	0	0	0	0	0	0	0	0	0	0	0	0	0	0	0	0	0	0	0	0	0	0	0	0	0	0	0	0	0	0	0	0	0	0
Streptococcus_cristatus_ATCC_51100	0	0	0	0	0	0	0	0	0	0	0	0	0	0	0	0	0	0	0	0	0.0	0.0	0.09090909090909091	0.0	0.0	0.0	0.0	0.0	0.0	0.0	0.0	0.09090909090909091	0.0	0.0	0.0	0.0	0.09090909090909091	0.0	0.09090909090909091	0.09090909090909091	1
Streptococcus_dysgalactiae	0	0	0	0	0	0	0	0	0	0	0	0	0	0	0	0	0	0	0	0	0	0	0	0	0	0	0	0	0	0	0	0	0	0	0	0	0	0	0	0	0
Streptococcus_equi	0	0	0	0	0	0	0	0	0	0	0	0	0	0	0	0	0	0	0	0	0	0	0	0	0	0	0	0	0	0	0	0	0	0	0	0	0	0	0	0	0
Streptococcus_equi_subsp._zooepidemicus	0	0	0	0	0	0	0	0	0	0	0	0	0	0	0	0	0	1.0	0	0	0.0	0.0	0.045454545454545456	0.0	0.0	0.0	0.0	0.0	0.0	0.0	0.0	0.0	0.0	0.0	0.0	0.0	0.0	0.045454545454545456	0.0	0.0	2
Streptococcus_gallolyticus	0	0	0	0	0	0	0	0	0	0	0	0	0	0	0	0	0	0	0	0	0	0	0	0	0	0	0	0	0	0	0	0	0	0	0	0	0	0	0	0	0
Streptococcus_gordonii	0	0	0	0	0	0	0	0	0	0	0	0	0	0	0	0	0	0	0	0	0.0	0.0	0.0	0.0	0.0	0.0	0.0	0.0	0.0	0.0	0.0	0.0	0.0	0.0	0.0	0.0	0.0	0.0	0.0	0.0	1
Streptococcus_gordonii_str._Challis_substr._CH1	0	0	0	0	0	0	0	0	0	0	0	0	0	0	0	0	0	0	0	0	0	0	0	0	0	0	0	0	0	0	0	0	0	0	0	0	0	0	0	0	0
Streptococcus_intermedius	0	0	0	0	0	0	0	0	0	0	0	0	0	0	0	0	0	0	0	0	0	0	0	0	0	0	0	0	0	0	0	0	0	0	0	0	0	0	0	0	0
Streptococcus_lutetiensis	0	0	0	0	0	0	0	0	0	0	0	0	0	0	0	0	0	0	0	0	0	0	0	0	0	0	0	0	0	0	0	0	0	0	0	0	0	0	0	0	0
Streptococcus_milleri	0	0	0	0	0	0	0	0	0	0	0	0	0	0	0	0	0	0	0	0	0	0	0	0	0	0	0	0	0	0	0	0	0	0	0	0	0	0	0	0	0
Streptococcus_mitis	0	0	0	0	0	0	0	0	0	0	0	0	0	0	0	0	0	0	0	0	0	0	0	0	0	0	0	0	0	0	0	0	0	0	0	0	0	0	0	0	0
Streptococcus_mutans	0	0	0	0	0	0	0	0	0	0	0	0	0	0	0	0	0	0	0	0	0	0	0	0	0	0	0	0	0	0	0	0	0	0	0	0	0	0	0	0	0
Streptococcus_oralis	0	0	0	0	0	0	0	0	0	0	0	0	0	0	0	0	0	0	0	0	0.0	0.0	0.09090909090909091	0.0	0.0	0.0	0.0	0.0	0.0	0.0	0.0	0.0	0.0	0.0	0.0	0.09090909090909091	0.0	0.0	0.0	0.0	1
Streptococcus_parauberis	0	0	0	0	0	0	0	0	0	0	0	0	0	0	0	0	0	0	0	0	0	0	0	0	0	0	0	0	0	0	0	0	0	0	0	0	0	0	0	0	0
Streptococcus_pneumoniae	0	0	0	0	0	0	0	0	0	0	0	0	0	0	0	0	0	0	0	0	0	0	0	0	0	0	0	0	0	0	0	0	0	0	0	0	0	0	0	0	0
Streptococcus_pyogenes	0	0	0	0	0	0	0	0	0	0	0	0	0	0	0	0	0	0	0	0	0	0	0	0	0	0	0	0	0	0	0	0	0	0	0	0	0	0	0	0	0
Streptococcus_salivarius	0	0	0	0	0	0	0	0	0	0	0	0	0	0	0	0	0	0	0	0	0	0	0	0	0	0	0	0	0	0	0	0	0	0	0	0	0	0	0	0	0
Streptococcus_sanguinis	0	0	0	0	0	0	0	0	0	0	0	0	0	0	0	0	0	0	0	0	0.0	0.09090909090909091	0.0	0.0	0.0	0.0	0.0	0.09090909090909091	0.09090909090909091	0.0	0.0	0.0	0.0	0.0	0.0	0.0	0.0	0.0	0.0	0.0	1
Streptococcus_sp._HSISM1	0	0	0	0	0	0	0	0	0	0	0	0	0	0	0	0	0	0	0	0	0	0	0	0	0	0	0	0	0	0	0	0	0	0	0	0	0	0	0	0	0
Streptococcus_suis	0	0	0	0	0	0	0	0	0	0	0	0	0	0	0	0	0	0	0	0	0	0	0	0	0	0	0	0	0	0	0	0	0	0	0	0	0	0	0	0	0
Streptococcus_thermophilus	0	0	0	0	0	0	0	0	0	0	0	0	0	0	0	0	0	0	0	0	0	0	0	0	0	0	0	0	0	0	0	0	0	0	0	0	0	0	0	0	0
Tannerella_forsythia	0	0	0	0	0	0	0	0	0	0	0	0	0	0	0	0	0	0	0	0	0	0	0	0	0	0	0	0	0	0	0	0	0	0	0	0	0	0	0	0	0
Tannerella_forsythia_92A2	0	0	0	0	0	0	0.5	0	0	0	0	0	0	0	0	0	0	0	0	0	0.0	0.0	0.0	0.0	0.0	0.0	0.045454545454545456	0.0	0.0	0.045454545454545456	0.045454545454545456	0.0	0.045454545454545456	0.0	0.0	0.0	0.045454545454545456	0.0	0.0	0.0	2
Treponema	0	0	0.5714285714285714	0	0	0	0	0	0	0.06666666666666667	0	0	0	0	0.16666666666666666	0	0.6	0	0	0	0.014354066985645932	0.004784688995215311	0.03827751196172249	0.0	0.0	0.0	0.0	0.0	0.0	0.004784688995215311	0.004784688995215311	0.023923444976076555	0.009569377990430622	0.0	0.03827751196172249	0.0	0.014354066985645932	0.05263157894736842	0.004784688995215311	0.0	19
Treponema_brennaborense_DSM_12168	1.0	0	0	0	0	0	0	0	0	0	0	0	0	0	0	0	0	0	0	0	0.045454545454545456	0.0	0.0	0.045454545454545456	0.0	0.0	0.0	0.0	0.0	0.0	0.0	0.045454545454545456	0.0	0.0	0.0	0.0	0.0	0.0	0.0	0.0	2
Treponema_caldarium_DSM_7334	0	0	0	0	0	0	0	0	0	0	0	0	0	0	0	0	0	0	0	0	0.0	0.045454545454545456	0.0	0.0	0.0	0.0	0.0	0.0	0.0	0.0	0.0	0.0	0.0	0.0	0.0	0.0	0.0	0.0	0.0	0.0	2
Treponema_denticola	0	0	0	0	0	0	0	0	0	0	0	0	0	0	0	0	0	0	0	0	0	0	0	0	0	0	0	0	0	0	0	0	0	0	0	0	0	0	0	0	0
Treponema_denticola_ATCC_35405	0	0	0	0	0	0	0	0	0	0	0	0	0	0	0	0	0	0	0	0	0	0	0	0	0	0	0	0	0	0	0	0	0	0	0	0	0	0	0	0	0
Treponema_pallidum	0	0	0	0	0	0	0	0	0	0	0	0	0	0	0	0	0	0	0	0	0	0	0	0	0	0	0	0	0	0	0	0	0	0	0	0	0	0	0	0	0
Treponema_pallidum_subsp._pallidum	0	0	0	0	0	0	0	0	0	0	0	0	0	0	0	0	0	0	0	0	0	0	0	0	0	0	0	0	0	0	0	0	0	0	0	0	0	0	0	0	0
Treponema_pallidum_subsp._pertenue	0	0	0	0	0	0	0	0	0	0	0	0	0	0	0	0	0	0	0	0	0	0	0	0	0	0	0	0	0	0	0	0	0	0	0	0	0	0	0	0	0
Treponema_phagedenis	0	0	0	0	0	0	0	0	0	0	0	0	0	0	0	0	0	0	0	0	0.0	0.0	0.09090909090909091	0.09090909090909091	0.0	0.09090909090909091	0.0	0.0	0.0	0.0	0.0	0.012987012987012988	0.0	0.0	0.07792207792207792	0.0	0.0	0.07792207792207792	0.0	0.0	7
Treponema_sp._OMZ_838	0	0	0	0	0	0	0	0	0	0	0	0	0	0	0	0	0	0	0	0	0.0	0.0	0.09090909090909091	0.0	0.0	0.0	0.0	0.0	0.0	0.0	0.0	0.0	0.0	0.0	0.0	0.0	0.0	0.0	0.0	0.0	1
Veillonella_parvula	0	0	0	0	0	0	0	0	0	0	0	0	0	0	0	0	0	0	0	0	0	0	0	0	0	0	0	0	0	0	0	0	0	0	0	0	0	0	0	0	0
Veillonella_parvula_HSIVP1	0	0	0	0	0	0	0	0	0	0	0	0	0	0	0	0	0	0	0	0	0.0	0.0	0.09090909090909091	0.0	0.0	0.0	0.0	0.0	0.0	0.0	0.0	0.0	0.0	0.0	0.0	0.0	0.0	0.0	0.0	0.0	5
Vesicular_stomatitis_Indiana_virus	0	0	0	0	0	0	0	0	0	0	0	0	0	0	0	0	0	0	0	0	0	0	0	0	0	0	0	0	0	0	0	0	0	0	0	0	0	0	0	0	0
Vibrio_anguillarum	0	0	0	0	0	0	0	0	0	0	0	0	0	0	0	0	0	0	0	0	0	0	0	0	0	0	0	0	0	0	0	0	0	0	0	0	0	0	0	0	0
Vibrio_cholerae	0	0	0	0	0	0	0	0	0	0	0	0	0	0	0	0	0	0	0	0	0.0	0.01818181818181818	0.0	0.0	0.05454545454545454	0.01818181818181818	0.0	0.01818181818181818	0.0	0.0	0.0	0.0	0.0	0.0	0.01818181818181818	0.01818181818181818	0.0	0.0	0.0	0.01818181818181818	5
Vibrio_furnissii	0	0	0	0	0	0	0	0	0	0	0	0	0	0	0	0	0	0	0	0	0.0	0.045454545454545456	0.0	0.0	0.0	0.045454545454545456	0.0	0.0	0.0	0.0	0.0	0.0	0.045454545454545456	0.0	0.0	0.0	0.0	0.0	0.0	0.0	2
Vibrio_furnissii_NCTC_11218	0	0	0	0	0	0	0	0	0	0	0	0	1.0	0	0	0	0	0	0	0.6428571428571429	0.0	0.0	0.0	0.0	0.0	0.05454545454545455	0.0	0.0	0.0	0.0	0.0	0.0	0.0303030303030303	0.0	0.0	0.0	0.0	0.0	0.0	0.05454545454545455	15
Vibrio_parahaemolyticus	0	0	0	0	0	0	0	0	0	0	0	0	0	0	0	0	0	0	0	0	0.0	0.0	0.0	0.0	0.0	0.0	0.002635046113306983	0.002635046113306983	0.07246376811594203	0.0013175230566534915	0.0013175230566534915	0.0013175230566534915	0.002635046113306983	0.0013175230566534915	0.0	0.0	0.0	0.0	0.005270092226613966	0.006587615283267457	69
Vibrio_parahaemolyticus_UCM-V493	0	0	0	0	0	0	0	0	0	0	0	0	0	0	0	0	0	0	0	0	0.0	0.0	0.0909090909090909	0.0	0.0	0.0	0.0	0.0	0.0	0.0	0.08936825885978428	0.0	0.0	0.0	0.0	0.0	0.0	0.0	0.0	0.0	59
Vibrio_splendidus	0	1.0	0	0	0	0	0	0	0	0	0	0	0	0	0	0	0	0	0	0	0.0	0.045454545454545456	0.0	0.0	0.0	0.0	0.0	0.0	0.0	0.0	0.0	0.0	0.0	0.0	0.0	0.045454545454545456	0.0	0.0	0.0	0.0	2
Vibrio_vulnificus	0	0	0	0	0	0	0	0	0	0	0	0	0	0	0	0	0	0	1.0	0	0.022727272727272728	0.005681818181818182	0.017045454545454544	0.017045454545454544	0.0	0.022727272727272728	0.005681818181818182	0.0	0.0	0.03409090909090909	0.0	0.005681818181818182	0.005681818181818182	0.0	0.0	0.0	0.005681818181818182	0.022727272727272728	0.011363636363636364	0.011363636363636364	16
Vibrio_vulnificus_Env1	0	0	1.0	0	0	0	0	0	0	0	0	0	0	0	0	0	0	0	0	0	0.0	0.0	0.0909090909090909	0.0	0.0	0.0	0.0	0.0	0.0	0.0	0.0	0.0	0.0	0.0	0.0	0.0	0.0	0.0	0.0	0.0	3
Yersinia_aldovae	0	0	0	0	0	0	0	0	0	0	0	0	0	0	0	0	0	0	0	0	0	0	0	0	0	0	0	0	0	0	0	0	0	0	0	0	0	0	0	0	0
Yersinia_aleksiciae	0	0	0	0	0	0	0	0	0	0	0	0	0	0	0	0	0	0	0	0	0	0	0	0	0	0	0	0	0	0	0	0	0	0	0	0	0	0	0	0	0
Yersinia_enterocolitica	0	0	0	0	0	0	0	0	0	0	0	0	0	0	0	0	0	0	0	0	0.0	0.09090909090909091	0.0	0.0	0.0	0.0	0.0	0.09090909090909091	0.0	0.0	0.0	0.0	0.0	0.0	0.0	0.0	0.0	0.0	0.0	0.0	1
Yersinia_intermedia	1.0	0	0	0	0	0	0	0	0	0	1.0	0	0	0	0	0	0.5	0	0	0	0.09090909090909091	0.0	0.045454545454545456	0.0	0.0	0.0	0.0	0.045454545454545456	0.0	0.0	0.045454545454545456	0.0	0.0	0.0	0.0	0.0	0.045454545454545456	0.09090909090909091	0.045454545454545456	0.0	2
Yersinia_pestis	0	0	0	0	0	0	0	0	0	0	0	0	0	0	0	1.0	0	0	0	0	0.0	0.0	0.09090909090909091	0.0	0.0	0.0	0.09090909090909091	0.0	0.0	0.0	0.0	0.0	0.0	0.0	0.012987012987012988	0.09090909090909091	0.0	0.0	0.07792207792207792	0.0	7
Yersinia_pestis_CO92	0	0	0	0	0	0	0	0	0	0	0	0	0	0	0	0	0	0	0	0	0	0	0	0	0	0	0	0	0	0	0	0	0	0	0	0	0	0	0	0	0
Yersinia_pseudotuberculosis	0	0	0	0	0	0	0	0	0	0	0	0	0	0	0	0	0	0	0	0	0	0	0	0	0	0	0	0	0	0	0	0	0	0	0	0	0	0	0	0	0
Yersinia_pseudotuberculosis_complex	0	0	0	0	0	0	0	0	0	1.0	0	0	0	0	0	0	1.0	0	0	0	0.0	0.0	0.05533596837944664	0.0	0.0	0.0	0.0	0.0	0.0	0.03162055335968379	0.0	0.0	0.05533596837944664	0.0	0.0	0.0	0.05533596837944664	0.003952569169960474	0.0	0.03162055335968379	23
Yersinia_rohdei	0	0	0	0	0	0	0	0	0	0	0	0	0	0	0	0	0	0	0	0	0	0	0	0	0	0	0	0	0	0	0	0	0	0	0	0	0	0	0	0	0
Yersinia_ruckeri	0	0	0	0	0	0	0	0	0	0	0	0	0	0	0	0	0	0	0	0	0.0	0.0	0.0	0.0	0.0	0.0	0.0	0.0	0.0	0.0	0.045454545454545456	0.045454545454545456	0.045454545454545456	0.045454545454545456	0.0	0.0	0.0	0.0	0.0	0.0	2
