Node	C>T_1	C>T_2	C>T_3	C>T_4	C>T_5	C>T_6	C>T_7	C>T_8	C>T_9	C>T_10	G>A_11	G>A_12	G>A_13	G>A_14	G>A_15	G>A_16	G>A_17	G>A_18	G>A_19	G>A_20	D>V(11Substitution)_1	D>V(11Substitution)_2	D>V(11Substitution)_3	D>V(11Substitution)_4	D>V(11Substitution)_5	D>V(11Substitution)_6	D>V(11Substitution)_7	D>V(11Substitution)_8	D>V(11Substitution)_9	D>V(11Substitution)_10	H>B(11Substitution)_11	H>B(11Substitution)_12	H>B(11Substitution)_13	H>B(11Substitution)_14	H>B(11Substitution)_15	H>B(11Substitution)_16	H>B(11Substitution)_17	H>B(11Substitution)_18	H>B(11Substitution)_19	H>B(11Substitution)_20	considered_Matches
Actinobacillus_equuli	0	0	0	0.125	0	0	0	0.4	0	0.375	0	0	0.2857142857142857	0	0	0.2	0.2	0	0	0.4444444444444444	0.008264462809917356	0.008264462809917356	0.012396694214876032	0.008264462809917356	0.008264462809917356	0.012396694214876032	0.008264462809917356	0.01652892561983471	0.004132231404958678	0.01652892561983471	0.008264462809917356	0.012396694214876032	0.01652892561983471	0.008264462809917356	0.004132231404958678	0.008264462809917356	0.012396694214876032	0.0	0.008264462809917356	0.02066115702479339	22
Actinobacillus_pleuropneumoniae	0.1935483870967742	0	0	0	0.07692307692307693	0	0	0	0.08108108108108109	0	0	0	0	0	0	0	0	0.3055555555555556	0.11764705882352941	0.16666666666666666	0.00707070707070707	0.026262626262626265	0.025252525252525256	0.00505050505050505	0.00202020202020202	0.0	0.0	0.0	0.00303030303030303	0.00505050505050505	0.011111111111111112	0.00404040404040404	0.00404040404040404	0.00101010101010101	0.01515151515151515	0.01212121212121212	0.00303030303030303	0.03232323232323232	0.0101010101010101	0.013131313131313133	90
Actinobacillus_pleuropneumoniae_serovar_4_str._M62	1.0	0	0	0	0	0	0	0	0	0	0	0	0	0	0	0	0	0	0	0.23809523809523808	0.05278592375366569	0.03225806451612903	0.0	0.0469208211143695	0.002932551319648094	0.0	0.0469208211143695	0.0	0.0469208211143695	0.0469208211143695	0.01759530791788856	0.0	0.0	0.0	0.0	0.01759530791788856	0.002932551319648094	0.0	0.01759530791788856	0.03225806451612903	31
Actinobacillus_pleuropneumoniae_serovar_6_str._Femo	0.5	0	0.75	0	0	0	0	0	0	0	0	0	0.3333333333333333	0	0	0	0	0	0	0	0.017045454545454544	0.011363636363636364	0.05113636363636364	0.028409090909090908	0.011363636363636364	0.03409090909090909	0.011363636363636364	0.0	0.0	0.0	0.045454545454545456	0.011363636363636364	0.017045454545454544	0.011363636363636364	0.005681818181818182	0.005681818181818182	0.03409090909090909	0.0	0.005681818181818182	0.0	16
Actinobacillus_pleuropneumoniae_serovar_9_str._CVJ13261	0	0	0	0	0	0.3333333333333333	0	0	0	0	0.3333333333333333	0.3333333333333333	0	0	0	0	0	0	0.75	0.75	0.0	0.0	0.025974025974025976	0.0	0.006493506493506494	0.006493506493506494	0.0	0.01948051948051948	0.006493506493506494	0.0	0.045454545454545456	0.006493506493506494	0.0	0.01948051948051948	0.025974025974025976	0.0	0.0	0.0	0.025974025974025976	0.06493506493506493	14
African_swine_fever_virus	0	0	0	0	0	0	0	0	0	0	0	0	0	0	0	0	0	0	0	0	0	0	0	0	0	0	0	0	0	0	0	0	0	0	0	0	0	0	0	0	0
Aphthovirus	0	0	0	0	0	0	0	0	0	0	0	0	0	0	0	0	0	0	0	0	0	0	0	0	0	0	0	0	0	0	0	0	0	0	0	0	0	0	0	0	0
Arcanobacterium_haemolyticum	0	0	0	0	0	0	0	0	0	0	0	0	0	0	0	0	0	0	0	0	0	0	0	0	0	0	0	0	0	0	0	0	0	0	0	0	0	0	0	0	0
Aspergillus_fumigatus	0	0	0	0	0	0	0	0	0	0	0	0	0	0	0	0	0	0	0	0	0	0	0	0	0	0	0	0	0	0	0	0	0	0	0	0	0	0	0	0	0
Bartonella_bacilliformis	0	0	0	0	0	0	0	0	0	0	0	0	0	0	0	0	0	0	0	0	0	0	0	0	0	0	0	0	0	0	0	0	0	0	0	0	0	0	0	0	0
Bartonella_henselae	0	0	0	0	0	0	0	0	0	0	0	0	0	0	0	0	0	0	0	0	0	0	0	0	0	0	0	0	0	0	0	0	0	0	0	0	0	0	0	0	0
Bartonella_quintana	0	0	0	0	0	0	0	0	0	0	0	0	0	0	0	0	0	0	0	0	0	0	0	0	0	0	0	0	0	0	0	0	0	0	0	0	0	0	0	0	0
Blastomyces_dermatitidis	0	0	0	0	0	0	0	0	0	0	0	0	0	0	0	0	0	0	0	0	0	0	0	0	0	0	0	0	0	0	0	0	0	0	0	0	0	0	0	0	0
Bordetella_bronchialis	0.5	0.25	0	0	0	0	0	0.5	0	0	0	0	0	0	0	0	0	0	0	0	0.03896103896103896	0.012987012987012988	0.0	0.012987012987012988	0.0	0.0	0.0	0.012987012987012988	0.03896103896103896	0.012987012987012988	0.0	0.0	0.012987012987012988	0.0	0.012987012987012988	0.0	0.0	0.0	0.025974025974025976	0.025974025974025976	7
Bordetella_bronchiseptica	0	0	0.5714285714285714	0	0	0.3333333333333333	0	0	0	0	0	0	0.2	0	0	0	0.14285714285714285	0	0	0	0.012121212121212121	0.012121212121212121	0.0303030303030303	0.0	0.006060606060606061	0.006060606060606061	0.0	0.0	0.0	0.0	0.04242424242424243	0.0	0.006060606060606061	0.0303030303030303	0.024242424242424242	0.024242424242424242	0.024242424242424242	0.01818181818181818	0.0	0.01818181818181818	15
Bordetella_genomosp._13	0.3333333333333333	0	0.2	0	0	0	0	0	0	0	0	0	0	0	0	0	0	0	0	0.2857142857142857	0.01948051948051948	0.025974025974025976	0.012987012987012988	0.0	0.01948051948051948	0.0	0.006493506493506494	0.0	0.006493506493506494	0.0	0.0	0.01948051948051948	0.0	0.0	0.006493506493506494	0.0	0.006493506493506494	0.006493506493506494	0.025974025974025976	0.012987012987012988	14
Bordetella_pertussis	0	0	0	0	0	0	0	0	0	0	0	0	0	0	0.25	0	0	0	0	0	0.02356902356902357	0.02693602693602694	0.0	0.0	0.0	0.0	0.0101010101010101	0.0	0.05387205387205388	0.0	0.02356902356902357	0.0	0.0101010101010101	0.0	0.0033670033670033673	0.0	0.0101010101010101	0.02356902356902357	0.0	0.0	27
Bordetella_pertussis_137	0	0	1.0	0	0	0	0	0	0	0	0	0	0	0	0	0	0	0	0	0	0.0	0.09090909090909091	0.09090909090909091	0.0	0.0	0.09090909090909091	0.0	0.0	0.0	0.0	0.0	0.0	0.0	0.0	0.0	0.0	0.0	0.0	0.0	0.0	17
Bordetella_petrii	0.4444444444444444	0.1111111111111111	0.2	0.2857142857142857	0	0	0	0.16666666666666666	0	0.125	0	0	0.1111111111111111	0	0	0	0.25	0	0	0.3333333333333333	0.019762845849802372	0.015810276679841896	0.011857707509881422	0.007905138339920948	0.003952569169960474	0.0	0.011857707509881422	0.007905138339920948	0.003952569169960474	0.007905138339920948	0.003952569169960474	0.003952569169960474	0.003952569169960474	0.003952569169960474	0.003952569169960474	0.0	0.011857707509881422	0.003952569169960474	0.003952569169960474	0.019762845849802372	23
Bordetella_trematum	0	0	0	0	0	0	0.2857142857142857	0	0	1.0	0	0	0	0	0	0	0	0	0	0	0.0	0.03636363636363636	0.0	0.0	0.0	0.03636363636363636	0.01818181818181818	0.0	0.00909090909090909	0.01818181818181818	0.0	0.0	0.0	0.0	0.0	0.01818181818181818	0.0	0.03636363636363636	0.02727272727272727	0.0	10
Borrelia_crocidurae	0	0	0	0	0	0	0	0	0	0	0	0	0	0	0	0	0	0	0	0	0	0	0	0	0	0	0	0	0	0	0	0	0	0	0	0	0	0	0	0	0
Borrelia_recurrentis	0	0	0	0	0	0	0	0	0	0	0	0	0	0	0	0	0	0	0	0	0	0	0	0	0	0	0	0	0	0	0	0	0	0	0	0	0	0	0	0	0
Borreliella_afzelii	0	0	0	0	0	0	0	0	0	0	0	0	0	0	0	0	0	0	0	0	0	0	0	0	0	0	0	0	0	0	0	0	0	0	0	0	0	0	0	0	0
Borreliella_burgdorferi	0	0	0	0	0	0	0	0	0	0	0	0	0	0	0	0	0	0	0	0	0	0	0	0	0	0	0	0	0	0	0	0	0	0	0	0	0	0	0	0	0
Borreliella_garinii	0	0	0	0	0	0	0	0	0	0	0	0	0	0	0	0	0	0	0	0	0	0	0	0	0	0	0	0	0	0	0	0	0	0	0	0	0	0	0	0	0
Bovine_rhinitis_A_virus	0	0	0	0	0	0	0	0	0	0	0	0	0	0	0	0	0	0	0	0	0	0	0	0	0	0	0	0	0	0	0	0	0	0	0	0	0	0	0	0	0
Brucella_abortus	0	0	0	0	0	0	0	0	0	0	0	0	0	0	0	0	0	0	0	0	0.0	0.0	0.09090909090909091	0.0	0.0	0.0	0.0	0.0	0.0	0.0	0.0	0.0	0.0	0.0	0.045454545454545456	0.0	0.045454545454545456	0.0	0.0	0.0	2
Brucella_canis	0	0	0	0	0	0	0	0	0	0	0	0	0	0	0	0	0	0	0	0	0	0	0	0	0	0	0	0	0	0	0	0	0	0	0	0	0	0	0	0	0
Brucella_melitensis	0	0	0	0	0	0	0	0	0	0	0	0	0	0	0	0	0	0	0	0	0	0	0	0	0	0	0	0	0	0	0	0	0	0	0	0	0	0	0	0	0
Brucella_microti	0	0	0	0	0	0	0	0	0	0	0	0	0	0	0	0	0	0	0	0	0	0	0	0	0	0	0	0	0	0	0	0	0	0	0	0	0	0	0	0	0
Brucella_ovis	0	0	0	0	0	0	0	0	0	0	0	0	0	0	0	0	0	0	0	0	0	0	0	0	0	0	0	0	0	0	0	0	0	0	0	0	0	0	0	0	0
Brucella_suis	0	0	0	0	0	0	0	0	0	0	0	0	0	0	0	0	0	0	0	0	0	0	0	0	0	0	0	0	0	0	0	0	0	0	0	0	0	0	0	0	0
Burkholderia_cepacia	0	0.25	0	0	0	1.0	0	0	0	0	0	0	0	0	0	0	0	0	0.5	0.25	0.0	0.024793388429752063	0.01652892561983471	0.0	0.0	0.03305785123966942	0.008264462809917356	0.008264462809917356	0.008264462809917356	0.0	0.008264462809917356	0.008264462809917356	0.008264462809917356	0.008264462809917356	0.0	0.0	0.008264462809917356	0.0	0.01652892561983471	0.03305785123966942	11
Burkholderia_cepacia_ATCC_25416	0	0	0	0	0	0	0	0	0	0	0	0	0	0	0	0	0	0	0	0	0.0	0.0	0.0	0.0	0.0	0.0	0.09090909090909091	0.0	0.0	0.0	0.0	0.0	0.0	0.0	0.0	0.09090909090909091	0.0	0.0	0.0	0.0	1
Burkholderia_cepacia_JBK9	0	0	0	0	0	0.5	0	0	0	0	0	0	0	0	0	0	0.3333333333333333	0	0	0.25	0.0	0.015151515151515152	0.015151515151515152	0.0	0.030303030303030304	0.030303030303030304	0.0	0.0	0.0	0.0	0.0	0.0	0.0	0.0	0.0	0.0	0.015151515151515152	0.0	0.0	0.015151515151515152	6
Burkholderia_gladioli	0	0	0	0	0	0	0	0	0	0	0	0	0	0	0	0	0	0	0	0	0.022222222222222223	0.026262626262626265	0.03434343434343434	0.01616161616161616	0.026262626262626265	0.00202020202020202	0.00202020202020202	0.04242424242424243	0.0	0.0	0.0	0.0	0.00808080808080808	0.0	0.01616161616161616	0.01616161616161616	0.01616161616161616	0.0	0.0101010101010101	0.0303030303030303	45
Burkholderia_gladioli_BSR3	0	0	0	0	0	0	0	0	0	0	0	0	0	0	0	0	0	0	0	0	0.0	0.06818181818181818	0.0	0.022727272727272728	0.0	0.0	0.0	0.022727272727272728	0.0	0.0	0.0	0.0	0.0	0.0	0.0	0.0	0.0	0.0	0.0	0.0	4
Burkholderia_gladioli_pv._gladioli	0.42857142857142855	0	0	0.26666666666666666	0	0.3333333333333333	0	0.35294117647058826	0	0	0	0	0	0.3333333333333333	0	0.13333333333333333	0	0	0	0	0.026392961876832845	0.01759530791788856	0.011730205278592375	0.011730205278592375	0.020527859237536656	0.03812316715542522	0.00879765395894428	0.026392961876832845	0.0	0.005865102639296188	0.005865102639296188	0.0	0.0	0.00879765395894428	0.002932551319648094	0.01759530791788856	0.011730205278592375	0.03519061583577712	0.0	0.029325513196480937	31
Burkholderia_mallei	0	0	0	0	0	0	1.0	0	0	0	0	0	0	0	0	0	0	0	0	0	0.0	0.0	0.0	0.09090909090909091	0.0	0.0	0.09090909090909091	0.0	0.0	0.0	0.0	0.0	0.0	0.0	0.0	0.0	0.0	0.0	0.045454545454545456	0.0	2
Burkholderia_mallei_NCTC_10229	0	0	0	0	0	0	0	0	0	0	0	0	0	0	0	0	0	0	0	0	0.0	0.0	0.0	0.0	0.0	0.0	0.0	0.0	0.0	0.0	0.0	0.0	0.07954545454545454	0.0	0.0	0.0	0.0	0.0	0.07954545454545454	0.0	8
Burkholderia_multivorans	0	0	0.5789473684210527	0	0.125	0	0	0.07692307692307693	0	0	0	0.15384615384615385	0.05555555555555555	0	0	0	0	0.5	0.14285714285714285	0.125	0.005347593582887701	0.0066844919786096255	0.0320855614973262	0.0	0.02807486631016043	0.029411764705882353	0.0013368983957219253	0.0066844919786096255	0.0026737967914438505	0.00802139037433155	0.0	0.014705882352941176	0.0066844919786096255	0.03342245989304813	0.009358288770053475	0.0013368983957219253	0.005347593582887701	0.012032085561497327	0.045454545454545456	0.03609625668449198	68
Burkholderia_multivorans_ATCC_17616	0	0	0	1.0	0	0	0	0	0	0	0	0	0	0	0	0	0	0	0	0	0.0	0.0	0.0	0.0909090909090909	0.0	0.0	0.0	0.0	0.0	0.0	0.0	0.0	0.0	0.0	0.0	0.0	0.0	0.0	0.0	0.0	6
Burkholderia_multivorans_ATCC_BAA-247	0	0	0	0	0	0	0	0	0	0	0.4	0	0	0	0	0	0	0	0	0	0.022727272727272728	0.005681818181818182	0.0	0.005681818181818182	0.0	0.005681818181818182	0.0	0.0	0.0	0.0	0.022727272727272728	0.022727272727272728	0.022727272727272728	0.005681818181818182	0.0	0.017045454545454544	0.011363636363636364	0.017045454545454544	0.005681818181818182	0.0	16
Burkholderia_pseudomallei	0	0	0	0	0	0	0	0	0	0	0.05	0	0	0	0	0	0.07692307692307693	0	0	0	0.01567398119122257	0.012539184952978056	0.02664576802507837	0.012539184952978056	0.0047021943573667705	0.001567398119122257	0.001567398119122257	0.045454545454545456	0.003134796238244514	0.04702194357366771	0.01567398119122257	0.0	0.0	0.001567398119122257	0.001567398119122257	0.0	0.001567398119122257	0.0	0.009404388714733541	0.0047021943573667705	58
Burkholderia_pseudomallei_MSHR1153	0	0	0	0	0	0	0	0	0	0	0	0	0	0	0	0	0	0	0	0	0.0	0.0	0.0	0.0	0.0	0.0	0.0	0.0	0.0	0.0	0.0	0.0	0.0	0.0	0.0	0.0	0.0	0.0	0.0	0.0	1
Burkholderia_pseudomallei_MSHR2543	0	0	0	0	0	0	1.0	0	0	0	0	0	0	0	0	0	0	0	0	0	0.0	0.0	0.0	0.09090909090909091	0.0	0.0	0.09090909090909091	0.0	0.0	0.09090909090909091	0.0	0.0	0.0	0.0	0.0	0.0	0.0	0.09090909090909091	0.0	0.0	1
Burkholderia_pseudomallei_MSHR346	0	0	0	0	0	0	0	0	0	0	0	0	0	0	0	0	0	0	0	0	0.0	0.09090909090909091	0.0	0.0	0.0	0.0	0.0	0.0	0.09090909090909091	0.0	0.0	0.0	0.0	0.0	0.0	0.012987012987012988	0.0	0.0	0.0	0.0	7
Burkholderia_pseudomallei_MSHR435	0	0	0	0	0	0	0	0	0	0	0	0	0	0	0	0	0	0	0	0	0.0	0.0	0.0	0.0	0.0	0.0	0.0	0.0	0.0	0.0	0.0	0.09090909090909091	0.0	0.0	0.0	0.0	0.0	0.0	0.0	0.09090909090909091	1
Burkholderia_pseudomallei_NCTC_13179	0	0	0	0	0	0	0	0	0	0	0	0	0	0	0	0	1.0	0	0	0	0.0	0.0	0.0	0.0	0.0	0.0	0.0	0.0	0.0	0.0	0.0	0.0	0.0	0.0	0.0	0.0	0.06818181818181818	0.0	0.0	0.0	4
Campylobacter_coli	0	0	0	0	0	0	0	0	0	0	0	0	0	0	0	0	0	0	0	0	0	0	0	0	0	0	0	0	0	0	0	0	0	0	0	0	0	0	0	0	0
Campylobacter_fetus	0	0	0	0	0	0	0	0	0	0	0	0	0	0	0	0	0	0	0	0	0	0	0	0	0	0	0	0	0	0	0	0	0	0	0	0	0	0	0	0	0
Campylobacter_gracilis	0	0	0	0	0	0	0	0	0	0	0	0	0	0	0	0	0	0	0	0	0.0	0.0	0.0	0.0	0.0	0.0	0.09090909090909091	0.0	0.0	0.0	0.0	0.0	0.0	0.0	0.0	0.0	0.0	0.0	0.09090909090909091	0.09090909090909091	1
Campylobacter_showae	0	0	0	0	0	0	0	0	0	0	0	0	0	0	0	0	0	0	0	0	0	0	0	0	0	0	0	0	0	0	0	0	0	0	0	0	0	0	0	0	0
Canine_morbillivirus	0	0	0	0	0	0	0	0	0	0	0	0	0	0	0	0	0	0	0	0	0	0	0	0	0	0	0	0	0	0	0	0	0	0	0	0	0	0	0	0	0
Chlamydia_abortus	0	0	0	0	0	0	0	0	0	0	0	0	0	0	0	0	0	0	0	0	0	0	0	0	0	0	0	0	0	0	0	0	0	0	0	0	0	0	0	0	0
Chlamydia_caviae	0	0	0	0	0	0	0	0	0	0	0	0	0	0	0	0	0	0	0	0	0	0	0	0	0	0	0	0	0	0	0	0	0	0	0	0	0	0	0	0	0
Chlamydia_felis	0	0	0	0	0	0	0	0	0	0	0	0	0	0	0	0	0	0	0	0	0	0	0	0	0	0	0	0	0	0	0	0	0	0	0	0	0	0	0	0	0
Chlamydia_muridarum	0	0	0	0	0	0	0	0	0	0	0	0	0	0	0	0	0	0	0	0	0	0	0	0	0	0	0	0	0	0	0	0	0	0	0	0	0	0	0	0	0
Chlamydia_pecorum	0	0	0	0	0	0	0	0	0	0	0	0	0	0	0	0	0	0	0	0	0	0	0	0	0	0	0	0	0	0	0	0	0	0	0	0	0	0	0	0	0
Chlamydia_pneumoniae	0	0	0	0	0	0	0	0	0	0	0	0	0	0	0	0	0	0	0	0	0	0	0	0	0	0	0	0	0	0	0	0	0	0	0	0	0	0	0	0	0
Chlamydia_pneumoniae_AR39	0	0	0	0	0	1.0	0	0	0.5	0	0	0	0	0	0	1.0	0	0	0	0	0.045454545454545456	0.0	0.045454545454545456	0.0	0.0	0.09090909090909091	0.0	0.0	0.045454545454545456	0.0	0.0	0.045454545454545456	0.0	0.0	0.045454545454545456	0.09090909090909091	0.0	0.0	0.0	0.0	2
Chlamydia_psittaci	0	0	0	0	0	0	0	0	0	0	0	0	0	0	0	0	0	0	0	0	0	0	0	0	0	0	0	0	0	0	0	0	0	0	0	0	0	0	0	0	0
Chlamydia_suis	0	0	0	0	0	0	0	0	0	0	0	0	0	0	0	0	0	0	0	0	0	0	0	0	0	0	0	0	0	0	0	0	0	0	0	0	0	0	0	0	0
Chlamydia_trachomatis	0	0	0	0	0	0	0	0	0	0	0	0	0	0	0	0	0	0	0	0	0	0	0	0	0	0	0	0	0	0	0	0	0	0	0	0	0	0	0	0	0
Corynebacterium_ammoniagenes	0	0	0	0	0	0	0	0	0	0	0	0	0	0	0	0	0	0	0	0	0	0	0	0	0	0	0	0	0	0	0	0	0	0	0	0	0	0	0	0	0
Corynebacterium_amycolatum	0	0	0	0	0	0	0	0	0	0	0	0	0	0	0	0	0	0	0	0	0.09090909090909091	0.0	0.0	0.0	0.0	0.0	0.0	0.0	0.0	0.09090909090909091	0.0	0.0	0.0	0.0	0.0	0.0	0.0	0.0	0.0	0.0	1
Corynebacterium_bovis	0.14285714285714285	0.25	0.16666666666666666	0	0.14285714285714285	0	0	0	0	0	0	0	0	0	0	0.14285714285714285	0	0	0	0.5	0.010101010101010102	0.025252525252525252	0.01515151515151515	0.005050505050505051	0.020202020202020204	0.005050505050505051	0.010101010101010102	0.010101010101010102	0.020202020202020204	0.005050505050505051	0.01515151515151515	0.005050505050505051	0.005050505050505051	0.0	0.01515151515151515	0.010101010101010102	0.0	0.0	0.010101010101010102	0.025252525252525252	18
Corynebacterium_crudilactis	0	0	0	0	0	0	0	0	0	0	0	0	0	0	0	0	0	0	0	0	0	0	0	0	0	0	0	0	0	0	0	0	0	0	0	0	0	0	0	0	0
Corynebacterium_diphtheriae	0	0	0	0	0	0	0	0	0	0	0	0	0	1.0	0	0	0	0	1.0	0	0.06818181818181818	0.06818181818181818	0.011363636363636364	0.0	0.06818181818181818	0.0	0.0	0.0	0.0	0.0	0.07954545454545454	0.0	0.0	0.011363636363636364	0.056818181818181816	0.0	0.06818181818181818	0.011363636363636364	0.011363636363636364	0.0	8
Corynebacterium_diphtheriae_HC03	0	1.0	0	0	0	0	0	0	0	0	1.0	0	0	0	0	0	0	0	0	0	0.0	0.09090909090909091	0.0	0.0	0.09090909090909091	0.0	0.0	0.0	0.0	0.0	0.06818181818181818	0.0	0.0	0.0	0.0	0.0	0.022727272727272728	0.06818181818181818	0.0	0.0	4
Corynebacterium_diphtheriae_NCTC_13129	0	0	0	0	0	0	1.0	0	0	0	0	0	0	0	0	0	0	0	0	0	0.0	0.0	0.0	0.0	0.0	0.0	0.022727272727272728	0.0	0.0	0.0	0.0	0.0	0.0	0.0	0.0	0.0	0.0	0.0	0.0	0.0	4
Corynebacterium_jeikeium	0	0	0	0	0	0	0	0	0	0	0	0	0	0	0	0	0	0	1.0	0	0.03636363636363636	0.0	0.01818181818181818	0.01818181818181818	0.0	0.01818181818181818	0.01818181818181818	0.0	0.0	0.0	0.01818181818181818	0.01818181818181818	0.0	0.0	0.0	0.03636363636363636	0.0	0.0	0.03636363636363636	0.0	5
Corynebacterium_jeikeium_K411	0	0	0	0	0	0	0	0	0	0	0	0	0	0	0	0	0	0	0	0	0.0	0.022727272727272728	0.0	0.0	0.0	0.0	0.0	0.0	0.0	0.022727272727272728	0.0	0.0	0.0	0.0	0.0	0.022727272727272728	0.0	0.0	0.022727272727272728	0.0	4
Corynebacterium_kroppenstedtii	0	0	0	0	0	0	0	0	0	0	0	0	0	0	0	0	0	0	0	0	0.045454545454545456	0.0	0.045454545454545456	0.045454545454545456	0.0	0.045454545454545456	0.0	0.0	0.0	0.0	0.0	0.045454545454545456	0.0	0.0	0.0	0.045454545454545456	0.0	0.09090909090909091	0.0	0.0	2
Corynebacterium_kroppenstedtii_DSM_44385	0	0	0	0	0	0	0	0	0	0	0	0	0	0	0	0	0	0	0	0	0.0	0.0	0.0	0.0	0.01818181818181818	0.0	0.03636363636363636	0.0	0.0	0.0	0.0	0.0	0.0	0.03636363636363636	0.03636363636363636	0.0	0.03636363636363636	0.01818181818181818	0.0	0.01818181818181818	5
Corynebacterium_maris	0	0	0	0	0	0	0	0	0	0	0	0	0	0	0	0	0	0	0	0	0	0	0	0	0	0	0	0	0	0	0	0	0	0	0	0	0	0	0	0	0
Corynebacterium_maris_DSM_45190	0.16666666666666666	0.25	0.3333333333333333	0.16666666666666666	0	0	0.16666666666666666	0	0	0.25	0	0	0.25	0	0	0.3333333333333333	0	0	0.25	0.5	0.022727272727272724	0.022727272727272724	0.007575757575757576	0.022727272727272724	0.007575757575757576	0.007575757575757576	0.015151515151515152	0.007575757575757576	0.0	0.022727272727272724	0.007575757575757576	0.015151515151515152	0.015151515151515152	0.007575757575757576	0.007575757575757576	0.015151515151515152	0.0	0.007575757575757576	0.007575757575757576	0.022727272727272724	12
Corynebacterium_matruchotii	0	0	0	0	0	0	0	0	0	0	0	0	0	0	0	0	0	0	0	0	0.0	0.0	0.0	0.022727272727272728	0.0	0.022727272727272728	0.022727272727272728	0.0	0.022727272727272728	0.0	0.022727272727272728	0.0	0.022727272727272728	0.022727272727272728	0.0	0.022727272727272728	0.0	0.0	0.0	0.0	4
Corynebacterium_minutissimum	1.0	0	0	0	0	0	0	0	0	0	0	0	0	0	0	0	0	0	0	0	0.01818181818181818	0.0	0.0	0.0	0.0	0.0	0.0	0.0	0.0	0.0	0.0	0.0	0.0	0.03636363636363636	0.05454545454545454	0.0	0.0	0.0	0.0	0.0	5
Corynebacterium_pseudotuberculosis	0	0	0	0	0	0	0	0	0	0	0	0	0	0	0	0	0	0	0	1.0	0.0	0.0	0.0	0.0	0.0	0.0	0.0	0.0	0.0	0.0	0.0	0.0	0.0	0.0	0.0	0.0	0.0	0.0	0.0	0.09090909090909091	1
Corynebacterium_pseudotuberculosis_Cp162	0	0	0	0	0	0	0	0	0	0	0	0	0	0	0	0	0	0	0	0	0.0	0.0	0.0	0.0	0.0	0.0	0.0	0.0	0.0	0.0	0.0	0.030303030303030304	0.030303030303030304	0.030303030303030304	0.0	0.0	0.0	0.0	0.0	0.0	3
Corynebacterium_renale	0	0	0	0	0	0	0	0	0	0	0	0	0	0	0	0	0	0	0	0	0.0	0.0	0.0	0.0	0.0	0.0	0.0	0.0	0.0	0.0	0.0	0.0	0.0	0.0	0.045454545454545456	0.0	0.0	0.0	0.0	0.0	2
Corynebacterium_segmentosum	0	0	0	0	0	0	0	0	0	0	0	0	0	0	0	0	0	0	0	0	0.0	0.0	0.0	0.0	0.0	0.0	0.0	0.0	0.0	0.0	0.0	0.0	0.0	0.0	0.0	0.0	0.0	0.0	0.0	0.0	1
Corynebacterium_sphenisci	0	0	0	0	0	0	0	0	0	0	0	0	0	0	0	0	0	0	0	0	0	0	0	0	0	0	0	0	0	0	0	0	0	0	0	0	0	0	0	0	0
Corynebacterium_sphenisci_DSM_44792	0.2727272727272727	0.375	0	0	0	0	0.07692307692307693	0.14285714285714285	0	0	0	0	0.125	0.3333333333333333	0.1	0	0	0.14285714285714285	0.09090909090909091	0.1	0.01818181818181818	0.01515151515151515	0.006060606060606061	0.012121212121212121	0.01818181818181818	0.00909090909090909	0.00909090909090909	0.012121212121212121	0.00909090909090909	0.00909090909090909	0.0030303030303030303	0.006060606060606061	0.00909090909090909	0.01515151515151515	0.00909090909090909	0.0030303030303030303	0.0030303030303030303	0.006060606060606061	0.012121212121212121	0.01515151515151515	30
Corynebacterium_stationis	0	0	0	0	0	0	0	0	0	0	0	0	0	1.0	0	0	0	0	0	0	0.0	0.045454545454545456	0.0	0.0	0.0	0.0	0.045454545454545456	0.0	0.0	0.0	0.0	0.0	0.0	0.045454545454545456	0.0	0.0	0.0	0.0	0.045454545454545456	0.0	2
Corynebacterium_striatum	0	0	0	0	0	0	0	0	0	0	0	0	0	0	0	0	0	0	0	0	0.010101010101010102	0.0	0.010101010101010102	0.010101010101010102	0.050505050505050504	0.0	0.010101010101010102	0.04040404040404041	0.0	0.0	0.0	0.0	0.010101010101010102	0.0303030303030303	0.0	0.010101010101010102	0.0	0.0303030303030303	0.010101010101010102	0.020202020202020204	9
Corynebacterium_urealyticum	0.5	0	0	0	0	0	0	0	0	0	0	0	0	0	0	0	0	0.6666666666666666	0	0	0.030303030303030304	0.0	0.015151515151515152	0.0	0.0	0.0	0.015151515151515152	0.0	0.015151515151515152	0.0	0.015151515151515152	0.015151515151515152	0.015151515151515152	0.0	0.0	0.015151515151515152	0.0	0.030303030303030304	0.0	0.015151515151515152	6
Corynebacterium_ureicelerivorans	0	0	0	0	0	0	0	0	0	0	0	0	0	0	0	0	0	0	0	0	0.030303030303030304	0.0	0.030303030303030304	0.015151515151515152	0.0	0.0	0.0	0.0	0.015151515151515152	0.0	0.0	0.0	0.0	0.04545454545454545	0.015151515151515152	0.0	0.04545454545454545	0.0	0.0	0.015151515151515152	6
Corynebacterium_xerosis	0.5	0	0	0	0	0	0	0	0	0	0	0	0	0	0	0	0	0.3333333333333333	0	0	0.015151515151515152	0.015151515151515152	0.0	0.0	0.0	0.0	0.015151515151515152	0.0	0.0	0.0	0.0	0.0	0.0	0.015151515151515152	0.015151515151515152	0.015151515151515152	0.015151515151515152	0.015151515151515152	0.0	0.015151515151515152	6
Cowpox_virus	0	0	0	0	0	0	0	0	0	0	0	0	0	0	0	0	0	0	0	0	0	0	0	0	0	0	0	0	0	0	0	0	0	0	0	0	0	0	0	0	0
Coxiella_burnetii	0	0	0	0	0	0	0	0	0	0	0	0	0	0	0	0	0	0	0	0	0.0	0.0	0.0	0.0	0.0	0.0	0.0	0.0	0.0	0.0	0.0	0.0	0.0	0.0	0.0	0.0	0.0	0.0	0.0	0.0	3
Cryptosporidium	0	0	0	0	0	0	0	0	0	0	0	0	0	0	0	0	0	0	0	0	0	0	0	0	0	0	0	0	0	0	0	0	0	0	0	0	0	0	0	0	0
Cryptosporidium_parvum	0	0	0	0	0	0	0	0	0	0	0	0	0	0	0	0	0	0	0	0	0	0	0	0	0	0	0	0	0	0	0	0	0	0	0	0	0	0	0	0	0
Deltaretrovirus	0	0	0	0	0	0	0	0	0	0	0	0	0	0	0	0	0	0	0	0	0	0	0	0	0	0	0	0	0	0	0	0	0	0	0	0	0	0	0	0	0
Ehrlichia_canis	0	0	0	0	0	0	0	0	0	0	0	0	0	0	0	0	0	0	0	0	0	0	0	0	0	0	0	0	0	0	0	0	0	0	0	0	0	0	0	0	0
Enterococcus_avium	1.0	0	0	0	0	0	0	0	0	0	0	0	0	0	0	0	0	0	0	0	0.09090909090909091	0.0	0.0	0.0	0.0	0.0	0.09090909090909091	0.0	0.0	0.0	0.0	0.0	0.0	0.0	0.0	0.09090909090909091	0.0	0.0	0.0	0.0	1
Enterococcus_casseliflavus	1.0	0.5	0	0	0	0	0	0	0	0	0	0	0	0	0	0	1.0	0	0	1.0	0.06818181818181818	0.022727272727272728	0.0	0.0	0.0	0.0	0.022727272727272728	0.0	0.0	0.0	0.0	0.0	0.045454545454545456	0.0	0.0	0.0	0.045454545454545456	0.022727272727272728	0.0	0.022727272727272728	4
Enterococcus_cecorum	0	0	0	0	1.0	0	0	0	0	0	0	0	0	0	0	0	0	0	0	0	0.0	0.01818181818181818	0.0	0.0	0.07272727272727272	0.0	0.0	0.05454545454545454	0.0	0.01818181818181818	0.0	0.0	0.0	0.0	0.0	0.0	0.07272727272727272	0.0	0.0	0.05454545454545454	5
Enterococcus_durans	1.0	0	0	0	0	0	0	0	0	0	0	0	0	0	0	0	0	0	0	0	0.012987012987012988	0.012987012987012988	0.0	0.0	0.0	0.0	0.0	0.03896103896103896	0.012987012987012988	0.012987012987012988	0.0	0.0	0.0	0.012987012987012988	0.0	0.0	0.0	0.0	0.0	0.012987012987012988	7
Enterococcus_faecalis	1.0	0	0	0	0	0	0	0	0	0	0	0.8125	0	0	0	0	0	0.5	0	0	0.010101010101010102	0.0	0.010101010101010102	0.0	0.08080808080808081	0.0707070707070707	0.0707070707070707	0.0	0.0	0.0	0.0	0.06565656565656566	0.0	0.0	0.0	0.0	0.06565656565656566	0.010101010101010102	0.0	0.0	18
Enterococcus_faecalis_62	0	0	0	0	0	0	0	0	0	0	0	0	0	0	0	0	0	0	0	0	0.09090909090909091	0.09090909090909091	0.0	0.0	0.0	0.0	0.0	0.0	0.0	0.0	0.0	0.0	0.004132231404958678	0.0	0.0	0.0	0.0	0.0	0.0	0.0	22
Enterococcus_faecalis_D32	0	0	0	0	0	0	0	0	0	0	0	0	0	0	0	0	0	0	0	0	0.0	0.0	0.0	0.0	0.0	0.0	0.0	0.0	0.0	0.09090909090909091	0.0	0.0	0.0	0.0	0.0	0.08522727272727272	0.0	0.0	0.0	0.0	16
Enterococcus_faecalis_R712	0	0	0	0	0	0	0	0	0	0	0	0	0	0	0	0	0	0	0	1.0	0.0	0.0	0.0	0.0	0.0909090909090909	0.0	0.0	0.0	0.0	0.0	0.08484848484848485	0.0	0.0	0.0	0.0	0.0	0.0	0.0	0.0	0.08484848484848485	15
Enterococcus_faecium	0	0	0	0	0	0	0	0	0	0	0	0	0	0	0	1.0	0	0	0	0.782608695652174	0.005509641873278237	0.0	0.0027548209366391185	0.011019283746556474	0.01928374655647383	0.005509641873278237	0.008264462809917356	0.01652892561983471	0.0	0.008264462809917356	0.0	0.0	0.0027548209366391185	0.049586776859504134	0.0	0.005509641873278237	0.049586776859504134	0.011019283746556474	0.02203856749311295	0.049586776859504134	33
Enterococcus_faecium_ATCC_8459_=_NRRL_B-2354	0	0	0	0	0	0	0.4956521739130435	0	0	0	0	0	0	0	0	0	0	1.0	0	1.0	0.0	0.0	0.0	0.0	0.0	0.0	0.020481494789795184	0.0	0.0	0.0	0.0	0.0	0.0	0.0	0.0	0.0	0.0	0.02084081925979159	0.0	0.020481494789795184	253
Enterococcus_faecium_Com15	0	0	0	0	0	0	0	0	0	0	0	0	0	0	0	0	0	0	0	0	0.0	0.0	0.0	0.0	0.0	0.0	0.0	0.0	0.0	0.0	0.0	0.0	0.0	0.0	0.0	0.0	0.0	0.0	0.0	0.0	1
Enterococcus_hirae	0	0	0	0	0	0	0	0	0	0	0	0	0	0	0	0	0	0	0	0	0.0	0.0	0.0	0.0	0.0	0.0	0.0	0.0	0.0	0.0	0.0	0.0	0.0	0.0	0.0	0.0	0.0	0.0	0.0	0.0	2
Enterococcus_hirae_ATCC_9790	1.0	0.3888888888888889	0.25	0	0	0	0	0	0	0	0	0.21875	0	0	0	1.0	0.2222222222222222	1.0	0	0.8333333333333334	0.011570247933884297	0.011570247933884297	0.011570247933884297	0.0	0.0	0.0	0.0	0.0	0.0	0.0	0.0	0.011570247933884297	0.0	0.0	0.0	0.011570247933884297	0.006611570247933884	0.02975206611570248	0.0	0.008264462809917356	55
Enterococcus_mundtii	0	0	0	0	0	0	0	0	0	0	0	0	0	0	0	0	0	0	0	0	0.0	0.0	0.0	0.0	0.0	0.0	0.0	0.0	0.0	0.0	0.0	0.0	0.0	0.0	0.0	0.0	0.0	0.0	0.0	0.0	1
Enterovirus_B	0	0	0	0	0	0	0	0	0	0	0	0	0	0	0	0	0	0	0	0	0	0	0	0	0	0	0	0	0	0	0	0	0	0	0	0	0	0	0	0	0
Epizootic_hemorrhagic_disease_virus_(serotype_1_/_strain_New_Jersey)	0	0	0	0	0	0	0	0	0	0	0	0	0	0	0	0	0	0	0	0	0	0	0	0	0	0	0	0	0	0	0	0	0	0	0	0	0	0	0	0	0
Equine_rhinitis_A_virus	0	0	0	0	0	0	0	0	0	0	0	0	0	0	0	0	0	0	0	0	0	0	0	0	0	0	0	0	0	0	0	0	0	0	0	0	0	0	0	0	0
Erysipelothrix_rhusiopathiae	0	0	0	0	0	0	0	0	0	0	0	0	0	0	0	0	0	0	0	0	0.0	0.0	0.0	0.0	0.0	0.0	0.0	0.0	0.0	0.0	0.0	0.0	0.0	0.0	0.09090909090909091	0.0	0.0	0.0	0.0	0.0	1
Erysipelothrix_rhusiopathiae_str._Fujisawa	0	1.0	0	0	0	0	0	0	0	0	0	0	0	0	0	0	0	0	0	0	0.0	0.09090909090909091	0.0	0.0	0.0	0.0	0.0	0.0	0.0	0.0	0.045454545454545456	0.0	0.0	0.045454545454545456	0.0	0.045454545454545456	0.0	0.0	0.0	0.045454545454545456	2
Erythroparvovirus	0	0	0	0	0	0	0	0	0	0	0	0	0	0	0	0	0	0	0	0	0	0	0	0	0	0	0	0	0	0	0	0	0	0	0	0	0	0	0	0	0
Escherichia_coli	0.5	0.9696969696969697	0	0	0	0	0	0.5	0	0	0	0	0	0	0	0	0	0	0	0.25	0.001893939393939394	0.06060606060606061	0.0	0.0	0.0	0.0	0.001893939393939394	0.001893939393939394	0.0	0.0	0.001893939393939394	0.0	0.0	0.001893939393939394	0.001893939393939394	0.001893939393939394	0.0	0.001893939393939394	0.003787878787878788	0.003787878787878788	48
Escherichia_coli_O111	0	0	0	0	0	0	0	0	0	0	0	0	0	0	0	0	0	0	0	0	0	0	0	0	0	0	0	0	0	0	0	0	0	0	0	0	0	0	0	0	0
Escherichia_coli_O157:H7	0	0	0	0	0	0	0	0	0	0	0	0	0	0	0	0	0	0	0	0	0	0	0	0	0	0	0	0	0	0	0	0	0	0	0	0	0	0	0	0	0
Escherichia_coli_O26	0	0	0	0	0	0	0	0	0	0	0	0	0	0	0	0	0	0	0	0	0	0	0	0	0	0	0	0	0	0	0	0	0	0	0	0	0	0	0	0	0
Francisella_tularensis	0	0	0	0	0	0	0	0	0	0	0	0	0	0	0	0	0	0	0	0	0	0	0	0	0	0	0	0	0	0	0	0	0	0	0	0	0	0	0	0	0
Francisella_tularensis_subsp._novicida	0	0	0	0	0	0	0	0	0	0	0	0	0	0	0	0	0	0	0	0	0.0	0.0	0.09090909090909091	0.0	0.0	0.0	0.0	0.0	0.09090909090909091	0.0	0.0	0.0	0.0	0.0	0.0	0.0	0.0	0.0	0.0	0.0	1
Fusobacterium	0.36363636363636365	0	0.13333333333333333	0	0	0	0.8181818181818182	0	0	0	0	0	1.0	0	0	0	0	1.0	0	0	0.019027484143763214	0.023255813953488372	0.006342494714587738	0.004228329809725159	0.0507399577167019	0.0	0.023255813953488372	0.0	0.0	0.0	0.006342494714587738	0.0	0.021141649048625793	0.0021141649048625794	0.006342494714587738	0.0021141649048625794	0.0	0.019027484143763214	0.0	0.004228329809725159	43
Fusobacterium_gastrosuis	0	0	0	0	0	0	0	0	0	0	0	0	0	0	0	0	0	0	0	0	0.0	0.09090909090909091	0.0	0.0	0.0	0.0	0.0	0.09090909090909091	0.0	0.0	0.0	0.0	0.0	0.09090909090909091	0.0	0.0	0.0	0.09090909090909091	0.0	0.0	1
Fusobacterium_gonidiaformans_ATCC_25563	0	0	0	0	0	0	0	0	0	0	0	0	0	0	0	0	0	0	0	0	0.0	0.0	0.0	0.0	0.0	0.0	0.0	0.0	0.0	0.0	0.0	0.0	0.0	0.0	0.0	0.0	0.0	0.0	0.0	0.0	1
Fusobacterium_hwasookii_ChDC_F206	0	0	0	0	0	0	1.0	0	0	0	0	0	0	0	0	0	0	0	0	0	0.0	0.0	0.09090909090909091	0.0	0.0	0.0	0.09090909090909091	0.0	0.09090909090909091	0.0	0.0	0.0	0.0	0.0	0.0	0.0	0.0	0.0	0.0	0.0	1
Fusobacterium_mortiferum_ATCC_9817	0	0	0	0	0	0	0	0	0	0	0	0	0	0	0	0	0	0	0	0	0.0	0.0	0.0	0.0	0.0	0.0	0.0	0.0	0.0	0.0	0.0	0.0	0.0	0.045454545454545456	0.09090909090909091	0.0	0.0	0.0	0.0	0.0	2
Fusobacterium_nucleatum	0	0	0	0	0	0	0	0	0	0	0	0	0	0	0	0	0	0	0	0	0	0	0	0	0	0	0	0	0	0	0	0	0	0	0	0	0	0	0	0	0
Fusobacterium_nucleatum_subsp._animalis	0	0	0	0	0	0	0	0	0	0	0	0	0	0	0	0	0	0	0	0	0.0	0.0	0.0	0.0	0.0	0.0	0.0	0.0	0.0	0.0	0.0	0.0	0.0	0.0	0.0	0.0	0.0	0.0	0.0	0.0	2
Fusobacterium_nucleatum_subsp._animalis_21_1A	0	0	0	0	0	0	0	0	0	0	0	0	0	0	0	0	0	0	0	0	0.0	0.0	0.0	0.0	0.09090909090909091	0.0	0.0	0.09090909090909091	0.0	0.0	0.0	0.0	0.0	0.09090909090909091	0.0	0.0	0.0	0.0	0.0	0.0	1
Fusobacterium_nucleatum_subsp._vincentii_3_1_27	0	0	0	0	0	0	0	0	0	0	0	0	0	0	0	0	0	0	0	0	0.0	0.0	0.0	0.0	0.09090909090909091	0.0	0.0	0.0	0.0	0.0	0.0	0.0	0.0	0.0	0.0	0.0	0.0	0.0	0.09090909090909091	0.09090909090909091	1
Fusobacterium_nucleatum_subsp._vincentii_ChDC_F8	0	0	0	0	0	0	0	0	0	0	0	0	0	0	0	0	0	0	0	0	0.0	0.0	0.0	0.0	0.0	0.0	0.0	0.0	0.0	0.0	0.0	0.0	0.0	0.0	0.0	0.0	0.0	0.0	0.0	0.0	1
Fusobacterium_pseudoperiodonticum	0	0	1.0	0	0	0	0	0	0	0	0	0	0	0	0	0	0	0.5	0	1.0	0.0	0.0909090909090909	0.06060606060606061	0.0	0.0	0.0	0.0	0.030303030303030304	0.0	0.0	0.0	0.0	0.0	0.0	0.0	0.0	0.0	0.030303030303030304	0.0	0.06060606060606061	3
Fusobacterium_ulcerans_ATCC_49185	0	0	0	0	0	0	0	0	0	0	0	0	0	0	0	0	0	0	0	0	0.0	0.0	0.09090909090909091	0.0	0.0	0.09090909090909091	0.0	0.0	0.0	0.0	0.0	0.09090909090909091	0.0	0.0	0.0	0.0	0.0	0.0	0.0	0.0	1
Fusobacterium_varium_ATCC_27725	0	0	0	0	0	0	0	0	0	0	0	0	0	0	0	0	0.3333333333333333	0	0	0	0.0	0.0	0.0	0.0	0.0	0.045454545454545456	0.0	0.0	0.0	0.0	0.0	0.0	0.0	0.0	0.022727272727272728	0.0	0.022727272727272728	0.0	0.0	0.0	4
Goatpox_virus	0	0	0	0	0	0	0	0	0	0	0	0	0	0	0	0	0	0	0	0	0	0	0	0	0	0	0	0	0	0	0	0	0	0	0	0	0	0	0	0	0
Haemophilus_influenzae	0	1.0	0	0	0	0	0	0	0	0	0	0	0	0	0	0	0	0	0	0	0.0	0.05537190082644628	0.03553719008264463	0.0	0.004132231404958678	0.03553719008264463	0.0	0.02975206611570248	0.0	0.0	0.033884297520661154	0.02975206611570248	0.005785123966942148	8.264462809917355E-4	0.0	0.005785123966942148	8.264462809917355E-4	0.04462809917355372	0.005785123966942148	0.0	110
Haemophilus_influenzae_10810	0	0	0	0	0	0	0	0	0	0	0	0	0	0	0	0	0	0	0	0	0.0	0.0	0.0	0.0	0.0	0.0	0.0	0.0	0.0	0.0	0.09090909090909091	0.0	0.0	0.0	0.045454545454545456	0.0	0.045454545454545456	0.0	0.0	0.045454545454545456	2
Haemophilus_influenzae_CGSHiCZ412602	0	0	0	0	0	0	0	0	0	0	0	0	0	0	0	0	0	0	0	0	0.0	0.0	0.0	0.0	0.0	0.0	0.0	0.0	0.0	0.0	0.015151515151515152	0.0	0.0	0.0	0.0	0.0	0.0	0.0	0.0	0.0	6
Haemophilus_influenzae_F3031	0	0	0	0	0	0	0	0	0	0	0	0	0	0	0	0	0	0	0	0	0.0	0.0	0.0	0.0	0.0	0.0	0.0	0.0	0.0	0.0	0.0	0.0	0.0	0.0	0.0	0.0	0.0	0.09090909090909091	0.0	0.0	1
Haemophilus_influenzae_F3047	0	0	0	0	0	0	0	0	0	0	0	0	0	0	0	0	0	0	0	0	0.0	0.0	0.0	0.0	0.09090909090909091	0.0	0.0	0.0	0.0	0.0	0.0	0.09090909090909091	0.0	0.0	0.0	0.0	0.0	0.0	0.0	0.0	1
Helicobacter_cinaedi	0	0	0	0	0	0	0	0	0	0	0	0	0	0	0	0	0	0	0	0	0	0	0	0	0	0	0	0	0	0	0	0	0	0	0	0	0	0	0	0	0
Helicobacter_pylori	0	0	0	0	0	0	0	0	0	0	0	0	0	0	0	0	0	0	0	0	0.0017825311942959003	0.0	0.0	0.0	0.0	8.912655971479501E-4	8.912655971479501E-4	0.0	0.0	0.0	0.0	0.08912655971479502	8.912655971479501E-4	8.912655971479501E-4	0.0	0.08912655971479502	0.08912655971479502	0.0	8.912655971479501E-4	0.0	102
Hepatitis_B_virus	0	0	0	0	0	0	0	0	0	0	0	0	0	0	0	0	0	0	0	0	0	0	0	0	0	0	0	0	0	0	0	0	0	0	0	0	0	0	0	0	0
Hepatitis_E_virus	0	0	0	0	0	0	0	0	0	0	0	0	0	0	0	0	0	0	0	0	0	0	0	0	0	0	0	0	0	0	0	0	0	0	0	0	0	0	0	0	0
Hepatitis_delta_virus	0	0	0	0	0	0	0	0	0	0	0	0	0	0	0	0	0	0	0	0	0	0	0	0	0	0	0	0	0	0	0	0	0	0	0	0	0	0	0	0	0
Human_adenovirus_1	0	0	0	0	0	0	0	0	0	0	0	0	0	0	0	0	0	0	0	0	0	0	0	0	0	0	0	0	0	0	0	0	0	0	0	0	0	0	0	0	0
Human_adenovirus_2	0	0	0	0	0	0	0	0	0	0	0	0	0	0	0	0	0	0	0	0	0	0	0	0	0	0	0	0	0	0	0	0	0	0	0	0	0	0	0	0	0
Human_adenovirus_35	0	0	0	0	0	0	0	0	0	0	0	0	0	0	0	0	0	0	0	0	0	0	0	0	0	0	0	0	0	0	0	0	0	0	0	0	0	0	0	0	0
Human_adenovirus_5	0	0	0	0	0	0	0	0	0	0	0	0	0	0	0	0	0	0	0	0	0	0	0	0	0	0	0	0	0	0	0	0	0	0	0	0	0	0	0	0	0
Human_adenovirus_54	0	0	0	0	0	0	0	0	0	0	0	0	0	0	0	0	0	0	0	0	0	0	0	0	0	0	0	0	0	0	0	0	0	0	0	0	0	0	0	0	0
Human_adenovirus_7	0	0	0	0	0	0	0	0	0	0	0	0	0	0	0	0	0	0	0	0	0	0	0	0	0	0	0	0	0	0	0	0	0	0	0	0	0	0	0	0	0
Human_alphaherpesvirus_1	0	0	0	0	0	0	0	0	0	0	0	0	0	0	0	0	0	0	0	0	0	0	0	0	0	0	0	0	0	0	0	0	0	0	0	0	0	0	0	0	0
Human_alphaherpesvirus_2	0	0	0	0	0	0	0	0	0	0	0	0	0	0	0	0	0	0	0	0	0	0	0	0	0	0	0	0	0	0	0	0	0	0	0	0	0	0	0	0	0
Human_alphaherpesvirus_3	0	0	0	0	0	0	0	0	0	0	0	0	0	0	0	0	0	0	0	0	0	0	0	0	0	0	0	0	0	0	0	0	0	0	0	0	0	0	0	0	0
Human_gammaherpesvirus_4	0	0	0	0	0	0	0	0	0	0	0	0	0	0	0	0	0	0	0	0	0	0	0	0	0	0	0	0	0	0	0	0	0	0	0	0	0	0	0	0	0
Human_herpesvirus_4_type_2	0	0	0	0	0	0	0	0	0	0	0	0	0	0	0	0	0	0	0	0	0	0	0	0	0	0	0	0	0	0	0	0	0	0	0	0	0	0	0	0	0
Human_mastadenovirus_C	0	0	0	0	0	0	0	0	0	0	0	0	0	0	0	0	0	0	0	0	0	0	0	0	0	0	0	0	0	0	0	0	0	0	0	0	0	0	0	0	0
JC_polyomavirus	0	0	0	0	0	0	0	0	0	0	0	0	0	0	0	0	0	0	0	0	0	0	0	0	0	0	0	0	0	0	0	0	0	0	0	0	0	0	0	0	0
Klebsiella_aerogenes	0	0	0	0	0	0	0	0	0	0	0	0	0	0	0	0	0	0	0	0	0.0	0.0	0.0	0.0	0.022727272727272728	0.0	0.0	0.06818181818181818	0.06818181818181818	0.0	0.0	0.0	0.0	0.0	0.0	0.0	0.0	0.0	0.0	0.0	4
Klebsiella_michiganensis	0	0	0.14285714285714285	0	0	0	0	0	0	0	0	0	0	0	0	0	0	0	0	0	0.0606060606060606	0.0606060606060606	0.0303030303030303	0.0	0.010101010101010102	0.0	0.010101010101010102	0.0	0.0	0.0	0.0	0.0	0.010101010101010102	0.010101010101010102	0.0	0.0	0.0	0.010101010101010102	0.010101010101010102	0.0	9
Klebsiella_oxytoca	1.0	0	0	0	0	0	0	0	0	0	0	0	0	0	0	0	0	0	0	0	0.07792207792207792	0.0	0.0	0.0	0.0	0.0	0.0	0.0	0.0	0.0	0.0	0.06493506493506493	0.0	0.0	0.0	0.0	0.025974025974025976	0.0	0.0	0.0	7
Klebsiella_pneumoniae	0	0	0	0	0	0	0	0	0	0	0	0	0	0	0	0	0	0	0	0	0.0	0.0	0.0	0.0	0.07575757575757576	0.0	0.0	0.0	0.0	0.0	0.0	0.0	0.0	0.0	0.0	0.0	0.0	0.0	0.0	0.0	6
Klebsiella_pneumoniae_subsp._pneumoniae	0	0	0	0	0	0	0	0	0	0	0	0	0	0	0	0	0	0	0	0	0.0	0.0	0.0	0.0	0.0	0.0	0.0	0.0	0.0	0.0	0.0	0.05896805896805896	0.002457002457002457	0.0	0.0	0.05896805896805896	0.0	0.0	0.0	0.02948402948402948	37
Klebsiella_pneumoniae_subsp._rhinoscleromatis	0	0	0	0	0	0	0	0	0	0	0	0	0	0	0	0	0	0	0	0	0	0	0	0	0	0	0	0	0	0	0	0	0	0	0	0	0	0	0	0	0
Legionella_anisa	0	0	0	0	0	0	0	0	0	0	0	0	0	0	0	0	0	0	0	0	0.0	0.0	0.0	0.0	0.0	0.0	0.0	0.09090909090909091	0.0	0.0	0.0	0.0	0.0	0.0	0.0	0.0	0.0	0.0	0.0	0.0	1
Legionella_lansingensis	0	0	0	0	0	0	0	0	0	0	0	0	0	0	0	0	0	0	0	0	0	0	0	0	0	0	0	0	0	0	0	0	0	0	0	0	0	0	0	0	0
Legionella_pneumophila	0	0	0	0	0	0	0	0	0	0	0	0	0	0	0	0	0	0	0	0	0.0	0.0	0.0	0.0	0.0	0.0	0.0	0.0	0.0	0.0	0.0	0.0	0.0	0.07575757575757576	0.015151515151515152	0.0	0.0	0.0	0.0	0.0	6
Legionella_pneumophila_subsp._pneumophila_str._Philadelphia_1	0	1.0	0	0	1.0	1.0	0	0	0	0	0	0	0	0	0	0	0	0	0	0	0.0	0.09090909090909091	0.09090909090909091	0.0	0.09090909090909091	0.09090909090909091	0.0	0.09090909090909091	0.0	0.09090909090909091	0.045454545454545456	0.0	0.0	0.0	0.0	0.0	0.0	0.0	0.0	0.045454545454545456	2
Leptospira_alexanderi	0	0	0	0	0	0	0	0	0	0	0	0	0	0	0	0	0	0	0	0	0	0	0	0	0	0	0	0	0	0	0	0	0	0	0	0	0	0	0	0	0
Leptospira_alstonii	0	0	0	0	0	0	0	0	0	0	0	0	0	0	0	0	0	0	0	0	0	0	0	0	0	0	0	0	0	0	0	0	0	0	0	0	0	0	0	0	0
Leptospira_biflexa	0	0	0	0	0	0	0	0	0	0	0	0	0	0	0	0	0	0	0	0	0	0	0	0	0	0	0	0	0	0	0	0	0	0	0	0	0	0	0	0	0
Leptospira_borgpetersenii	0	0	0	0	0	0	0	0	0	0	0	0	0	0	0	0	0	0	0	0	0	0	0	0	0	0	0	0	0	0	0	0	0	0	0	0	0	0	0	0	0
Leptospira_borgpetersenii_serovar_Ceylonica	0	0	0	0	0	0	0	0	0	0	0	0	0	0	0	0	0	0	0	0	0.05454545454545454	0.03636363636363636	0.0	0.0	0.0	0.01818181818181818	0.0	0.0	0.01818181818181818	0.01818181818181818	0.0	0.01818181818181818	0.0	0.0	0.0	0.03636363636363636	0.0	0.01818181818181818	0.05454545454545454	0.0	5
Leptospira_broomii	0	0	0	0	0	0	0	0	0	0	0	0	0	0	0	0	0	0	0	0	0	0	0	0	0	0	0	0	0	0	0	0	0	0	0	0	0	0	0	0	0
Leptospira_fainei	0	0	0	0	0	0	0	0	0	0	0	0	0	0	0	0	0	0	0	0	0	0	0	0	0	0	0	0	0	0	0	0	0	0	0	0	0	0	0	0	0
Leptospira_inadai	0	0	0	0	0	0	0	0	0	0	0	0	0	0	0	0	0	0	0	0	0	0	0	0	0	0	0	0	0	0	0	0	0	0	0	0	0	0	0	0	0
Leptospira_interrogans	0.4375	0	0	0	0	1.0	0	0	1.0	0	0	0	0	0	0	0	0	0	0	1.0	0.030303030303030304	0.0	0.0	0.034090909090909095	0.026515151515151516	0.06060606060606061	0.0	0.0	0.026515151515151516	0.0	0.0	0.0	0.0	0.026515151515151516	0.0	0.034090909090909095	0.0	0.0	0.0	0.03787878787878788	24
Leptospira_kirschneri	0	0	0	0	0	0	0	0	0	0	0	0	0	0	0	0	0	0	0	0	0	0	0	0	0	0	0	0	0	0	0	0	0	0	0	0	0	0	0	0	0
Leptospira_kmetyi	0	0	0	0	0	0	0	0	0	0	0	0	0	0	0	0	0	0	0	0	0	0	0	0	0	0	0	0	0	0	0	0	0	0	0	0	0	0	0	0	0
Leptospira_licerasiae	0	0	0	0	0	0	0	0	0	0	0	0	0	0	0	0	0	0	0	0	0	0	0	0	0	0	0	0	0	0	0	0	0	0	0	0	0	0	0	0	0
Leptospira_noguchii	0	0	0	0	0	0	0	0	0	0	0	0	0	0	0	0	0	0	0	0	0	0	0	0	0	0	0	0	0	0	0	0	0	0	0	0	0	0	0	0	0
Leptospira_santarosai	0	0	0	0	0	0	0	0	0	0	0	0	0	0	0	0	0	0	0	0	0.0	0.0	0.0	0.0	0.0	0.0	0.0	0.0	0.0	0.0	0.0	0.0	0.0	0.0	0.0	0.030303030303030304	0.0	0.0	0.0	0.0	3
Leptospira_weilii	0	0	0.2727272727272727	1.0	0	0	0	0	0	0	0	0	0	0	0	0	0	1.0	0	0	0.04195804195804195	0.0	0.020979020979020976	0.03496503496503496	0.0	0.0	0.0	0.0	0.0	0.0	0.0	0.027972027972027972	0.020979020979020976	0.013986013986013986	0.013986013986013986	0.055944055944055944	0.0	0.013986013986013986	0.0	0.020979020979020976	13
Leptospira_wolffii	0	0	0	0	0	0	0	0	0	0	0	0	0	0	0	0	0	0	0	0	0	0	0	0	0	0	0	0	0	0	0	0	0	0	0	0	0	0	0	0	0
Listeria_monocytogenes	0	1.0	0	0	0.5	0	0	0	0	0	0	0	0	0	0	0	0	0	0	0	0.0	0.050505050505050504	0.010101010101010102	0.0	0.020202020202020204	0.010101010101010102	0.0	0.010101010101010102	0.0	0.0	0.020202020202020204	0.0	0.020202020202020204	0.010101010101010102	0.0	0.0	0.020202020202020204	0.0	0.0	0.0	9
Listeria_monocytogenes_HCC23	0	0	0	0	0	0	0	0	0	1.0	0	0	1.0	0	0	0	0	0	0	0	0.0	0.0	0.0	0.0	0.0	0.0	0.0	0.0	0.0	0.09090909090909091	0.0	0.0	0.022727272727272728	0.0	0.0	0.0	0.0	0.0	0.0	0.0	4
Listeria_monocytogenes_J1816	0	0	0	0	0	0	0	0	0	0	0	0	0	0	0	0	0	0	0	0	0.09090909090909091	0.0	0.0	0.0	0.09090909090909091	0.0	0.0	0.0	0.0	0.0	0.0	0.0	0.0	0.0	0.0	0.0	0.0	0.08181818181818182	0.08181818181818182	0.0	10
Lumpy_skin_disease_virus	0	0	0	0	0	0	0	0	0	0	0	0	0	0	0	0	0	0	0	0	0	0	0	0	0	0	0	0	0	0	0	0	0	0	0	0	0	0	0	0	0
Lymphocryptovirus	0	0	0	0	0	0	0	0	0	0	0	0	0	0	0	0	0	0	0	0	0	0	0	0	0	0	0	0	0	0	0	0	0	0	0	0	0	0	0	0	0
Mannheimia_haemolytica	0.659217877094972	0.03125	0.027777777777777776	0.15254237288135594	0.08298755186721991	0	0	0	0.07526881720430108	0	0.0078125	0	0.022900763358778626	0	0	0.05405405405405406	0.1111111111111111	0.030303030303030304	0.0945945945945946	0.23684210526315788	0.021652083642295716	0.014236986504523208	0.011419249592169658	0.0045973602254189535	0.010084532107370606	0.01794453507340946	0.0065252854812398045	0.008156606851549755	0.006821889366750704	0.005635473824707104	0.0032626427406199023	0.0019279252558208513	0.010529437935636956	0.003707548568886253	0.0025211330268426514	0.012160759305946907	0.006970191309506154	0.01720302535963221	0.01690642147412131	0.01720302535963221	613
Mannheimia_haemolytica_D153	0	0	0	0	0	0	0	0	0	0	0	0	0	0	0	0	0	0	1.0	0	0.0	0.0	0.0	0.0	0.0	0.0	0.0	0.0	0.0	0.0909090909090909	0.0	0.0	0.0	0.0	0.0	0.06060606060606061	0.0	0.0	0.06060606060606061	0.0	3
Mannheimia_haemolytica_D174	0	0	0	0	0	0	0	0	0	0	0	0	0	0	0	0	0	0	0	0	0.025974025974025972	0.06493506493506493	0.0	0.025974025974025972	0.09090909090909091	0.0	0.0	0.0	0.0	0.0	0.0	0.0	0.0	0.0	0.0	0.0	0.0	0.0	0.0	0.021645021645021644	21
Mannheimia_haemolytica_M42548	0	1.0	0	0	0	0	0	0	0	0	0	0	0	0	0	0	0	0	0	0	0.0	0.09090909090909091	0.0	0.0	0.0	0.09090909090909091	0.0	0.0	0.0	0.0	0.0	0.0	0.0	0.0	0.0	0.0	0.0	0.006993006993006993	0.0	0.0	13
Mannheimia_haemolytica_USDA-ARS-USMARC-183	0	0	0	0	0	0	0	0	0	0	0	0	0	0	0	0	0	0	0	1.0	0.0	0.045454545454545456	0.0	0.0	0.0	0.0	0.0	0.045454545454545456	0.0	0.0	0.0	0.00909090909090909	0.05454545454545454	0.0	0.0	0.0	0.0	0.0	0.03636363636363636	0.08181818181818182	10
Measles_morbillivirus	0	0	0	0	0	0	0	0	0	0	0	0	0	0	0	0	0	0	0	0	0	0	0	0	0	0	0	0	0	0	0	0	0	0	0	0	0	0	0	0	0
Methanobrevibacter_oralis	0	0	0	0	0	0	0	0	0	0	0	0	0	0	0	0	0	0	0	0	0	0	0	0	0	0	0	0	0	0	0	0	0	0	0	0	0	0	0	0	0
Moraxella_catarrhalis	0	0	0	0	0	0	0	0	0	0	0	0	0	0	0	0	0	0	0	0	0.0	0.09090909090909091	0.09090909090909091	0.09090909090909091	0.0	0.0	0.0	0.0	0.0	0.0	0.09090909090909091	0.0	0.0	0.0	0.0	0.0	0.0	0.0	0.0	0.0	1
Moraxella_catarrhalis_BBH18	0	0	0	0	0	0	0	0	0	0	0	0	0	0	0	0	0	0	0	0	0.0	0.0	0.0	0.0	0.0	0.0	0.0	0.0	0.0	0.0	0.0	0.0	0.030303030303030304	0.0	0.0	0.0	0.0	0.0	0.0	0.0	3
Morbillivirus	0	0	0	0	0	0	0	0	0	0	0	0	0	0	0	0	0	0	0	0	0	0	0	0	0	0	0	0	0	0	0	0	0	0	0	0	0	0	0	0	0
Mycobacterium_avium	0.2706422018348624	0.2254335260115607	0.007142857142857143	0.1375	0.010869565217391304	0.004629629629629629	0.08333333333333333	0.07878787878787878	0.06666666666666667	0.05472636815920398	0	0.010362694300518135	0.008658008658008658	0.024	0.056179775280898875	0.03773584905660377	0.12101910828025478	0.11170212765957446	0.03954802259887006	0.3686440677966102	0.01837697186534396	0.017726459586924703	0.008456659619450317	0.009920312245893643	0.011383964872336965	0.009107171897869573	0.00813140348024069	0.0074808912018214345	0.004065701740120345	0.0027646771832818343	0.006993006993006993	0.010896080663522524	0.01073345259391771	0.005041470157749228	0.011221336802732152	0.009595056106684013	0.022605301675069116	0.011058708733127337	0.006993006993006993	0.020003252561392095	559
Mycobacterium_avium_subsp._avium	0.36363636363636365	0	0	0	0.4	0	0	0	0	0	0	0	0	0	0.13333333333333333	0	0	0	0.5	0	0.01818181818181818	0.006060606060606061	0.0	0.0030303030303030303	0.01515151515151515	0.0	0.006060606060606061	0.00909090909090909	0.0030303030303030303	0.012121212121212121	0.0	0.00909090909090909	0.00909090909090909	0.0030303030303030303	0.01515151515151515	0.00909090909090909	0.01515151515151515	0.01818181818181818	0.01515151515151515	0.006060606060606061	30
Mycobacterium_avium_subsp._hominissuis	0.30434782608695654	0.16666666666666666	0.08	0.12	0	0.08695652173913043	0.08695652173913043	0	0	0.125	0.05714285714285714	0.22727272727272727	0	0.07692307692307693	0.0625	0	0	0.06060606060606061	0.1	0.16666666666666666	0.011988011988011986	0.012987012987012988	0.015984015984015984	0.004995004995004995	0.011988011988011986	0.02197802197802198	0.01098901098901099	0.001998001998001998	0.007992007992007992	0.00999000999000999	0.011988011988011986	0.00999000999000999	0.003996003996003996	0.014985014985014984	0.006993006993006993	0.004995004995004995	0.001998001998001998	0.005994005994005993	0.003996003996003996	0.01898101898101898	91
Mycobacterium_avium_subsp._paratuberculosis	0.6666666666666666	0	0	0	0	0	0	0	0	0	0	0	0	0	0.2857142857142857	0.3333333333333333	0	0.3333333333333333	0	0	0.0303030303030303	0.012121212121212121	0.0	0.01818181818181818	0.012121212121212121	0.0	0.0	0.0	0.0	0.006060606060606061	0.0	0.01818181818181818	0.0	0.01818181818181818	0.024242424242424242	0.024242424242424242	0.006060606060606061	0.01818181818181818	0.0	0.012121212121212121	15
Mycobacterium_canettii	0	0	0	0	0	0	0	0	0	0	0	0	0	0	0	0	0.25	0.25	0	0	0.006993006993006993	0.006993006993006993	0.006993006993006993	0.006993006993006993	0.013986013986013986	0.0	0.006993006993006993	0.020979020979020976	0.020979020979020976	0.006993006993006993	0.006993006993006993	0.013986013986013986	0.006993006993006993	0.006993006993006993	0.006993006993006993	0.006993006993006993	0.006993006993006993	0.006993006993006993	0.006993006993006993	0.006993006993006993	13
Mycobacterium_colombiense	0	0	0	0	0	0	0	0	0	0	0	0	0	0	0	0	0	0	0	0	0	0	0	0	0	0	0	0	0	0	0	0	0	0	0	0	0	0	0	0	0
Mycobacterium_colombiense_CECT_3035	0.07142857142857142	0.07142857142857142	0.09090909090909091	0	0.1111111111111111	0.25	0	0	0.08333333333333333	0	0	0	0	0	0.15384615384615385	0.25	0.1	0.14285714285714285	0.2777777777777778	0.42857142857142855	0.00802139037433155	0.0026737967914438505	0.0160427807486631	0.01871657754010695	0.010695187165775402	0.013368983957219251	0.010695187165775402	0.00802139037433155	0.00802139037433155	0.00802139037433155	0.005347593582887701	0.005347593582887701	0.013368983957219251	0.0160427807486631	0.013368983957219251	0.01871657754010695	0.0160427807486631	0.005347593582887701	0.0160427807486631	0.024064171122994655	34
Mycobacterium_intracellulare	0.3125	0.07692307692307693	0.21428571428571427	0.11764705882352941	0	0.06666666666666667	0.1	0.10526315789473684	0	0.14285714285714285	0.23076923076923078	0.08333333333333333	0	0	0.21052631578947367	0.045454545454545456	0	0	0.09523809523809523	0.25	0.012121212121212121	0.01515151515151515	0.016666666666666666	0.004545454545454545	0.00909090909090909	0.006060606060606061	0.006060606060606061	0.007575757575757575	0.0030303030303030303	0.01515151515151515	0.0196969696969697	0.012121212121212121	0.0015151515151515152	0.013636363636363637	0.012121212121212121	0.007575757575757575	0.0015151515151515152	0.007575757575757575	0.00909090909090909	0.00909090909090909	60
Mycobacterium_intracellulare_subsp._yongonense	0.2	0.04	0.17647058823529413	0.029411764705882353	0.045454545454545456	0.15	0	0	0.125	0.125	0	0	0.15384615384615385	0	0	0.08333333333333333	0.1	0	0.2222222222222222	0.10526315789473684	0.012121212121212121	0.004545454545454545	0.007575757575757575	0.004545454545454545	0.0030303030303030303	0.022727272727272724	0.007575757575757575	0.0015151515151515152	0.006060606060606061	0.01818181818181818	0.0	0.007575757575757575	0.010606060606060607	0.013636363636363637	0.0	0.010606060606060607	0.0196969696969697	0.010606060606060607	0.00909090909090909	0.012121212121212121	60
Mycobacterium_kansasii	0.3333333333333333	0.08823529411764706	0.06666666666666667	0.22857142857142856	0.07142857142857142	0	0.10810810810810811	0.08333333333333333	0.0196078431372549	0	0	0.022727272727272728	0.05405405405405406	0.14285714285714285	0.10344827586206896	0.12121212121212122	0.02702702702702703	0.025	0.09523809523809523	0.11764705882352941	0.02115987460815047	0.009404388714733541	0.012539184952978056	0.012539184952978056	0.012539184952978056	0.009404388714733541	0.013322884012539185	0.008620689655172414	0.003918495297805642	0.007053291536050157	0.01567398119122257	0.006269592476489028	0.0047021943573667705	0.008620689655172414	0.007836990595611285	0.010188087774294672	0.009404388714733541	0.003134796238244514	0.014106583072100314	0.010188087774294672	116
Mycobacterium_leprae	0	0	0	0	0	0	0	0	0	0	0	0	0	0	0	0	0	0	0	0	0	0	0	0	0	0	0	0	0	0	0	0	0	0	0	0	0	0	0	0	0
Mycobacterium_leprae_Kyoto-2	0	0	0.5	0	0	0	0	0	0	0	0	0	0	0	0	0	0	0	0	0	0.0	0.0	0.045454545454545456	0.045454545454545456	0.045454545454545456	0.0	0.0	0.0	0.0	0.0	0.0	0.0	0.0	0.0	0.0	0.0	0.045454545454545456	0.0	0.0	0.0	2
Mycobacterium_marseillense	0.16666666666666666	0.2857142857142857	0.25	0	0.14285714285714285	0	0	0	0	0	0.125	0	0	0.14285714285714285	0.125	0.1	0.1111111111111111	0.09090909090909091	0.2	0.3	0.016233766233766232	0.012987012987012988	0.016233766233766232	0.006493506493506494	0.012987012987012988	0.003246753246753247	0.016233766233766232	0.0	0.00974025974025974	0.00974025974025974	0.006493506493506494	0.0	0.00974025974025974	0.012987012987012988	0.00974025974025974	0.003246753246753247	0.00974025974025974	0.01948051948051948	0.012987012987012988	0.025974025974025976	28
Mycobacterium_sp._JS623	0.375	0.18181818181818182	0.1	0.07692307692307693	0	0	0	0.14285714285714285	0	0	0.25	0.1	0	0	0.09090909090909091	0	0.08333333333333333	0.13636363636363635	0.14285714285714285	0.3333333333333333	0.022172949002217293	0.006651884700665188	0.013303769401330375	0.006651884700665188	0.004434589800443459	0.004434589800443459	0.013303769401330375	0.008869179600886918	0.008869179600886918	0.004434589800443459	0.011086474501108647	0.006651884700665188	0.011086474501108647	0.008869179600886918	0.013303769401330375	0.011086474501108647	0.015521064301552106	0.015521064301552106	0.008869179600886918	0.024390243902439025	41
Mycobacterium_sp._YC-RL4	0.15789473684210525	0.14285714285714285	0.2222222222222222	0.07142857142857142	0	0	0	0.1	0	0	0.07692307692307693	0	0.08333333333333333	0	0	0.25	0.08333333333333333	0.3333333333333333	0	0	0.01674641148325359	0.009569377990430622	0.007177033492822966	0.011961722488038277	0.004784688995215311	0.011961722488038277	0.007177033492822966	0.011961722488038277	0.009569377990430622	0.009569377990430622	0.011961722488038277	0.007177033492822966	0.007177033492822966	0.004784688995215311	0.009569377990430622	0.014354066985645932	0.007177033492822966	0.011961722488038277	0.01674641148325359	0.011961722488038277	38
Mycobacterium_tuberculosis	0	0.05555555555555555	0	0.125	0.08	0	0.4	0.17647058823529413	0	0	0	0.05	0.2	0	0	0	0	0.4444444444444444	0	0.16	0.010291595197255574	0.0137221269296741	0.005145797598627787	0.0274442538593482	0.005145797598627787	0.008576329331046312	0.018867924528301886	0.0274442538593482	0.003430531732418525	0.003430531732418525	0.010291595197255574	0.00686106346483705	0.018867924528301886	0.010291595197255574	0.022298456260720412	0.0137221269296741	0.010291595197255574	0.010291595197255574	0.003430531732418525	0.017152658662092625	53
Mycobacterium_tuberculosis_KZN_1435	0.38461538461538464	0.07692307692307693	0	0	0.1	0.03225806451612903	0	0.14285714285714285	0	0	0	0	0	0	0	0	0.23076923076923078	0.16129032258064516	0	0.5454545454545454	0.02622377622377622	0.012237762237762238	0.010489510489510488	0.019230769230769232	0.020979020979020976	0.012237762237762238	0.015734265734265736	0.0034965034965034965	0.006993006993006993	0.0	0.0017482517482517483	0.0	0.0	0.012237762237762238	0.0	0.0	0.024475524475524476	0.00874125874125874	0.010489510489510488	0.020979020979020976	52
Mycobacterium_tuberculosis_complex	0	0.058823529411764705	0.038461538461538464	0.0967741935483871	0.045454545454545456	0	0	0.1	0	0	0	0	0.11594202898550725	0.1411764705882353	0	0.38461538461538464	0	0.1509433962264151	0.24242424242424243	0.2542372881355932	0.006922011998154129	0.010613751730503	0.01015228426395939	0.01015228426395939	0.005076142131979695	0.012921089063221043	0.006460544531610522	0.006922011998154129	0.008767881864328565	0.0036917397323488694	0.0023073373327180432	0.0036917397323488694	0.007383479464697739	0.006922011998154129	9.229349330872173E-4	0.01430549146285187	0.014766958929395477	0.007383479464697739	0.01707429626211352	0.02445777572681126	197
Mycobacterium_tuberculosis_variant_africanum	0	0	0	0	0	0	0	0	0	0	0	0	0	0	0	0	0	0	0	0	0	0	0	0	0	0	0	0	0	0	0	0	0	0	0	0	0	0	0	0	0
Mycobacterium_tuberculosis_variant_bovis	0	0	0	0	0	0	0	0	0	0	0	0	0	0	0	0	0	0	0	0	0	0	0	0	0	0	0	0	0	0	0	0	0	0	0	0	0	0	0	0	0
Mycobacteroides_abscessus	0.034013605442176874	0	0	0	0	0	0.007142857142857143	0	0	0.037037037037037035	0.02666666666666667	0.07936507936507936	0	0	0	0	0.13736263736263737	0	0	0	0.0025182573659027953	0.010073029463611181	0.007806597834298666	0.002266431629312516	0.0015109544195416771	0.0098212037270209	0.005036514731805591	0.0	0.0060438176781667085	0.008058423570888946	0.0015109544195416771	0.0020146058927222365	0.010576680936791741	5.036514731805591E-4	0.0	0.006547469151347268	0.007302946361118106	0.0	0.007302946361118106	2.5182573659027956E-4	361
Mycobacteroides_abscessus_subsp._abscessus	0	0	0	1.0	0	0	0	0	0	0	0	0	0	0	0	0	0	0	0	0	0.0	0.005050505050505051	0.0707070707070707	0.01515151515151515	0.01515151515151515	0.05555555555555555	0.0	0.01515151515151515	0.0	0.05555555555555555	0.01515151515151515	0.0	0.0	0.01515151515151515	0.0	0.0	0.0	0.0	0.0	0.0	18
Mycobacteroides_abscessus_subsp._massiliense	0	0	0	1.0	0	0	0.8181818181818182	0	0	0	0	0	0	0	0	0	0.05263157894736842	0.14285714285714285	0	0	0.0	0.022727272727272728	0.008264462809917356	0.01652892561983471	0.05578512396694215	0.047520661157024795	0.0371900826446281	0.0	0.010330578512396695	0.008264462809917356	0.004132231404958678	0.0	0.002066115702479339	0.0	0.012396694214876032	0.010330578512396695	0.012396694214876032	0.004132231404958678	0.004132231404958678	0.0	44
Mycoplasma_haemocanis	0	0	0	0	0	0	0	0	0	0	0	0	0	0	0	0	0	0	0	0	0	0	0	0	0	0	0	0	0	0	0	0	0	0	0	0	0	0	0	0	0
Mycoplasma_haemofelis	0	0	0	0	0	0	0	0	0	0	0	0	0	0	0	0	0	0	0	0	0	0	0	0	0	0	0	0	0	0	0	0	0	0	0	0	0	0	0	0	0
Mycoplasma_mycoides	0	0	0	0	0	0	0	0	0	0	0	0	0	0	0	0	0	0	0	0	0	0	0	0	0	0	0	0	0	0	0	0	0	0	0	0	0	0	0	0	0
Mycoplasma_ovipneumoniae	0	0	0	0	0	0	0	0	0	0	0	0	0	0	0	0	0	0	0	0	0	0	0	0	0	0	0	0	0	0	0	0	0	0	0	0	0	0	0	0	0
Mycoplasma_pneumoniae	0	0	0	0	0	0	0	0	0	0	0	0	0	0	0	0	0	0	0	0	0	0	0	0	0	0	0	0	0	0	0	0	0	0	0	0	0	0	0	0	0
Neisseria_elongata	0	0	0	0	0	0	0	0	0	0	0	0	0	0	0	0	0	0	0	0	0	0	0	0	0	0	0	0	0	0	0	0	0	0	0	0	0	0	0	0	0
Neisseria_elongata_subsp._glycolytica	1.0	0	0	0	0	0	0	0	0	0	0	0	0	0	0	0	0	0	0	0	0.09090909090909091	0.0	0.0	0.0	0.0	0.0	0.0	0.0	0.09090909090909091	0.0	0.0	0.0	0.0	0.0	0.0	0.0	0.0	0.0	0.0	0.0	1
Neisseria_gonorrhoeae	0	0	0	0	0	0	0	0	0	0	0	1.0	0	0	0	0	0	0	0.3333333333333333	0.6666666666666666	0.0	0.0	0.0	0.0	0.0	0.0	0.03636363636363636	0.0	0.03636363636363636	0.0	0.0	0.00909090909090909	0.02727272727272727	0.05454545454545454	0.0	0.0	0.00909090909090909	0.0	0.02727272727272727	0.05454545454545454	10
Neisseria_gonorrhoeae_NG-k51.05	0	0	0	0	0	0	0	0	0	0	0	0	0	0	0	0	0	0	0	0	0.0	0.0	0.0	0.0	0.0	0.0909090909090909	0.0909090909090909	0.0	0.0	0.0	0.0	0.0	0.0	0.0	0.0	0.0	0.0	0.0	0.0	0.0	24
Neisseria_meningitidis	0	0	0	0	0	0	0	0	0	0	0	0	0	0	0	0	0	0	0	1.0	0.0	0.0	0.0	0.0	0.003246753246753247	0.0	0.0	0.0	0.0	0.0	0.0	0.0	0.0	0.003246753246753247	0.0	0.08116883116883118	0.07792207792207792	0.003246753246753247	0.0	0.003246753246753247	28
Neisseria_mucosa	0	0	0	0	0	0	0	1.0	0	0	0	0	0	0	0	0	0	0	0	0	0.0	0.0	0.0	0.0	0.0	0.09090909090909091	0.0	0.09090909090909091	0.0	0.0	0.0	0.0	0.0	0.0	0.0	0.09090909090909091	0.0	0.0	0.0	0.0	1
Neisseria_sicca	0	0	0	0	0	0	0	0	0	0	0	0	0	0	0	0	0	0	0	0	0.0	0.030303030303030304	0.030303030303030304	0.0	0.0	0.0	0.0	0.030303030303030304	0.030303030303030304	0.06060606060606061	0.0	0.0	0.0	0.0	0.0	0.0	0.0	0.0	0.0	0.0	3
Neisseria_subflava	0	0	0	0	0	0	0	0	0	0	0	0	0	0	0	0.6666666666666666	0	0	0.6666666666666666	0.75	0.0	0.03636363636363636	0.0	0.01818181818181818	0.01818181818181818	0.0	0.0	0.0	0.0	0.0	0.0	0.0	0.01818181818181818	0.0	0.0	0.05454545454545454	0.0	0.0	0.03636363636363636	0.05454545454545454	5
Neisseria_weaveri	0	0	0	0	0	0	0	0	0	0	0	0	0	0	0	0	0	0	0	0	0	0	0	0	0	0	0	0	0	0	0	0	0	0	0	0	0	0	0	0	0
Orthohepadnavirus	0	0	0	0	0	0	0	0	0	0	0	0	0	0	0	0	0	0	0	0	0	0	0	0	0	0	0	0	0	0	0	0	0	0	0	0	0	0	0	0	0
Orthopoxvirus	0	0	0	0	0	0	0	0	0	0	0	0	0	0	0	0	0	0	0	0	0	0	0	0	0	0	0	0	0	0	0	0	0	0	0	0	0	0	0	0	0
Paraavulavirus	0	0	0	0	0	0	0	0	0	0	0	0	0	0	0	0	0	0	0	0	0	0	0	0	0	0	0	0	0	0	0	0	0	0	0	0	0	0	0	0	0
Parvimonas_micra	1.0	0	0.6666666666666666	1.0	0	0	0	0	0	0	0	0	0	0	0	0	0	0	0	1.0	0.03636363636363636	0.0	0.03636363636363636	0.03636363636363636	0.03636363636363636	0.03636363636363636	0.0	0.03636363636363636	0.0	0.03636363636363636	0.0	0.0	0.0	0.0	0.0	0.01818181818181818	0.0	0.0	0.0	0.03636363636363636	5
Pasteurella_multocida	0	0	0	0	0	0	0	0	0	0	0	0	0	0	0	0	0	0	0	0	0.00909090909090909	0.0	0.0	0.045454545454545456	0.0	0.0	0.0	0.03636363636363636	0.0	0.0	0.0	0.0	0.0	0.0	0.0	0.00909090909090909	0.0	0.0	0.0	0.0	10
Pasteurella_multocida_subsp._gallicida	0	0	0	0	0	0	0	0	0	0	0	0	0	0	0	0	0	0	0	0	0.0	0.0	0.0	0.0	0.0	0.0	0.0	0.0	0.0	0.0	0.01818181818181818	0.0	0.0	0.0	0.0	0.0	0.01818181818181818	0.0	0.07272727272727272	0.0	5
Pasteurella_multocida_subsp._multocida	0	0	0	0	0	0	0	0	0	0	0	0	0	0	0	0	0	0	0	0	0.0	0.0	0.0	0.0	0.0	0.0	0.0	0.0909090909090909	0.0909090909090909	0.0	0.0	0.0	0.0	0.0	0.0	0.030303030303030304	0.0	0.0	0.030303030303030304	0.0	3
Pasteurella_multocida_subsp._multocida_OH4807	0	0	0	0	0	0	0	0	0	0	0	0	0	0	0	0	0	0	0	0	0.0	0.09090909090909091	0.0	0.0	0.0	0.0	0.09090909090909091	0.0	0.0	0.09090909090909091	0.0	0.0	0.09090909090909091	0.0	0.0	0.09090909090909091	0.0	0.0	0.0	0.0	1
Pasteurella_multocida_subsp._multocida_str._3480	0	0	0	0	0	0	0	0	0	0	0	0	0	0	0	0	0	0	0	0	0.09090909090909091	0.0	0.0	0.0	0.0	0.0	0.0	0.0	0.0	0.0	0.0	0.09090909090909091	0.09090909090909091	0.0	0.0	0.0	0.0	0.0	0.0	0.0	1
Pasteurella_multocida_subsp._multocida_str._Pm70	0	0	0	0	0	0	0	0	0	0	0	0	0	0	0	0	0	0	0	0	0.0	0.0	0.0	0.0	0.0	0.0	0.0	0.045454545454545456	0.0	0.0	0.0	0.0	0.0	0.0	0.0	0.0	0.0	0.0	0.0	0.09090909090909091	2
Peptostreptococcus_anaerobius	0	0	0	0	0	0	0	0	0	0	0	0	0	0	0	0	0	0	0	0	0	0	0	0	0	0	0	0	0	0	0	0	0	0	0	0	0	0	0	0	0
Polyomaviridae	0	0	0	0	0	0	0	0	0	0	0	0	0	0	0	0	0	0	0	0	0	0	0	0	0	0	0	0	0	0	0	0	0	0	0	0	0	0	0	0	0
Porphyromonas_gingivalis	0	0	0	0	0	0	0	0	0	0	0	0	0	0	0	0	0	0	0	0	0.0	0.0	0.0	0.0	0.0	0.0	0.0	0.0	0.0909090909090909	0.0	0.06060606060606061	0.0	0.030303030303030304	0.0	0.030303030303030304	0.0	0.0	0.0	0.0	0.0	3
Porphyromonas_gingivalis_A7A1-28	0	0	0	0	0	0	0	0	0	0	0	0	0	0	0	0	0	0	0	0	0.09090909090909091	0.0	0.0	0.0	0.0	0.0	0.0	0.0	0.0	0.0	0.0	0.045454545454545456	0.045454545454545456	0.0	0.0	0.045454545454545456	0.0	0.0	0.045454545454545456	0.0	2
Porphyromonas_gingivalis_W83	0	0	0	0	0	0	0	0	0	0	0	0	0	0	0	0	0	0	0	0	0	0	0	0	0	0	0	0	0	0	0	0	0	0	0	0	0	0	0	0	0
Rickettsia_africae	0	0	0	0	0	0	0	0	0	0	0	0	0	0	0	0	0	0	0	0	0	0	0	0	0	0	0	0	0	0	0	0	0	0	0	0	0	0	0	0	0
Rickettsia_akari	0	0	0	0	0	0	0	0	0	0	0	0	0	0	0	0	0	0	0	0	0	0	0	0	0	0	0	0	0	0	0	0	0	0	0	0	0	0	0	0	0
Rickettsia_conorii	0	0	0	0	0	0	0	0	0	0	0	0	0	0	0	0	0	0	0	0	0	0	0	0	0	0	0	0	0	0	0	0	0	0	0	0	0	0	0	0	0
Rickettsia_felis	0	0	0	0	0	0	0	0	0	0	0	0	0	0	0	0	0	0	0	0	0	0	0	0	0	0	0	0	0	0	0	0	0	0	0	0	0	0	0	0	0
Rickettsia_japonica	0	0	0	0	0	0	0	0	0	0	0	0	0	0	0	0	0	0	0	0	0	0	0	0	0	0	0	0	0	0	0	0	0	0	0	0	0	0	0	0	0
Rickettsia_prowazekii	0	1.0	1.0	0	0	0	0	0	0	0	0	0	0	0	0	0	0	0	0	0	0.0	0.09090909090909091	0.09090909090909091	0.0	0.0	0.0	0.0	0.0	0.0	0.0	0.0	0.0	0.0	0.0	0.0	0.0	0.0	0.0	0.0	0.0	2
Rickettsia_rickettsii	0	0	0	0	0	0	0	0	0	0	0	0	0	0	0	0	0	0	0	0	0	0	0	0	0	0	0	0	0	0	0	0	0	0	0	0	0	0	0	0	0
Rickettsia_sibirica	0	0	0	0	0	0	0	0	0	0	0	0	0	0	0	0	0	0	0	0	0	0	0	0	0	0	0	0	0	0	0	0	0	0	0	0	0	0	0	0	0
Rickettsia_typhi	0	0	0	0	0	0	0	0	0	0	0	0	0	0	0	0	0	0	0	0	0	0	0	0	0	0	0	0	0	0	0	0	0	0	0	0	0	0	0	0	0
Salmonella_enterica	0.9900990099009901	0	0.4878048780487805	0	0	0	0	0.01	0	1.0	0	0	0	0	0	0	0.5	0	0.5128205128205128	0	0.0438715513342379	0.0	0.022614201718679332	0.022614201718679332	0.0	0.0	4.522840343735866E-4	2.261420171867933E-4	0.022614201718679332	0.0011307100859339666	0.0	2.261420171867933E-4	2.261420171867933E-4	0.0	0.022388059701492536	0.0011307100859339666	0.022614201718679332	0.0	0.022614201718679332	0.0	402
Salmonella_enterica_subsp._enterica	0	0	0	0	0	0	0	0	0	0.047619047619047616	0	0	0	0	0	0	0	0	0	0	0.0	0.0	0.0	0.0	0.0	0.0	0.0	0.0	0.040106951871657755	0.0019098548510313215	0.0053475935828877	0.0	0.0019098548510313215	0.0	3.819709702062643E-4	0.0	0.0	0.0	0.012605042016806723	0.0	238
Salmonella_enterica_subsp._enterica_serovar_Enteritidis	0	0	0	0	0	0	0	0	0	0	0	0	0	0	0	0	0	0	0	0	0.0	0.0	0.0	0.0	0.0	0.0	0.0	0.0	0.0	0.0	0.0	0.0	0.0	0.0	0.0	0.0	0.0	0.0	0.0	0.0	1
Salmonella_enterica_subsp._enterica_serovar_Typhimurium	0	0	0	0	0	0	0	0	0	0	0	0	0	0	0	0	0	0	0	0	0	0	0	0	0	0	0	0	0	0	0	0	0	0	0	0	0	0	0	0	0
Sheeppox_virus	0	0	0	0	0	0	0	0	0	0	0	0	0	0	0	0	0	0	0	0	0	0	0	0	0	0	0	0	0	0	0	0	0	0	0	0	0	0	0	0	0
Shigella_boydii	0	0	0	0	0	0	0	0	0	0	0	0	0	0	0	0	0	0	0	0	0	0	0	0	0	0	0	0	0	0	0	0	0	0	0	0	0	0	0	0	0
Shigella_dysenteriae	0	0	0	0	0	0	0	0	0	0	0	0	0	0	0	0	0	0	0	0	0	0	0	0	0	0	0	0	0	0	0	0	0	0	0	0	0	0	0	0	0
Shigella_flexneri	0	0	0	0	0	0	0	0	0	0	0	0	0	0	0	0	0	0	0	0	0	0	0	0	0	0	0	0	0	0	0	0	0	0	0	0	0	0	0	0	0
Shigella_flexneri_3a	0	0	1.0	0	0	0	0	0	0	0	0	0	0	0	0	0	0	0	0	0	0.0	0.0	0.09090909090909091	0.0	0.0	0.0	0.0	0.0	0.0	0.0	0.0	0.0	0.0	0.0	0.0	0.0	0.0	0.0	0.0	0.022727272727272728	4
Shigella_sonnei	0	0	0	0	0	0	0	0	0	0	0	0	0	0	0	0	0	0	0	0	0	0	0	0	0	0	0	0	0	0	0	0	0	0	0	0	0	0	0	0	0
Simian_virus_12	0	0	0	0	0	0	0	0	0	0	0	0	0	0	0	0	0	0	0	0	0	0	0	0	0	0	0	0	0	0	0	0	0	0	0	0	0	0	0	0	0
Staphylococcus_aureus	1.0	0	0	0	0	1.0	0	0	0	0	0	0	0	0	0	0	0	0	0	0	0.049407114624505935	4.940711462450593E-4	0.0	4.940711462450593E-4	0.049407114624505935	9.881422924901185E-4	0.0	0.0	0.0	0.0	0.0	0.0	0.049407114624505935	0.0	0.0	0.0	0.0	4.940711462450593E-4	0.049407114624505935	0.0	184
Staphylococcus_aureus_subsp._aureus_NCTC_8325	0	0	0	0	0	0	0	0	0	0	0	0	0	0	0	0	0	0	0	0	0.0	0.0	0.045454545454545456	0.0	0.0	0.0	0.0	0.0	0.0	0.0	0.0	0.0	0.0	0.0	0.0	0.09045454545454545	0.0	0.0	0.0	0.0	200
Staphylococcus_cohnii	0	0	0	1.0	0	0	0	0	0	0	0	0	0	0	0	0	0	0	0	0	0.0	0.0	0.0	0.06060606060606061	0.0	0.0	0.0	0.0	0.0	0.0	0.0	0.030303030303030304	0.030303030303030304	0.030303030303030304	0.0	0.030303030303030304	0.0	0.0	0.030303030303030304	0.030303030303030304	3
Staphylococcus_epidermidis	0	0	0	0	0	0	0	0	0	0	0	0	0	0	0	0	0	1.0	0	1.0	0.0013175230566534915	0.0303030303030303	0.022397891963109352	0.0	0.0	0.0	0.0	0.0	0.0	0.015810276679841896	0.01976284584980237	0.0	0.023715415019762848	0.01976284584980237	0.028985507246376812	0.0	0.01976284584980237	0.023715415019762848	0.0	0.002635046113306983	69
Staphylococcus_epidermidis_PM221	0	0	0	0	0	0	0	0	0	0	0	1.0	0	0	0	0	0	0	0	0	0.0	0.0	0.0	0.0	0.0	0.0	0.09090909090909091	0.0	0.0	0.0	0.08264462809917356	0.08264462809917356	0.0	0.08264462809917356	0.0	0.0	0.0	0.0	0.008264462809917356	0.08264462809917356	11
Staphylococcus_equorum	0.3333333333333333	0.16666666666666666	0	0.3333333333333333	0.1	0	0	0	0	0	0	0	1.0	0	0	0	0	0	0	0	0.024793388429752063	0.012396694214876032	0.0	0.004132231404958678	0.004132231404958678	0.024793388429752063	0.0	0.012396694214876032	0.004132231404958678	0.0	0.004132231404958678	0.0	0.008264462809917356	0.01652892561983471	0.0	0.0	0.0	0.0	0.01652892561983471	0.0	22
Staphylococcus_hominis	0	0	0	0	0	0	0	0	0	0	0	0	0	0	0	0	0	0	0.75	1.0	0.06493506493506493	0.0	0.0	0.0	0.03896103896103896	0.03896103896103896	0.0	0.0	0.025974025974025976	0.0	0.0	0.0	0.0	0.0	0.0	0.0	0.0	0.03896103896103896	0.03896103896103896	0.012987012987012988	7
Staphylococcus_hominis_subsp._hominis	0	0	0	0	0	0	0	0	0	0	0	0	0	0	0	0	0	0	0	0	0.0	0.0	0.09090909090909091	0.0	0.0	0.0	0.0	0.0	0.0	0.09090909090909091	0.09090909090909091	0.0	0.0	0.0	0.0	0.0	0.0	0.0	0.0	0.0	1
Staphylococcus_nepalensis	0	0	0	0	0	0	0	0	0	0	0	0	0	0	0	0	0	0	0	0	0.015151515151515152	0.0	0.015151515151515152	0.0	0.015151515151515152	0.015151515151515152	0.0	0.0	0.030303030303030304	0.0	0.0	0.0	0.0	0.0	0.0	0.015151515151515152	0.0	0.0	0.0	0.0	6
Staphylococcus_saprophyticus	0	0	0	0	0	0	0	0	0	0	0	0	0	0	0	0	0	0	0	0	0.0	0.0	0.0	0.0	0.0	0.0	0.0	0.0	0.0	0.0	0.0	0.0	0.09090909090909091	0.0	0.0	0.0	0.0	0.0	0.0	0.0	1
Staphylococcus_simulans	0	0	0	0.2727272727272727	0	0	0	0	0	0	0	0	1.0	0	0	0	0.875	0	0	1.0	0.03636363636363636	0.0	0.0	0.013636363636363636	0.0	0.03636363636363636	0.0	0.0	0.0	0.03636363636363636	0.0	0.0	0.03636363636363636	0.013636363636363636	0.013636363636363636	0.03636363636363636	0.031818181818181815	0.0	0.0	0.03636363636363636	20
Staphylococcus_succinus	0	0	0	0	0	0	0	0	0	0	0	0	0	0	0	0	0	1.0	0	0	0.0	0.0	0.01818181818181818	0.0	0.01818181818181818	0.0	0.0	0.0	0.0	0.0	0.0	0.0	0.0	0.0	0.0	0.01818181818181818	0.0	0.03636363636363636	0.0	0.0	5
Streptococcus_agalactiae	0	0	1.0	0	0	0	0	0	0	0	0	0	0	0	0	0	0	0	1.0	1.0	0.0	0.030303030303030304	0.06060606060606061	0.0	0.0	0.0	0.0	0.0	0.0	0.030303030303030304	0.0	0.0	0.030303030303030304	0.030303030303030304	0.0	0.0	0.0	0.0	0.04545454545454545	0.04545454545454545	6
Streptococcus_anginosus	1.0	0	1.0	1.0	0	0	0	0	0	0	0	0	0	0	0	0	0	0	0	0	0.015151515151515152	0.0	0.030303030303030304	0.04545454545454545	0.0	0.0	0.0	0.0	0.0	0.0	0.015151515151515152	0.0	0.0	0.0	0.0	0.0	0.0	0.0	0.0	0.0	6
Streptococcus_canis	0	0	0	0	0	0	0	0	0	0	0	0	0	0	0	0	0	0	0	0	0.0	0.0	0.0	0.0	0.0	0.0	0.0	0.0	0.0	0.0	0.0	0.09090909090909091	0.0	0.0	0.0	0.0	0.0	0.0	0.0	0.0	1
Streptococcus_cristatus	0	0	0	0	0	0	0	0	0	0	0	0	0	0	0	0	0	0	0	0	0	0	0	0	0	0	0	0	0	0	0	0	0	0	0	0	0	0	0	0	0
Streptococcus_dysgalactiae	0	0	0	0	0	0	0	0	0	0	0	0	0	0	0	0	0	0	0	0	0	0	0	0	0	0	0	0	0	0	0	0	0	0	0	0	0	0	0	0	0
Streptococcus_dysgalactiae_subsp._dysgalactiae	0	0	0	0	0	0	0	0	0	0	0	0	0	0	0	0	0	0	0	1.0	0.045454545454545456	0.0	0.0	0.045454545454545456	0.045454545454545456	0.045454545454545456	0.0	0.0	0.0	0.0	0.0	0.0	0.0	0.0	0.0	0.0	0.0	0.0	0.0	0.045454545454545456	8
Streptococcus_equi	0	0	0	0	0	0	0	0	0	0	0	0	0	0	0	0	0	0	0	0	0	0	0	0	0	0	0	0	0	0	0	0	0	0	0	0	0	0	0	0	0
Streptococcus_equi_subsp._zooepidemicus	0	0	0	0	0	0	0	0	0	0	0	0	0	0	0	0	0	0	0	0	0.0	0.0	0.0	0.0	0.0	0.0	0.0	0.0	0.0	0.0	0.0	0.0	0.0	0.06818181818181818	0.0	0.0	0.0	0.0	0.0	0.0	4
Streptococcus_equi_subsp._zooepidemicus_MGCS10565	1.0	0	0	0	0	0	0	0	0	0	0	0	0	0	0	0	0	0	0	0	0.09090909090909091	0.0	0.0	0.0	0.0	0.0	0.06363636363636363	0.0	0.0	0.00909090909090909	0.0	0.0	0.00909090909090909	0.0	0.0	0.00909090909090909	0.0	0.0	0.06363636363636363	0.0	10
Streptococcus_gallolyticus	0.16666666666666666	0.16666666666666666	0.1875	0.09090909090909091	0	0	0	0	0.10526315789473684	0.1	0	0.06666666666666667	0	0.21428571428571427	0	0.09090909090909091	0.1111111111111111	0.125	0.36363636363636365	0.47368421052631576	0.0062266500622665	0.0024906600249066002	0.0062266500622665	0.0037359900373599	0.0037359900373599	0.0037359900373599	0.0037359900373599	0.0	0.0062266500622665	0.0024906600249066002	0.0012453300124533001	0.0012453300124533001	0.0	0.0037359900373599	0.0	0.0037359900373599	0.0037359900373599	0.0024906600249066002	0.0062266500622665	0.012453300124533	73
Streptococcus_gallolyticus_UCN34	0.4270833333333333	0.21904761904761905	0.12727272727272726	0.09183673469387756	0	0.07291666666666667	0.08433734939759036	0.052083333333333336	0	0.02912621359223301	0.018691588785046728	0.04032258064516129	0.045454545454545456	0.03636363636363636	0.043478260869565216	0.08396946564885496	0	0.1619047619047619	0.15254237288135594	0.4016393442622951	0.008429752066115704	0.005289256198347108	0.0024793388429752063	0.001652892561983471	0.001322314049586777	0.0023140495867768596	0.001652892561983471	0.001652892561983471	6.611570247933885E-4	0.001652892561983471	0.0011570247933884298	0.001322314049586777	0.001652892561983471	0.0011570247933884298	0.001322314049586777	0.0018181818181818182	8.264462809917355E-4	0.002975206611570248	0.0038016528925619835	0.00909090909090909	550
Streptococcus_gordonii	1.0	0	0	0	0	0	0	0	0	0	0	0	0	0	0	0	0	0	0	0	0.07954545454545454	0.0	0.0	0.0	0.0	0.0	0.0	0.0	0.011363636363636364	0.0	0.0	0.0	0.0	0.0	0.011363636363636364	0.0	0.0	0.0	0.0	0.0	8
Streptococcus_gordonii_str._Challis_substr._CH1	0	0	0	0	0	0	0	0	0	0	0	0	0	0	0	0	0	0	0	0	0	0	0	0	0	0	0	0	0	0	0	0	0	0	0	0	0	0	0	0	0
Streptococcus_intermedius	0	0	0	0	0	0	0	0	0	0	0	0	0	0	0	0	0	0	0	0	0.0	0.0	0.0	0.0	0.09090909090909091	0.0	0.0	0.0	0.0	0.0	0.0	0.09090909090909091	0.0	0.0	0.0	0.0	0.0	0.0	0.0	0.0	1
Streptococcus_lutetiensis	1.0	0	0	0	0	0	0	0	0	0	0	0	0	0	0	0	1.0	0.6666666666666666	0.3333333333333333	0	0.011857707509881422	0.0	0.0	0.0	0.0	0.0	0.0	0.0	0.0	0.0	0.0	0.0	0.0	0.0	0.0	0.0	0.007905138339920948	0.011857707509881422	0.003952569169960474	0.0	23
Streptococcus_milleri	0	0	0	0	0	0	0	0	0	0	0	0	0	0	0	0	0	0	0	0	0	0	0	0	0	0	0	0	0	0	0	0	0	0	0	0	0	0	0	0	0
Streptococcus_mitis	0	0	0	0	0	0	0	0	0	0	0	0	0	1.0	0	0	0	0	0	0	0.0	0.0	0.0	0.0	0.0	0.0	0.0	0.0	0.0	0.0	0.0	0.0	0.0	0.09090909090909091	0.0	0.0	0.0	0.0	0.0	0.0	1
Streptococcus_mutans	0	0	0	0	0	0	0	0	0	0	0	0	0	0	0	0	0	0	0	0	0.0	0.0	0.0	0.0	0.0	0.0	0.09090909090909091	0.0	0.0	0.0	0.0	0.0	0.0	0.0	0.0	0.09090909090909091	0.0	0.0	0.0	0.0	1
Streptococcus_mutans_UA159	0.25	0	0	0	0	0	0	0	0	0	0	0	0	0	0	0	0	0	0	0	0.012987012987012988	0.0	0.0	0.0	0.0	0.03896103896103896	0.0	0.0	0.03896103896103896	0.0	0.0	0.0	0.0	0.03896103896103896	0.0	0.0	0.0	0.0	0.0	0.0	7
Streptococcus_oralis	0	0	0	0	0	0	0	0	0	0	0	0	0	0	0	0	0	0	0	0	0	0	0	0	0	0	0	0	0	0	0	0	0	0	0	0	0	0	0	0	0
Streptococcus_parauberis	0	0	0	0	0	0	0	0	0	0	0	0	0	0	0	0	0	0	0	0	0	0	0	0	0	0	0	0	0	0	0	0	0	0	0	0	0	0	0	0	0
Streptococcus_parauberis_NCFD_2020	0	0	0	0	0	0	0	0	0	0	0	0	0	0	0	0	0	0	0	0	0.0	0.0	0.0	0.0	0.0	0.0	0.0	0.0	0.09090909090909091	0.0	0.0	0.0	0.0	0.0	0.0	0.0	0.0	0.0	0.0	0.0	1
Streptococcus_pneumoniae	0	0	0	0	0	0	0	0	0	0	0	0	0	0	0	0	0	0	0	0	0	0	0	0	0	0	0	0	0	0	0	0	0	0	0	0	0	0	0	0	0
Streptococcus_pyogenes	0	0	0	0	0	0	0	0	0	0	0	0	0	0	0	0	0	0	0	0	0	0	0	0	0	0	0	0	0	0	0	0	0	0	0	0	0	0	0	0	0
Streptococcus_pyogenes_STAB1102	0	0	0	0	0	0	0	0	0	0	0	0	0	0	0	0	0	0	0	0	0.0	0.0	0.0	0.09090909090909091	0.0	0.09090909090909091	0.0	0.0	0.0	0.0	0.0	0.0	0.0	0.0	0.0	0.045454545454545456	0.0	0.045454545454545456	0.0	0.045454545454545456	2
Streptococcus_salivarius	0	0	0	0	0	0	0	0	0	0	0	0	0	0	0	0	0	0	0	0	0.0	0.0	0.0	0.0	0.0	0.0	0.0	0.0	0.09090909090909091	0.0	0.0	0.0	0.0	0.0	0.0	0.0	0.0	0.0	0.0	0.0	1
Streptococcus_sanguinis	0	0	0	0	0	0	0	0	0	0	0	0	0	0	0.5	0	0	0	0.5	1.0	0.0	0.0	0.0	0.04545454545454545	0.0	0.0	0.04545454545454545	0.0	0.0	0.0	0.030303030303030304	0.0	0.0	0.0	0.015151515151515152	0.04545454545454545	0.0	0.0	0.015151515151515152	0.07575757575757576	6
Streptococcus_sp._HSISM1	1.0	0	0	0	0	0	0	0	0	0	0	0	0	0	0	0	0	0	0	0	0.09090909090909091	0.0	0.0	0.0	0.0	0.0	0.0	0.0	0.0	0.0	0.0	0.0	0.0	0.0	0.0	0.09090909090909091	0.0	0.0	0.0	0.0	1
Streptococcus_suis	0.3333333333333333	0	0	0	0	0	0	0	0	0	0	0	0	0	0	0	0.06666666666666667	1.0	0	0	0.004784688995215311	0.06220095693779905	0.06220095693779905	0.06220095693779905	0.0	0.0	0.06698564593301436	0.0	0.0	0.06220095693779905	0.0	0.0	0.0	0.0	0.0	0.0	0.004784688995215311	0.004784688995215311	0.0	0.0	19
Streptococcus_suis_05HAS68	0	0	0	0	0	0	0	0	0	0	0	0	1.0	0	0	0	0	0	0	0	0.0	0.0	0.0	0.09090909090909091	0.09090909090909091	0.09090909090909091	0.0	0.0	0.0	0.0	0.0	0.0	0.0839160839160839	0.0	0.0	0.0	0.0	0.0	0.0	0.0	13
Streptococcus_thermophilus	0	0	0	0	0	0	0	0	0	0	0	0	0	0	0	0	0	0	0.13333333333333333	1.0	0.017045454545454544	0.0	0.0	0.0	0.0	0.0	0.017045454545454544	0.0	0.0	0.0	0.0	0.0	0.0	0.0	0.0	0.0	0.0	0.0	0.011363636363636364	0.005681818181818182	16
Tannerella_forsythia	0	0	0	0	0	0	0	0	0	0	0	0	0	0	0	0	0	0	0	0	0	0	0	0	0	0	0	0	0	0	0	0	0	0	0	0	0	0	0	0	0
Tannerella_forsythia_92A2	0	0	0	0	0	0	0	0	0	0	0	1.0	0	0	0	0	0	0	0	0	0.0	0.0	0.0	0.0	0.0	0.0	0.09090909090909091	0.0	0.0	0.0	0.09090909090909091	0.09090909090909091	0.0	0.0	0.0	0.09090909090909091	0.0	0.0	0.0	0.0	1
Tannerella_forsythia_KS16	0	0	0	0	0	0	0	0	0	0	0	0	0	0	0	0	0	0	0	0	0.0	0.09090909090909091	0.0	0.0	0.0	0.0	0.0	0.09090909090909091	0.09090909090909091	0.09090909090909091	0.0	0.0	0.0	0.0	0.0	0.0	0.0	0.0	0.0	0.0	1
Treponema	0	1.0	0	0	0	0	0	0	0	0	0	0.8888888888888888	0	0	0	0	0.2	0	0	0	0.0	0.06293706293706294	0.0	0.0	0.0	0.006993006993006993	0.006993006993006993	0.0	0.0	0.006993006993006993	0.006993006993006993	0.055944055944055944	0.0	0.0	0.055944055944055944	0.0	0.006993006993006993	0.06293706293706294	0.006993006993006993	0.027972027972027972	13
Treponema_azotonutricium_ZAS-9	0	0	0	0	0	0	0	0	0	0	0	0	0	0	0	0	0	0	0	0	0.0	0.0	0.0	0.0	0.0	0.0	0.0	0.0	0.0	0.0	0.0	0.0	0.0	0.0	0.0	0.0	0.0	0.0	0.0	0.0	1
Treponema_brennaborense_DSM_12168	0	0	0	0	0	0	0	0	0	0	0	0	0	0	0	0	0	0	0	0	0.0	0.0	0.0	0.0	0.0	0.0	0.0	0.0	0.0	0.0	0.0	0.0	0.0	0.030303030303030304	0.0	0.0	0.030303030303030304	0.0	0.0	0.0	3
Treponema_caldarium_DSM_7334	0	0	0	0	0	0	0	0	0	0	0	0	0	0	0	0	0	0	0	0	0.0	0.0	0.0	0.09090909090909091	0.0	0.0	0.0	0.0	0.0	0.0	0.0	0.0	0.0	0.09090909090909091	0.0	0.0	0.0	0.0	0.0	0.0	1
Treponema_denticola	0	0	0	0	0	0	0	0	0	0	0	0	0	0	0	0	0	0	0	0	0	0	0	0	0	0	0	0	0	0	0	0	0	0	0	0	0	0	0	0	0
Treponema_denticola_ATCC_35405	0	0	0	0	0	0	0	0	0	0	0	0	0	0	0	0	0	0	0	0	0	0	0	0	0	0	0	0	0	0	0	0	0	0	0	0	0	0	0	0	0
Treponema_denticola_H1-T	0	0	0	0	0	0	0	0	1.0	0	0	0	0	0	0	0	0	0	0	0	0.0	0.0	0.0	0.0	0.0	0.0	0.0	0.0	0.09090909090909091	0.0	0.0	0.0	0.0	0.0	0.0	0.0	0.0	0.09090909090909091	0.09090909090909091	0.0	1
Treponema_pallidum	0	0	0	0	0	0	0	0	0	0	0	0	0	0	0	0	0	0	0	0	0	0	0	0	0	0	0	0	0	0	0	0	0	0	0	0	0	0	0	0	0
Treponema_pallidum_subsp._pallidum	0	0	0	0	0	0	0	0	0	0	0	0	0	0	0	0	0	0	0	0	0	0	0	0	0	0	0	0	0	0	0	0	0	0	0	0	0	0	0	0	0
Treponema_pallidum_subsp._pertenue	0	0	0	0	0	0	0	0	0	0	0	0	0	0	0	0	0	0	0	0	0	0	0	0	0	0	0	0	0	0	0	0	0	0	0	0	0	0	0	0	0
Treponema_parvum	0	0	0	0	0	0	0	0	0	0	0	0	0	0	0	0	0	0	0	0	0.0	0.0	0.0	0.0	0.0	0.0	0.0	0.0	0.0909090909090909	0.0	0.0	0.0	0.0	0.0	0.0	0.0	0.0	0.0	0.0	0.06060606060606061	3
Treponema_phagedenis	0	0	0	0	0	0	0	0	0	0	0	0	0	0	0	0	0	0	0	0	0.012987012987012988	0.0	0.0	0.0	0.0	0.0	0.0	0.0	0.0	0.0	0.0	0.0	0.0	0.0	0.0	0.06493506493506493	0.0	0.0	0.0	0.0	7
Treponema_ruminis	0	0	0	0	0	0	0	0	0	0	0	0	0	0	0	0	0	0	0	0	0.0	0.0	0.0	0.0	0.0	0.0	0.0	0.0	0.0	0.0	0.0	0.0	0.0	0.0	0.0	0.0	0.0	0.0	0.0	0.0	1
Treponema_socranskii_subsp._buccale	0	0	0	0	0	0	0	0	0	0	0	0	0	0	0	0	0	0	0	0	0.0	0.0	0.0	0.0	0.0	0.0	0.0	0.0	0.0	0.0	0.0	0.0	0.0	0.0	0.0	0.0	0.0	0.0	0.0	0.0	1
Treponema_succinifaciens_DSM_2489	0.42857142857142855	0.4	0	0	0.5	0	0.4	0	0.2	0	0	0.16666666666666666	0	0	0	0	0	0	0.5	0.2857142857142857	0.011363636363636362	0.007575757575757576	0.0	0.0	0.003787878787878788	0.003787878787878788	0.007575757575757576	0.0	0.003787878787878788	0.0	0.0	0.003787878787878788	0.0	0.0	0.0	0.0	0.0	0.0	0.011363636363636362	0.007575757575757576	24
Treponema_vincentii	0	0	0	0	0	0	0	0	0	0	0	0	0	0	0	0	0	0	0	0	0.0	0.045454545454545456	0.0	0.045454545454545456	0.0	0.0	0.0	0.0	0.045454545454545456	0.0	0.0	0.0	0.0	0.0	0.0	0.0	0.0	0.0	0.0	0.045454545454545456	2
Veillonella_parvula	0	1.0	0	0	0	0	0	0	0	0	0	0	0	0	0	0	0	0	0	0	0.0	0.09090909090909091	0.0	0.0	0.09090909090909091	0.0	0.0	0.07792207792207792	0.0	0.0	0.012987012987012988	0.0	0.0	0.025974025974025976	0.0	0.0	0.0	0.0	0.0	0.09090909090909091	7
Veillonella_parvula_HSIVP1	0	0	0	0	0	0	0	0	0	0	0	0	0	0	0	0	0	0	0	0	0.0	0.0	0.0	0.0	0.09090909090909091	0.0	0.0	0.0	0.0	0.0	0.0	0.045454545454545456	0.0	0.0	0.045454545454545456	0.0	0.045454545454545456	0.0	0.0	0.0	2
Vesicular_stomatitis_Indiana_virus	0	0	0	0	0	0	0	0	0	0	0	0	0	0	0	0	0	0	0	0	0	0	0	0	0	0	0	0	0	0	0	0	0	0	0	0	0	0	0	0	0
Vibrio_anguillarum	0.2222222222222222	0	0	0	0	0	0	0	0	0	0	0	0	0	0	0	0.6666666666666666	0	0	0	0.010695187165775402	0.005347593582887701	0.0	0.0160427807486631	0.0	0.0	0.0	0.005347593582887701	0.0	0.005347593582887701	0.010695187165775402	0.005347593582887701	0.0	0.010695187165775402	0.0	0.010695187165775402	0.010695187165775402	0.0	0.0	0.0	17
Vibrio_anguillarum_775	0	0	0	0	0	0	0	0	0	0	0	0	0	0	0	0	0	0	0	0	0.0	0.0	0.032467532467532464	0.05844155844155845	0.0	0.032467532467532464	0.0	0.0	0.0	0.0	0.032467532467532464	0.05844155844155845	0.006493506493506494	0.0	0.0	0.0	0.006493506493506494	0.0	0.0	0.0	14
Vibrio_cholerae	0.125	0	0.2	0	0	0.05555555555555555	0.16666666666666666	0	0	0	0	0	0	0	0	0	0	0	0	0	0.0037105751391465678	0.0	0.02040816326530612	0.0018552875695732839	0.0074211502782931356	0.0018552875695732839	0.0018552875695732839	0.0	0.0	0.0018552875695732839	0.0018552875695732839	0.0	0.02411873840445269	0.0	0.0018552875695732839	0.014842300556586271	0.0018552875695732839	0.0018552875695732839	0.0037105751391465678	0.0	49
Vibrio_cholerae_O1_biovar_El_Tor	0	0	0	0	1.0	0	0	0	0	0	0	0	0	0	0	0	0	0	0	0	0.0	0.0	0.0	0.0	0.09090909090909091	0.0	0.0	0.0	0.0	0.0	0.0	0.0	0.0	0.0	0.0	0.0	0.0	0.0	0.0	0.0	1
Vibrio_cholerae_O395	0	0	0	0	0	0	0	0	0	0	0	0	0	0	0	0	0	0	0	0	0.0	0.0	0.0	0.0	0.0	0.0	0.0	0.0	0.0	0.0909090909090909	0.0	0.0	0.0	0.0	0.0	0.0	0.0	0.0	0.06060606060606061	0.0	3
Vibrio_furnissii	0	0	0.034482758620689655	0.018867924528301886	0.02127659574468085	0.0821917808219178	0.047619047619047616	0	0.038461538461538464	0.0392156862745098	0	0	0	0.11764705882352941	0	0.05263157894736842	0.07272727272727272	0.05172413793103448	0.08333333333333333	0.05714285714285714	0.0014822134387351778	0.0024703557312252965	0.006422924901185771	0.0029644268774703555	0.005928853754940711	0.00691699604743083	0.001976284584980237	0.004446640316205534	0.004446640316205534	0.001976284584980237	0.001976284584980237	0.004940711462450593	0.003458498023715415	0.00691699604743083	0.003458498023715415	0.004446640316205534	0.004940711462450593	0.006422924901185771	0.004446640316205534	0.003952569169960474	184
Vibrio_furnissii_NCTC_11218	0	0	0.10869565217391304	0.16071428571428573	0	0.011764705882352941	0.05128205128205128	0	0.014925373134328358	0	0	0	0	0	0	0	0.0273972602739726	0	0.08064516129032258	0	0.0011223344556677889	0.0011223344556677889	0.005237560793116348	0.0044893378226711555	0.0011223344556677889	0.0044893378226711555	0.0018705574261129816	0.0011223344556677889	0.0022446689113355778	7.482229704451927E-4	0.002992891881780771	0.002992891881780771	0.0018705574261129816	0.0014964459408903855	3.7411148522259637E-4	0.002618780396558174	0.0014964459408903855	0.0014964459408903855	0.005237560793116348	0.002618780396558174	243
Vibrio_parahaemolyticus	0	0	0	0	0	0	0	0	0	0	0	0	0	0	0.010416666666666666	0	0.1111111111111111	0	0	0	0.004381161007667032	0.0	0.002190580503833516	0.0032858707557502738	0.0	0.04271631982475356	0.0016429353778751369	0.001095290251916758	5.47645125958379E-4	5.47645125958379E-4	0.0	0.002190580503833516	0.004381161007667032	5.47645125958379E-4	0.0016429353778751369	0.002738225629791895	0.004381161007667032	0.0	0.040525739320920046	0.0016429353778751369	166
Vibrio_parahaemolyticus_UCM-V493	0	0	0	0	0	0	0	0	0	0	0	0	0	0	0	0	0	0	0	0	0.0	0.0	0.0	0.0	0.0	0.0	0.0	0.06611570247933884	0.0	0.0	0.0	0.0	0.0	0.0	0.0	0.0	0.004132231404958678	0.01652892561983471	0.0	0.0	22
Vibrio_splendidus	0	0	0	0	0	0	0	0	0	0	0	0	0	0	0	0	0	0	0	0	0	0	0	0	0	0	0	0	0	0	0	0	0	0	0	0	0	0	0	0	0
Vibrio_vulnificus	0	0.25	0.08333333333333333	0.25	0	0	0	0	0	0	0	0	0	0	0	0	0.07142857142857142	0.125	0.05555555555555555	0	0.0	0.005145797598627787	0.022298456260720412	0.003430531732418525	0.0017152658662092624	0.0	0.003430531732418525	0.0	0.00686106346483705	0.0017152658662092624	0.025728987993138934	0.0017152658662092624	0.008576329331046312	0.0	0.003430531732418525	0.017152658662092625	0.018867924528301886	0.00686106346483705	0.00686106346483705	0.010291595197255574	53
Vibrio_vulnificus_CMCP6	1.0	1.0	0	0	0	0	0	0	1.0	0	0	0	0	0	0	0	0	0	0	0	0.09090909090909091	0.09090909090909091	0.0	0.0	0.0	0.0	0.0	0.0	0.09090909090909091	0.0	0.0	0.0	0.0	0.0	0.0	0.0	0.0	0.0	0.0	0.0	1
Vibrio_vulnificus_VVyb1(BT3)	0	0	0	0	0	0	0.3333333333333333	0	0	0	0	0	0	0	0	0	0	0	0	0	0.0	0.0	0.0	0.0	0.0	0.0	0.030303030303030304	0.0	0.030303030303030304	0.0	0.0	0.0	0.0	0.0	0.0	0.0	0.0	0.0	0.0	0.0	3
Vibrio_vulnificus_YJ016	0	0	0	0	0	0	0	0	0	0	0	0	0	0	0	0	0	0	0	0	0.0	0.0	0.03787878787878788	0.007575757575757576	0.030303030303030304	0.0	0.0	0.0	0.0	0.022727272727272724	0.0	0.0	0.0	0.05303030303030303	0.022727272727272724	0.0	0.0	0.022727272727272724	0.007575757575757576	0.0	12
Yersinia_aldovae	0	0	0	0	0	0	0	0	0	0	0	0	0	0	0	0	0	0	0	0	0	0	0	0	0	0	0	0	0	0	0	0	0	0	0	0	0	0	0	0	0
Yersinia_aleksiciae	0	0	0	0	0	0	0	0	0	0	0	0	0	0	0	0	0	0	0	0	0	0	0	0	0	0	0	0	0	0	0	0	0	0	0	0	0	0	0	0	0
Yersinia_enterocolitica	0	0	0	0	0	0	0	0	0	0	0	0	0	0	0	0	0	0	0	0	0.0	0.0	0.0	0.0	0.0	0.0	0.0	0.0	0.0	0.0	0.0	0.022727272727272728	0.0	0.0	0.0	0.0	0.0	0.06818181818181818	0.0	0.0	4
Yersinia_enterocolitica_LC20	0	0	0	0	0	0	0	0	0	0	0	0	0	0	0	0	0	0	0	0	0.0	0.0	0.0	0.0	0.0	0.0	0.0	0.0	0.0	0.0	0.0	0.0	0.0	0.0	0.09090909090909091	0.0	0.0	0.09090909090909091	0.0	0.0	1
Yersinia_intermedia	0	0	0	0	0	0	0	0	0	0	0	0	0	0	0	0	0	0	0	0	0.0	0.0	0.01818181818181818	0.0	0.03636363636363636	0.0	0.0	0.0	0.0	0.0	0.0	0.0	0.0	0.01818181818181818	0.03636363636363636	0.01818181818181818	0.0	0.0	0.0	0.0	5
Yersinia_pestis	0	0	0	0	0	0	0	0	0	0	0	0	0	0	0	0	0	0	0	0	0	0	0	0	0	0	0	0	0	0	0	0	0	0	0	0	0	0	0	0	0
Yersinia_pestis_CO92	0	0	0	0	0	0	0	0	0	0	0	0	0	0	0	0	0	0	0	0	0	0	0	0	0	0	0	0	0	0	0	0	0	0	0	0	0	0	0	0	0
Yersinia_pseudotuberculosis	0	0	0	0	0	0	0	0	0	0	0	0	0	0	0	0	0	0	0	0	0	0	0	0	0	0	0	0	0	0	0	0	0	0	0	0	0	0	0	0	0
Yersinia_pseudotuberculosis_complex	0	0	0	0	0	0	0	0	0	0	0	0	0	0	0	0	0	0	0	0	0	0	0	0	0	0	0	0	0	0	0	0	0	0	0	0	0	0	0	0	0
Yersinia_rohdei	0	0	0	0	0	0	0	0	0	0	0	0	0	0	0	0	0	0	0	0	0	0	0	0	0	0	0	0	0	0	0	0	0	0	0	0	0	0	0	0	0
Yersinia_ruckeri	1.0	0	1.0	0	0	0	0	0	0	0	0	0	0	0	0	0	0	0	0	0	0.0909090909090909	0.0	0.0909090909090909	0.0	0.0	0.0	0.0	0.0	0.0	0.0	0.0	0.0	0.0	0.030303030303030304	0.0	0.0	0.0	0.0	0.0	0.0	3
