Node	C>T_1	C>T_2	C>T_3	C>T_4	C>T_5	C>T_6	C>T_7	C>T_8	C>T_9	C>T_10	G>A_11	G>A_12	G>A_13	G>A_14	G>A_15	G>A_16	G>A_17	G>A_18	G>A_19	G>A_20	D>V(11Substitution)_1	D>V(11Substitution)_2	D>V(11Substitution)_3	D>V(11Substitution)_4	D>V(11Substitution)_5	D>V(11Substitution)_6	D>V(11Substitution)_7	D>V(11Substitution)_8	D>V(11Substitution)_9	D>V(11Substitution)_10	H>B(11Substitution)_11	H>B(11Substitution)_12	H>B(11Substitution)_13	H>B(11Substitution)_14	H>B(11Substitution)_15	H>B(11Substitution)_16	H>B(11Substitution)_17	H>B(11Substitution)_18	H>B(11Substitution)_19	H>B(11Substitution)_20	considered_Matches
Actinobacillus_equuli	0	0.6666666666666666	0	0	0	0	0	0	1.0	0	0	0	0	0	0	0	0	0	0	0	0.0	0.06060606060606061	0.06060606060606061	0.030303030303030304	0.0	0.0	0.0	0.0	0.030303030303030304	0.0	0.0	0.030303030303030304	0.0	0.0	0.0	0.030303030303030304	0.0	0.030303030303030304	0.0	0.030303030303030304	3
Actinobacillus_pleuropneumoniae	0	0	0	0	0	0	0	0	0	0	0	0	0	0	0	0	0	0	0	0	0.0	0.0	0.0	0.030303030303030304	0.0	0.0	0.06060606060606061	0.0	0.0	0.06060606060606061	0.0	0.04545454545454545	0.0	0.0	0.030303030303030304	0.04545454545454545	0.0	0.030303030303030304	0.07575757575757576	0.0	6
Actinobacillus_pleuropneumoniae_serovar_6_str._Femo	0	0	0	0	0	0	0	0	0	0	0	0	0	0	0	0	0	0	0	0.6666666666666666	0.0	0.0	0.0	0.0	0.0	0.0	0.0	0.0	0.0	0.0	0.06060606060606061	0.0	0.0	0.0	0.0	0.0	0.06060606060606061	0.0	0.0	0.06060606060606061	3
African_swine_fever_virus	0	0	0	0	0	0	0	0	0	0	0	0	0	0	0	0	0	0	0	0	0	0	0	0	0	0	0	0	0	0	0	0	0	0	0	0	0	0	0	0	0
Aphthovirus	0	0	0	0	0	0	0	0	0	0	0	0	0	0	0	0	0	0	0	0	0	0	0	0	0	0	0	0	0	0	0	0	0	0	0	0	0	0	0	0	0
Arcanobacterium_haemolyticum	0	0	0	0	0	0	0	0	0	0	0	0	0.5	0	0	0	0	0	0	0	0.04784688995215311	0.0	0.009569377990430622	0.009569377990430622	0.0	0.009569377990430622	0.0	0.0	0.0	0.0	0.0	0.0	0.023923444976076555	0.014354066985645932	0.0	0.0	0.0	0.009569377990430622	0.0	0.0	19
Aspergillus_fumigatus	0	0	0	0	0	0	0	0	0	0	0	0	0	0	0	0	0	0	0	0	0	0	0	0	0	0	0	0	0	0	0	0	0	0	0	0	0	0	0	0	0
Bartonella_bacilliformis	0	0	0	0	0	0	0	0	0	0	0	0	0	0	0	0	0	0	0	0	0	0	0	0	0	0	0	0	0	0	0	0	0	0	0	0	0	0	0	0	0
Bartonella_henselae	0	0	0	0	0	0	0	0	0	0	0	0	0	0	0	0	0	0	0	0	0	0	0	0	0	0	0	0	0	0	0	0	0	0	0	0	0	0	0	0	0
Bartonella_quintana	0	0	0	0	0	0	0	0	0	0	0	0	0	0	0	0	0	0	0	0	0	0	0	0	0	0	0	0	0	0	0	0	0	0	0	0	0	0	0	0	0
Bartonella_quintana_RM-11	0	0	1.0	0	0	0	0	0	0	0	0	0	0	0	0	0	0	0	0	0	0.0	0.0909090909090909	0.0909090909090909	0.0	0.0	0.0	0.0	0.0	0.0	0.0	0.0	0.0	0.0	0.0	0.0	0.06060606060606061	0.0	0.0	0.0	0.0	3
Blastomyces_dermatitidis	0	0	0	0	0	0	0	0	0	0	0	0	0	0	0	0	0	0	0	0	0	0	0	0	0	0	0	0	0	0	0	0	0	0	0	0	0	0	0	0	0
Bordetella_bronchialis	0.26666666666666666	0	0	0	0	0	0	0	0.1	0	0	0	0	0	0	0.07142857142857142	0	0	0	0	0.01818181818181818	0.011363636363636364	0.015909090909090907	0.0022727272727272726	0.011363636363636364	0.011363636363636364	0.01818181818181818	0.00909090909090909	0.011363636363636364	0.006818181818181818	0.015909090909090907	0.01818181818181818	0.0	0.015909090909090907	0.00909090909090909	0.00909090909090909	0.004545454545454545	0.0022727272727272726	0.00909090909090909	0.00909090909090909	40
Bordetella_bronchiseptica	0	0	0	0	0	0.2222222222222222	0	0	0	0.1111111111111111	0	0.0625	0	0.125	0	0	0	0	0	0	0.005681818181818182	0.011363636363636364	0.014204545454545454	0.022727272727272728	0.019886363636363636	0.014204545454545454	0.019886363636363636	0.002840909090909091	0.011363636363636364	0.022727272727272728	0.014204545454545454	0.008522727272727272	0.017045454545454544	0.005681818181818182	0.011363636363636364	0.011363636363636364	0.014204545454545454	0.005681818181818182	0.011363636363636364	0.017045454545454544	32
Bordetella_genomosp._13	0.15789473684210525	0	0	0.08333333333333333	0	0	0.09090909090909091	0	0	0.14285714285714285	0	0	0	0.07692307692307693	0	0	0	0	0	0	0.01414141414141414	0.00606060606060606	0.00606060606060606	0.0101010101010101	0.01616161616161616	0.01616161616161616	0.01616161616161616	0.00606060606060606	0.00404040404040404	0.01212121212121212	0.00808080808080808	0.01414141414141414	0.01414141414141414	0.01212121212121212	0.00606060606060606	0.01414141414141414	0.00606060606060606	0.01616161616161616	0.01616161616161616	0.01212121212121212	45
Bordetella_pertussis	0	0.3	0.03333333333333333	0	0	0	0	0	0	0	0	0	0	0	0	0	0	0	0	0.5185185185185185	0.004170141784820684	0.006672226855713095	0.05337781484570476	0.0	0.0025020850708924102	0.04837364470391993	0.0025020850708924102	0.0567139282735613	0.004170141784820684	0.0	0.004170141784820684	0.0	0.005838198498748957	0.004170141784820684	0.005838198498748957	0.010008340283569641	0.010008340283569641	0.011676396997497914	0.011676396997497914	0.021684737281067557	109
Bordetella_pertussis_137	0	0	1.0	0	0	0	0	0	0	0	0	0	0	0	0	0	0	0	0	0	0.0	0.09090909090909091	0.09090909090909091	0.0	0.0	0.0	0.0	0.0	0.0	0.09090909090909091	0.0	0.0	0.0	0.0	0.0	0.0	0.0	0.0	0.0	0.0	10
Bordetella_pertussis_18323	0	0	0	0	0	0	0	1.0	0	0	0	0	0	0	0	0	0.21212121212121213	0	0	0	0.0	0.046511627906976744	0.0	0.03805496828752643	0.0	0.0	0.0	0.06342494714587738	0.014799154334038054	0.021141649048625793	0.0	0.0021141649048625794	0.0	0.021141649048625793	0.0	0.035940803382663845	0.014799154334038054	0.016913319238900635	0.0	0.0021141649048625794	43
Bordetella_petrii	0	0	0	0	0.2	0	0	0.125	0	0	0.1	0	0	0	0	0	0	0	0	0.1111111111111111	0.006493506493506494	0.012987012987012988	0.022727272727272728	0.016233766233766232	0.012987012987012988	0.006493506493506494	0.006493506493506494	0.00974025974025974	0.00974025974025974	0.016233766233766232	0.016233766233766232	0.012987012987012988	0.006493506493506494	0.016233766233766232	0.003246753246753247	0.006493506493506494	0.012987012987012988	0.016233766233766232	0.00974025974025974	0.01948051948051948	28
Bordetella_trematum	0	0	0	0	0	0.09090909090909091	0	0	0	0	0	0	0.07692307692307693	0.07142857142857142	0	0	0	0.18181818181818182	0.16666666666666666	0	0.014354066985645932	0.0023923444976076554	0.0023923444976076554	0.004784688995215311	0.009569377990430622	0.009569377990430622	0.014354066985645932	0.011961722488038277	0.023923444976076555	0.009569377990430622	0.0023923444976076554	0.014354066985645932	0.0023923444976076554	0.004784688995215311	0.007177033492822966	0.031100478468899524	0.01674641148325359	0.009569377990430622	0.01674641148325359	0.004784688995215311	38
Borrelia_crocidurae	0	0	0	0	0	0	0	0	0	0	0	0	0	0	0	0	0	0	0	0	0	0	0	0	0	0	0	0	0	0	0	0	0	0	0	0	0	0	0	0	0
Borrelia_crocidurae_DOU	0	0	0	0	0	0	0	0	0	0	0	0	0	0	0	0	0	0	0	0	0.09090909090909091	0.09090909090909091	0.0	0.0	0.0	0.0	0.0	0.0	0.0	0.0	0.0	0.0	0.0	0.0	0.0	0.0	0.0	0.0	0.0	0.0	1
Borrelia_recurrentis	0	0	0	0	0	0	0	0	0	0	0	0	0	0	0	0	0	0	0	0	0	0	0	0	0	0	0	0	0	0	0	0	0	0	0	0	0	0	0	0	0
Borreliella_afzelii	0	0	0	0	0	0	0	0	0	0	0	0	0	0	0	0	0	0	0	0	0	0	0	0	0	0	0	0	0	0	0	0	0	0	0	0	0	0	0	0	0
Borreliella_burgdorferi	0	0	0	0	0	0	0	0	0	0	0	0	0	0	0	0	0	0	0	0	0	0	0	0	0	0	0	0	0	0	0	0	0	0	0	0	0	0	0	0	0
Borreliella_garinii	0	0	0	0	0	0	0	0	0	0	0	0	0	0	0	0	0	0	0	0	0	0	0	0	0	0	0	0	0	0	0	0	0	0	0	0	0	0	0	0	0
Bovine_rhinitis_A_virus	0	0	0	0	0	0	0	0	0	0	0	0	0	0	0	0	0	0	0	0	0	0	0	0	0	0	0	0	0	0	0	0	0	0	0	0	0	0	0	0	0
Brucella_abortus	0	0	0	0	0	0	0	0	0	0	0	0	0	0	0	0	0	0	0	0	0	0	0	0	0	0	0	0	0	0	0	0	0	0	0	0	0	0	0	0	0
Brucella_canis	0	0	0	0	0	0	0	0	0	0	0	0	0	0	0	0	0	0	0	0	0	0	0	0	0	0	0	0	0	0	0	0	0	0	0	0	0	0	0	0	0
Brucella_melitensis	0	0	0	0	0	0	0	0	0	0	0	0	0	0	0	0	0	0	0	0	0	0	0	0	0	0	0	0	0	0	0	0	0	0	0	0	0	0	0	0	0
Brucella_microti	0	0	0	0	0	0	0	0	0	0	0	0	0	0	0	0	0	0	0	0	0	0	0	0	0	0	0	0	0	0	0	0	0	0	0	0	0	0	0	0	0
Brucella_ovis	0	0	0	0	0	0	0	0	0	0	0	0	0	0	0	0	0	0	0	0	0	0	0	0	0	0	0	0	0	0	0	0	0	0	0	0	0	0	0	0	0
Brucella_ovis_ATCC_25840	0	0	0	0	0	0	0	0	0	0	0	0	0	0	0	0	0	0	0	0	0.0	0.0	0.01818181818181818	0.0	0.07272727272727272	0.0	0.0	0.09090909090909091	0.01818181818181818	0.0	0.0	0.0	0.0	0.0	0.0	0.0	0.0	0.0	0.0	0.0	5
Brucella_suis	0	0	0	0	0	0	0	0	0	0	0	0	0	0	0	0	0	0	0	0	0	0	0	0	0	0	0	0	0	0	0	0	0	0	0	0	0	0	0	0	0
Burkholderia_cepacia	0.03225806451612903	0.041666666666666664	0.034482758620689655	0.07317073170731707	0.07142857142857142	0.030303030303030304	0.03333333333333333	0.023255813953488372	0.04878048780487805	0.08333333333333333	0.03333333333333333	0.05714285714285714	0	0	0	0.0625	0.0625	0	0.043478260869565216	0.1	0.010008340283569641	0.0158465387823186	0.007506255212677232	0.006672226855713095	0.009174311926605505	0.008340283569641367	0.009174311926605505	0.010008340283569641	0.017514595496246874	0.007506255212677232	0.004170141784820684	0.010008340283569641	0.007506255212677232	0.020016680567139282	0.019182652210175146	0.01334445371142619	0.0158465387823186	0.005838198498748957	0.0158465387823186	0.019182652210175146	109
Burkholderia_cepacia_ATCC_25416	0	0.15151515151515152	0	0	0	0	0	0	0	0	0	0	0.18181818181818182	0.17647058823529413	0.017543859649122806	0	0	0.18181818181818182	0	0	0.009530791788856305	0.013929618768328446	0.019794721407624633	0.001466275659824047	0.001466275659824047	0.005131964809384164	0.00439882697947214	0.011730205278592375	0.01099706744868035	0.0	0.014662756598240468	0.026392961876832845	0.011730205278592375	0.014662756598240468	0.018328445747800588	0.00219941348973607	0.015395894428152493	0.016129032258064516	0.006598240469208211	0.01686217008797654	124
Burkholderia_cepacia_JBK9	0.2777777777777778	0.18181818181818182	0.10714285714285714	0.23076923076923078	0	0	0.058823529411764705	0	0.1875	0	0	0.05	0.047619047619047616	0.08333333333333333	0.18181818181818182	0.10344827586206896	0	0	0	0	0.029780564263322883	0.0109717868338558	0.017241379310344827	0.0219435736677116	0.017241379310344827	0.009404388714733541	0.014106583072100314	0.006269592476489028	0.009404388714733541	0.006269592476489028	0.0109717868338558	0.003134796238244514	0.0109717868338558	0.012539184952978056	0.0047021943573667705	0.009404388714733541	0.0219435736677116	0.01567398119122257	0.0	0.014106583072100314	58
Burkholderia_gladioli	0.19285714285714287	0.013071895424836602	0.015748031496062992	0.013333333333333334	0.013793103448275862	0.06474820143884892	0	0	0.035398230088495575	0.045454545454545456	0.01910828025477707	0.05421686746987952	0	0.06918238993710692	0.08333333333333333	0.044585987261146494	0.007936507936507936	0.01020408163265306	0.01818181818181818	0.1118421052631579	0.016031280547409578	0.015249266862170088	0.013880742913000977	0.009188660801564026	0.011730205278592375	0.016617790811339198	0.012903225806451613	0.017008797653958945	0.014858260019550342	0.01270772238514174	0.012903225806451613	0.008602150537634409	0.005669599217986315	0.009775171065493648	0.010752688172043012	0.012121212121212121	0.010948191593352884	0.013294232649071359	0.010948191593352884	0.010752688172043012	465
Burkholderia_gladioli_BSR3	0.09090909090909091	0	0	0.07692307692307693	0	0	0	0	0	0	0	0	0.17647058823529413	0.16666666666666666	0	0.1111111111111111	0	0	0.15	0	0.00909090909090909	0.022727272727272724	0.01818181818181818	0.006060606060606061	0.006060606060606061	0.024242424242424242	0.013636363636363637	0.0	0.010606060606060607	0.012121212121212121	0.012121212121212121	0.004545454545454545	0.021212121212121213	0.027272727272727275	0.012121212121212121	0.012121212121212121	0.0015151515151515152	0.00909090909090909	0.013636363636363637	0.006060606060606061	60
Burkholderia_gladioli_pv._gladioli	0.010526315789473684	0.0761904761904762	0.061068702290076333	0.03260869565217391	0.06060606060606061	0.007751937984496124	0.07446808510638298	0.009708737864077669	0.05154639175257732	0.044642857142857144	0.031578947368421054	0.06611570247933884	0.05517241379310345	0.011111111111111112	0.030612244897959183	0.01098901098901099	0.049019607843137254	0.04838709677419355	0.008333333333333333	0.09523809523809523	0.013060179257362357	0.009218950064020487	0.010243277848911651	0.018693982074263767	0.01357234314980794	0.008962868117797694	0.009218950064020487	0.011523687580025609	0.010243277848911651	0.0117797695262484	0.014084507042253521	0.006914212548015365	0.008450704225352112	0.011267605633802818	0.012804097311139566	0.012804097311139566	0.014084507042253521	0.012804097311139566	0.005633802816901409	0.006914212548015365	355
Burkholderia_mallei	0	0	0.05	0	0.35294117647058826	0	0	0	0	0	0	0	0	0.2857142857142857	0	0	0	0	0	0.7777777777777778	0.005347593582887701	0.0	0.01871657754010695	0.0	0.0374331550802139	0.00802139037433155	0.0160427807486631	0.034759358288770054	0.0320855614973262	0.0	0.0026737967914438505	0.0	0.0160427807486631	0.026737967914438502	0.0026737967914438505	0.005347593582887701	0.0374331550802139	0.00802139037433155	0.013368983957219251	0.01871657754010695	34
Burkholderia_mallei_NCTC_10247	0	0	0	0	0	0	0	0	0	0	0	0	0	0	0	0	0	0	0	0	0.0	0.0	0.09090909090909091	0.0	0.0	0.0	0.0	0.0	0.0	0.0	0.0	0.0	0.0	0.0	0.0	0.0	0.0	0.0	0.0	0.0	1
Burkholderia_multivorans	0.05102040816326531	0.19642857142857142	0	0.102803738317757	0.05309734513274336	0.10112359550561797	0.06382978723404255	0.03614457831325301	0.07964601769911504	0.06741573033707865	0.007874015748031496	0.03225806451612903	0.23333333333333334	0	0.025210084033613446	0.06578947368421052	0.015625	0.03614457831325301	0.24778761061946902	0.14655172413793102	0.009282009282009281	0.019656019656019656	0.012012012012012012	0.015015015015015015	0.007098007098007098	0.009828009828009828	0.006279006279006279	0.011193011193011193	0.011193011193011193	0.013104013104013103	0.012285012285012284	0.007917007917007916	0.015561015561015561	0.013923013923013924	0.010647010647010647	0.00819000819000819	0.009555009555009554	0.007098007098007098	0.015288015288015287	0.012012012012012012	333
Burkholderia_multivorans_ATCC_17616	0.15384615384615385	0.15384615384615385	0	0	0.11363636363636363	0.05405405405405406	0.03125	0.24	0	0.08571428571428572	0.043478260869565216	0.023255813953488372	0	0.02702702702702703	0	0.08108108108108109	0.019230769230769232	0	0.05128205128205128	0	0.018972332015810275	0.010276679841897235	0.013438735177865613	0.007905138339920948	0.012648221343873518	0.011067193675889328	0.007114624505928854	0.013438735177865613	0.0031620553359683794	0.016600790513833993	0.007114624505928854	0.012648221343873518	0.011857707509881422	0.010276679841897235	0.014229249011857709	0.019762845849802372	0.009486166007905137	0.0023715415019762843	0.005533596837944664	0.007114624505928854	115
Burkholderia_multivorans_ATCC_BAA-247	0	0	0	0	0	0	0	0.04878048780487805	0	0.1111111111111111	0	0	0	0.038461538461538464	0	0	0.1388888888888889	0	0.03333333333333333	0.23076923076923078	0.018411967779056387	0.010356731875719219	0.0023014959723820483	0.006904487917146145	0.00805523590333717	0.018411967779056387	0.031070195627157654	0.009205983889528193	0.014959723820483314	0.02186421173762946	0.010356731875719219	0.012658227848101266	0.0023014959723820483	0.010356731875719219	0.02186421173762946	0.01726121979286536	0.014959723820483314	0.0034522439585730723	0.010356731875719219	0.00805523590333717	79
Burkholderia_pseudomallei	0.01020408163265306	0.5959595959595959	0.022222222222222223	0.02158273381294964	0	0	0.0076045627376425855	0.07692307692307693	0.4024390243902439	0	0	0.07692307692307693	0.01875	0	0	0	0.15714285714285714	0	0.029940119760479042	0	0.02150974025974026	0.016030844155844156	0.004667207792207792	0.006696428571428571	0.002840909090909091	0.004261363636363637	0.00974025974025974	0.007711038961038961	0.009537337662337662	0.005073051948051949	0.0016233766233766235	0.018262987012987012	0.008928571428571428	0.004667207792207792	0.028003246753246752	0.002232142857142857	0.006493506493506494	0.01765422077922078	0.005073051948051949	0.007305194805194806	448
Burkholderia_pseudomallei_1106b	0	0	0	0	0	0.058823529411764705	0.23076923076923078	0	0	0	0	0	0	0	0	0	0	0	0	0	0.041166380789022294	0.010291595197255574	0.018867924528301886	0.018867924528301886	0.008576329331046312	0.00686106346483705	0.0274442538593482	0.0	0.010291595197255574	0.0017152658662092624	0.020583190394511147	0.0017152658662092624	0.005145797598627787	0.005145797598627787	0.0	0.0017152658662092624	0.022298456260720412	0.020583190394511147	0.018867924528301886	0.00686106346483705	53
Burkholderia_pseudomallei_1710a	0	0	0	0	0	0	0	0	0	0	0	0	0	0	0	0	0	0	0	0	0.0	0.0	0.0	0.0	0.0	0.0	0.0	0.0	0.0	0.0	0.045454545454545456	0.0	0.0	0.045454545454545456	0.0	0.0	0.045454545454545456	0.0	0.045454545454545456	0.0	2
Burkholderia_pseudomallei_1710b	0	0.2	0	0	0.5	0.75	0	0	0	0	0	0	0	0	0	0	0	0	0	0	0.030303030303030304	0.030303030303030304	0.0	0.0	0.030303030303030304	0.022727272727272724	0.0	0.0	0.03787878787878788	0.007575757575757576	0.0	0.0	0.0	0.022727272727272724	0.0	0.03787878787878788	0.007575757575757576	0.0	0.0	0.0	12
Burkholderia_pseudomallei_B03	0	0.3333333333333333	0	0	0	0.14285714285714285	0	0	0	0	0	0.2	0	0	0.2	0	0	0.14285714285714285	0	0	0.0	0.01948051948051948	0.0	0.0	0.012987012987012988	0.006493506493506494	0.01948051948051948	0.0	0.0	0.0	0.032467532467532464	0.032467532467532464	0.0	0.01948051948051948	0.012987012987012988	0.0	0.0	0.006493506493506494	0.0	0.025974025974025976	14
Burkholderia_pseudomallei_MSHR1153	0	0	0	1.0	0	0	1.0	0	0	0	0	0	0	0	0	0	0	0	0	0	0.0	0.0	0.0	0.030303030303030304	0.0	0.0	0.0909090909090909	0.0	0.06060606060606061	0.0	0.0	0.0	0.0	0.0	0.0	0.030303030303030304	0.0	0.0	0.0	0.0	3
Burkholderia_pseudomallei_MSHR2543	0	0	0	0	0	0	0	0	0	0	0	0	0	0	0	0	0	0.2	0	0	0.0	0.0303030303030303	0.0	0.0	0.0	0.0	0.006060606060606061	0.012121212121212121	0.0	0.0	0.04242424242424243	0.0	0.006060606060606061	0.04242424242424243	0.01818181818181818	0.006060606060606061	0.0	0.01818181818181818	0.0	0.006060606060606061	15
Burkholderia_pseudomallei_MSHR346	0.4	0	0	0	0	0	0	0	0	0	0	0	0	0	0	0	0.3333333333333333	0	0	0	0.0303030303030303	0.04040404040404041	0.020202020202020204	0.0	0.020202020202020204	0.020202020202020204	0.0	0.010101010101010102	0.0	0.050505050505050504	0.010101010101010102	0.0	0.010101010101010102	0.010101010101010102	0.020202020202020204	0.010101010101010102	0.010101010101010102	0.0	0.0	0.0	9
Burkholderia_pseudomallei_MSHR435	0	0	0	0	0	0	0	0	0.6666666666666666	0	0	0	0	0	0	0	0	0	0	0	0.0	0.022727272727272728	0.022727272727272728	0.022727272727272728	0.022727272727272728	0.0	0.0	0.045454545454545456	0.06818181818181818	0.0	0.0	0.0	0.0	0.022727272727272728	0.022727272727272728	0.0	0.022727272727272728	0.045454545454545456	0.0	0.022727272727272728	4
Burkholderia_pseudomallei_NCTC_13179	0	0	0	0	0	0	0	0	0	0	0	0	0	0	0	0	0	0.16666666666666666	0	0	0.0	0.0	0.0	0.0	0.0303030303030303	0.010101010101010102	0.0	0.0	0.010101010101010102	0.0	0.0	0.0	0.0	0.010101010101010102	0.0	0.0	0.010101010101010102	0.010101010101010102	0.0303030303030303	0.0303030303030303	9
Burkholderia_pseudomallei_Pasteur_52237	0	0	0	0	0.3333333333333333	0	0	0	0	0	0	0	0	0	0	1.0	0	0	0	0	0.0	0.020202020202020204	0.0707070707070707	0.010101010101010102	0.010101010101010102	0.020202020202020204	0.010101010101010102	0.0	0.010101010101010102	0.020202020202020204	0.0	0.0	0.0	0.0	0.0	0.0606060606060606	0.0606060606060606	0.0	0.0	0.0	9
Campylobacter_coli	0	0	0	0	0	0	0	0	0	0	0	0	0	0	0	0	0	0	0	0	0	0	0	0	0	0	0	0	0	0	0	0	0	0	0	0	0	0	0	0	0
Campylobacter_fetus	0	0	0	0	0	0	0	0	0	0	0	0	0	0	0	0	0	0	0	0	0	0	0	0	0	0	0	0	0	0	0	0	0	0	0	0	0	0	0	0	0
Campylobacter_gracilis	0	0	0	0	0	0	0	0	0	0	0	0	0	0	0	0	0	0	0	0	0.0	0.0	0.0	0.0	0.0	0.0	0.0	0.0	0.0	0.0	0.0	0.0	0.0	0.0	0.06060606060606061	0.0	0.06060606060606061	0.0	0.06060606060606061	0.0	3
Campylobacter_showae	0	0	0	0	0	0	0	0	0	0	0	0	0	0	0	0	0	0	0	0	0	0	0	0	0	0	0	0	0	0	0	0	0	0	0	0	0	0	0	0	0
Canine_morbillivirus	0	0	0	0	0	0	0	0	0	0	0	0	0	0	0	0	0	0	0	0	0	0	0	0	0	0	0	0	0	0	0	0	0	0	0	0	0	0	0	0	0
Chlamydia_abortus	0	0	0	0	0	0	0	0	0	0	0	0	0	0	0	0	0	0	0	0	0	0	0	0	0	0	0	0	0	0	0	0	0	0	0	0	0	0	0	0	0
Chlamydia_caviae	0	0	0	0	0	0	0	0	0	0	0	0	0	0	0	0	0	0	0	0	0	0	0	0	0	0	0	0	0	0	0	0	0	0	0	0	0	0	0	0	0
Chlamydia_felis	0	0	0	0	0	0	0	0	0	0	0	0	0	0	0	0	0	0	0	0	0	0	0	0	0	0	0	0	0	0	0	0	0	0	0	0	0	0	0	0	0
Chlamydia_muridarum	0	0	0	0	0	0	0	0	0	0	0	0	0	0	0	0	0	0	0	0	0	0	0	0	0	0	0	0	0	0	0	0	0	0	0	0	0	0	0	0	0
Chlamydia_pecorum	0	0	0	0	0	0	0	0	0	0	0	0	0	0	0	0	0	0	0	0	0	0	0	0	0	0	0	0	0	0	0	0	0	0	0	0	0	0	0	0	0
Chlamydia_pneumoniae	0	0	0	0	0	0	0	0	0	0	0	0	0	0	0	0	0	0	0	0	0	0	0	0	0	0	0	0	0	0	0	0	0	0	0	0	0	0	0	0	0
Chlamydia_psittaci	0	0	0	0	0	0	0	0	0	0	0	0	0	0	0	0	0	0	0	0	0	0	0	0	0	0	0	0	0	0	0	0	0	0	0	0	0	0	0	0	0
Chlamydia_suis	0	0	0	0	0	0	0	0	0	0	0	0	0	0	0	0	0	0	0	0	0	0	0	0	0	0	0	0	0	0	0	0	0	0	0	0	0	0	0	0	0
Chlamydia_trachomatis	0	0	0	0	0	0	0	0	0	0	0	0	0	0	0	0	0	0	0	0	0	0	0	0	0	0	0	0	0	0	0	0	0	0	0	0	0	0	0	0	0
Corynebacterium_ammoniagenes	0	0	0	0	0	0	1.0	0	0	0	0	0	0	0	0	0	0	0	0	0	0.0	0.0	0.0	0.022727272727272728	0.0	0.0	0.09090909090909091	0.022727272727272728	0.022727272727272728	0.0	0.0	0.0	0.0	0.0	0.0	0.0	0.022727272727272728	0.0	0.0	0.0	4
Corynebacterium_amycolatum	0	0	0	0	0	0	0.3333333333333333	0	0	0	0	0	0	0	0	0	0	0	0	0	0.0	0.0	0.0	0.022727272727272728	0.0	0.0	0.022727272727272728	0.0	0.0	0.0	0.0	0.0	0.0	0.0	0.0	0.0	0.022727272727272728	0.022727272727272728	0.0	0.0	4
Corynebacterium_bovis	0.07142857142857142	0	0	0	0.14285714285714285	0	0	0	0	0.07407407407407407	0	0.07692307692307693	0	0	0.03125	0	0	0	0	0	0.017942583732057416	0.01076555023923445	0.008373205741626795	0.003588516746411483	0.03349282296650718	0.013157894736842105	0.008373205741626795	0.009569377990430622	0.003588516746411483	0.003588516746411483	0.007177033492822966	0.013157894736842105	0.009569377990430622	0.015550239234449762	0.004784688995215311	0.004784688995215311	0.011961722488038277	0.004784688995215311	0.0023923444976076554	0.01076555023923445	76
Corynebacterium_crudilactis	0	0	0	0	0	0	0	0	0	0	0	0	0	0	0	0	0	0	0	0	0	0	0	0	0	0	0	0	0	0	0	0	0	0	0	0	0	0	0	0	0
Corynebacterium_diphtheriae	0	0	0	0	0	1.0	0	0	0	0	0	0	0	0	0	0	0	0	0	0	0.08333333333333333	0.0	0.0	0.0	0.0	0.007575757575757576	0.0	0.0	0.0	0.0	0.0	0.0	0.0	0.0	0.0	0.0	0.0	0.0	0.0	0.0	12
Corynebacterium_diphtheriae_HC03	0	0	0	0	0	0	0	0	0	0	0	0	0	0	0	0	0	0	0	0	0.0	0.0	0.0	0.0	0.0	0.0	0.0	0.0	0.0	0.0	0.0	0.0	0.0	0.0	0.0	0.0	0.0	0.04545454545454545	0.04545454545454545	0.030303030303030304	6
Corynebacterium_diphtheriae_NCTC_13129	0	0	0	0	0	0	0	0	0	0	0	0	0	0	0	0	0	0	0	0	0.0	0.0	0.0	0.0	0.0	0.0	0.0	0.0909090909090909	0.0	0.0	0.030303030303030304	0.0	0.06060606060606061	0.0	0.0	0.0	0.0	0.0	0.0	0.0	3
Corynebacterium_jeikeium	0.125	0	0	0	0	0	0	0.16666666666666666	0	0	0	0	0.07692307692307693	0	0	0	0	0	0	0	0.020979020979020976	0.01748251748251748	0.006993006993006993	0.0	0.010489510489510488	0.010489510489510488	0.010489510489510488	0.006993006993006993	0.006993006993006993	0.0	0.0	0.0034965034965034965	0.0034965034965034965	0.006993006993006993	0.020979020979020976	0.010489510489510488	0.01748251748251748	0.0034965034965034965	0.0034965034965034965	0.0034965034965034965	26
Corynebacterium_jeikeium_K411	0	0	0	0	0	0.2222222222222222	0	0	0	0	0	0	0	0	0.09090909090909091	0	0	0	0	0.25	0.029325513196480937	0.020527859237536656	0.020527859237536656	0.0	0.005865102639296188	0.01759530791788856	0.026392961876832845	0.02346041055718475	0.0	0.0	0.014662756598240468	0.0	0.005865102639296188	0.00879765395894428	0.00879765395894428	0.005865102639296188	0.0	0.002932551319648094	0.005865102639296188	0.01759530791788856	31
Corynebacterium_kroppenstedtii	0.6666666666666666	0	0	0	0	0	0	0	0	0	0	0	0	0	0	0	0	0	0	0	0.045454545454545456	0.0	0.0	0.0	0.011363636363636364	0.056818181818181816	0.011363636363636364	0.0	0.056818181818181816	0.0	0.022727272727272728	0.0	0.0	0.011363636363636364	0.011363636363636364	0.0	0.0	0.011363636363636364	0.0	0.045454545454545456	8
Corynebacterium_kroppenstedtii_DSM_44385	0	0	0	0	0	0	0	0	0	0	0	0	0	0	0	1.0	0	0	0	0	0.0	0.045454545454545456	0.0	0.0	0.00909090909090909	0.0	0.02727272727272727	0.01818181818181818	0.0	0.00909090909090909	0.0	0.0	0.01818181818181818	0.0	0.0	0.02727272727272727	0.00909090909090909	0.0	0.0	0.01818181818181818	10
Corynebacterium_maris	0	0	0	0	0	0	0	0	0	0	0	0	0	0	0	0	0	0	0	0	0	0	0	0	0	0	0	0	0	0	0	0	0	0	0	0	0	0	0	0	0
Corynebacterium_maris_DSM_45190	0.32	0.3181818181818182	0	0.12	0.10526315789473684	0.21052631578947367	0.16666666666666666	0	0.1	0.07142857142857142	0	0	0.045454545454545456	0.10526315789473684	0.09523809523809523	0	0.05263157894736842	0	0	0.08695652173913043	0.017379679144385027	0.02540106951871658	0.010695187165775402	0.013368983957219251	0.010695187165775402	0.014705882352941176	0.021390374331550804	0.009358288770053475	0.004010695187165775	0.017379679144385027	0.010695187165775402	0.013368983957219251	0.005347593582887701	0.012032085561497327	0.013368983957219251	0.009358288770053475	0.012032085561497327	0.00802139037433155	0.022727272727272728	0.01871657754010695	68
Corynebacterium_matruchotii	0	0	0	0	0	0	0	0	0	0	0	0	0	0	0	0	0	0	0	0	0.0	0.0	0.005681818181818182	0.011363636363636364	0.022727272727272728	0.05113636363636364	0.005681818181818182	0.011363636363636364	0.011363636363636364	0.017045454545454544	0.0	0.0	0.011363636363636364	0.011363636363636364	0.0	0.0	0.03409090909090909	0.005681818181818182	0.011363636363636364	0.005681818181818182	16
Corynebacterium_minutissimum	0	0	0	0	0	0	0	0	0.25	0	0	0	0	0	0	0.16666666666666666	0.3076923076923077	0	0	0	0.010489510489510488	0.024475524475524476	0.010489510489510488	0.0034965034965034965	0.020979020979020976	0.013986013986013986	0.006993006993006993	0.013986013986013986	0.01748251748251748	0.0	0.006993006993006993	0.0034965034965034965	0.006993006993006993	0.010489510489510488	0.010489510489510488	0.01748251748251748	0.03496503496503496	0.01748251748251748	0.01748251748251748	0.01748251748251748	26
Corynebacterium_pseudotuberculosis	0	0	0	0	0	0	0	0	0	0	0	0	0	0	0	0	0	0	0	0	0	0	0	0	0	0	0	0	0	0	0	0	0	0	0	0	0	0	0	0	0
Corynebacterium_renale	0	0	0	0	0	0	0	0	0	0	0	0	0	0	0	0	0	0	0	0	0.0	0.045454545454545456	0.045454545454545456	0.0	0.0	0.0	0.045454545454545456	0.0	0.045454545454545456	0.0	0.0	0.0	0.0	0.0	0.0	0.0	0.0	0.0	0.0	0.0	2
Corynebacterium_segmentosum	0	0	0	0	0	0	0	0	0	0	0	0	0	0	0	0	0	0	0	0	0.030303030303030304	0.030303030303030304	0.0	0.030303030303030304	0.0	0.030303030303030304	0.0	0.0	0.030303030303030304	0.0	0.030303030303030304	0.0	0.030303030303030304	0.0	0.0	0.0	0.030303030303030304	0.0	0.0	0.0	3
Corynebacterium_sphenisci	0	0	0	0	0	0	0	0	0	0	0	0	0	0	0	0	0	0	0	0	0	0	0	0	0	0	0	0	0	0	0	0	0	0	0	0	0	0	0	0	0
Corynebacterium_sphenisci_DSM_44792	0.0392156862745098	0.12903225806451613	0	0.043478260869565216	0.034482758620689655	0.047619047619047616	0	0	0	0	0	0.017543859649122806	0.019230769230769232	0.08888888888888889	0	0.03571428571428571	0.0625	0.03125	0.044444444444444446	0.041666666666666664	0.012159814707585408	0.012159814707585408	0.011001737116386799	0.0075275043427909675	0.008685581933989576	0.011580775911986103	0.008106543138390272	0.006369426751592357	0.0075275043427909675	0.006948465547191661	0.008685581933989576	0.008685581933989576	0.014475969889982631	0.008685581933989576	0.0028951939779965257	0.004053271569195136	0.009264620729588884	0.02026635784597568	0.009264620729588884	0.019687319050376375	157
Corynebacterium_stationis	0	0.5	0	0	0	0	0	0	0	0	0	0	0	0	0	0	0	0	0	0	0.0	0.030303030303030304	0.0	0.0	0.0	0.0	0.0	0.0	0.0	0.0	0.0	0.0	0.0	0.0	0.0	0.0	0.0	0.0	0.0	0.0	3
Corynebacterium_striatum	0	0	0	0	0.2857142857142857	0	0.5	0.2	0	0	0	0	0	0	0	0	0.125	0	0	1.0	0.0	0.02727272727272727	0.00909090909090909	0.0	0.022727272727272728	0.013636363636363636	0.013636363636363636	0.00909090909090909	0.013636363636363636	0.022727272727272728	0.00909090909090909	0.004545454545454545	0.00909090909090909	0.0	0.004545454545454545	0.01818181818181818	0.004545454545454545	0.013636363636363636	0.0	0.00909090909090909	20
Corynebacterium_urealyticum	0.2	0.16666666666666666	0.25	0	0	0	0.5	0	0	0.2	0	0	0	0	0	0	0	0	0	0	0.010695187165775402	0.010695187165775402	0.010695187165775402	0.005347593582887701	0.021390374331550804	0.005347593582887701	0.021390374331550804	0.021390374331550804	0.005347593582887701	0.0160427807486631	0.0160427807486631	0.0160427807486631	0.005347593582887701	0.0160427807486631	0.005347593582887701	0.0	0.005347593582887701	0.005347593582887701	0.010695187165775402	0.005347593582887701	17
Corynebacterium_ureicelerivorans	0	0	0	0	0	0	0	0	0.2	0	0	0	0	0	0	0	0	0	0	0	0.006060606060606061	0.012121212121212121	0.012121212121212121	0.0	0.012121212121212121	0.006060606060606061	0.0	0.01818181818181818	0.012121212121212121	0.012121212121212121	0.01818181818181818	0.012121212121212121	0.006060606060606061	0.006060606060606061	0.006060606060606061	0.006060606060606061	0.012121212121212121	0.01818181818181818	0.006060606060606061	0.012121212121212121	15
Corynebacterium_xerosis	0.25	0	0.03333333333333333	0	0	0	0	0.15625	0	0	0	0	0	0.045454545454545456	0.05555555555555555	0	0	0	0	0	0.01652892561983471	0.021251475796930343	0.008264462809917356	0.0059031877213695395	0.009445100354191263	0.011806375442739079	0.007083825265643447	0.012987012987012988	0.007083825265643447	0.009445100354191263	0.004722550177095631	0.004722550177095631	0.0035419126328217233	0.010625737898465172	0.012987012987012988	0.01652892561983471	0.010625737898465172	0.011806375442739079	0.011806375442739079	0.021251475796930343	77
Cowpox_virus	0	0	0	0	0	0	0	0	0	0	0	0	0	0	0	0	0	0	0	0	0	0	0	0	0	0	0	0	0	0	0	0	0	0	0	0	0	0	0	0	0
Coxiella_burnetii	0	0	0	0	0	0	0	0	0	0	0	0	0	0	0	0	0	0	0	0	0.006993006993006993	0.0	0.006993006993006993	0.0	0.0	0.0	0.0	0.0	0.0	0.0	0.0	0.0	0.0	0.0	0.006993006993006993	0.0	0.0	0.0	0.006993006993006993	0.0	13
Coxiella_burnetii_str._Schperling	0	0	0	0	0	0	0	0	0	0	0	0	0	0	0	0	0	0	0	0	0.0	0.0	0.0	0.0	0.0	0.0	0.0	0.0	0.0	0.0	0.0	0.0	0.022727272727272728	0.0	0.0	0.0	0.0	0.0	0.0	0.0	4
Cryptosporidium	0	0	0	0	0	0	0	0	0	0	0	0	0	0	0	0	0	0	0	0	0	0	0	0	0	0	0	0	0	0	0	0	0	0	0	0	0	0	0	0	0
Cryptosporidium_parvum	0	0	0	0	0	0	0	0	0	0	0	0	0	0	0	0	0	0	0	0	0	0	0	0	0	0	0	0	0	0	0	0	0	0	0	0	0	0	0	0	0
Deltaretrovirus	0	0	0	0	0	0	0	0	0	0	0	0	0	0	0	0	0	0	0	0	0	0	0	0	0	0	0	0	0	0	0	0	0	0	0	0	0	0	0	0	0
Ehrlichia_canis	0	0	0	0	0	0	0	0	0	0	0	0	0	0	0	0	0	0	0	0	0	0	0	0	0	0	0	0	0	0	0	0	0	0	0	0	0	0	0	0	0
Enterococcus_avium	0	0	0	0	0	1.0	0	0	0	0	0	0	0	0	0	0	0	0	0	0	0.0	0.0	0.045454545454545456	0.0	0.0	0.09090909090909091	0.0	0.0	0.0	0.045454545454545456	0.0	0.0	0.0	0.0	0.0	0.0	0.0	0.0	0.045454545454545456	0.0	2
Enterococcus_casseliflavus	0	0	0	0	0	0	0	0	0	0	0	0	0	0	0	0	0	0	0	0	0.0	0.0	0.0	0.0	0.0	0.0	0.0	0.0	0.0	0.0	0.0	0.0	0.0	0.0	0.0	0.0	0.0	0.0	0.0	0.0	1
Enterococcus_cecorum	0	0	0	0	0	0	0	0	0	0	0	0	0	0	0	0	0	0	0	0	0.09090909090909091	0.0	0.0	0.0	0.0	0.0	0.0	0.0	0.0	0.0	0.0	0.0	0.0	0.0	0.0	0.0	0.0	0.0	0.0	0.0	9
Enterococcus_durans	0	1.0	0	0	0	0	0	0	0	0	0	0	0	0	0	0	0	0	0	1.0	0.0	0.05454545454545454	0.0	0.0	0.0	0.0	0.0	0.0	0.0	0.0	0.0	0.0	0.0	0.05454545454545454	0.0	0.0	0.03636363636363636	0.0	0.0	0.01818181818181818	5
Enterococcus_faecalis	0	0	0	0	0	0	0	0	0	0	0	1.0	0	0	0	0	0.975609756097561	0	0	0	0.0	0.0	0.0021645021645021645	0.0	0.0	0.0021645021645021645	0.0	0.0	0.0	0.0	0.0021645021645021645	0.0021645021645021645	0.0	0.0021645021645021645	0.0	0.08658008658008658	0.08658008658008658	0.0	0.0	0.0800865800865801	42
Enterococcus_faecium	0	0	0	0	0	0	0	0	0	0	0.8	0	0	0	0	0	0	0	0	0	0.0	0.0	0.0	0.0	0.0	0.0	0.0	0.0	0.0	0.0	0.06060606060606061	0.015151515151515152	0.0	0.0	0.0	0.0	0.0	0.0	0.06060606060606061	0.06060606060606061	6
Enterococcus_faecium_ATCC_8459_=_NRRL_B-2354	0	0	0	0	0	0	0	0	0	0	0	0	0	0	0	0	0	0	0	0	0.0	0.0	0.0	0.0	0.0	0.0	0.0	0.0	0.0	0.0	0.0	0.0	0.0	0.0	0.0	0.0	0.0	0.0	0.0	0.0	58
Enterococcus_faecium_Com15	0	0	0	0	0	0	0	0	0	0	0	0	0	0	0	0	0	0	0	0	0.0	0.0	0.0	0.0	0.0	0.0	0.0909090909090909	0.0	0.0	0.0	0.0	0.0	0.0	0.0	0.0	0.0909090909090909	0.0	0.0	0.0909090909090909	0.0	3
Enterococcus_hirae	0	0	0	0	0	0	0	0	0	0	0	0	0	0	0	0	0	0	0	0	0.0	0.0	0.0	0.0	0.0	0.04545454545454545	0.0	0.0	0.0	0.0	0.0	0.0	0.0	0.0	0.0	0.0	0.0	0.06060606060606061	0.07575757575757576	0.030303030303030304	6
Enterococcus_hirae_ATCC_9790	0	0	1.0	0	0	0	0	0.5833333333333334	0	0	0	0	0	0	0	0	0	0	0	0	0.0	0.0	0.014462809917355372	0.0	0.0	0.0	0.0	0.014462809917355372	0.0	0.0	0.0	0.0	0.0	0.010330578512396695	0.0	0.0	0.0	0.0	0.0	0.0	44
Enterococcus_mundtii	0	0	0	0	0	0	0	0	0	0	0	0	0	0	0	0	0	0	0	0	0	0	0	0	0	0	0	0	0	0	0	0	0	0	0	0	0	0	0	0	0
Enterovirus_B	0	0	0	0	0	0	0	0	0	0	0	0	0	0	0	0	0	0	0	0	0	0	0	0	0	0	0	0	0	0	0	0	0	0	0	0	0	0	0	0	0
Epizootic_hemorrhagic_disease_virus_(serotype_1_/_strain_New_Jersey)	0	0	0	0	0	0	0	0	0	0	0	0	0	0	0	0	0	0	0	0	0	0	0	0	0	0	0	0	0	0	0	0	0	0	0	0	0	0	0	0	0
Equine_rhinitis_A_virus	0	0	0	0	0	0	0	0	0	0	0	0	0	0	0	0	0	0	0	0	0	0	0	0	0	0	0	0	0	0	0	0	0	0	0	0	0	0	0	0	0
Erysipelothrix_rhusiopathiae	0	0	0	0	0	0	0	0	0	0	0	0	0	0	0	0	0	0	0	0	0	0	0	0	0	0	0	0	0	0	0	0	0	0	0	0	0	0	0	0	0
Erythroparvovirus	0	0	0	0	0	0	0	0	0	0	0	0	0	0	0	0	0	0	0	0	0	0	0	0	0	0	0	0	0	0	0	0	0	0	0	0	0	0	0	0	0
Escherichia_coli	0.05	0.03508771929824561	0	0.125	0	0	0.07692307692307693	0	0.01098901098901099	0	0	0.25	0.22602739726027396	0	0	0.043478260869565216	0	0	0.5294117647058824	0	0.026274303730951132	0.005254860746190226	0.0010509721492380452	0.0031529164477141353	0.03310562270099843	0.0015764582238570676	0.018917498686284815	0.0010509721492380452	0.0031529164477141353	0.03415659485023647	0.018917498686284815	0.021019442984760904	0.01839201261166579	0.0021019442984760903	0.0031529164477141353	0.004203888596952181	0.003678402522333158	0.033631108775617445	0.02837624802942722	0.026274303730951132	173
Escherichia_coli_M8	0	0	0	0	0	0	0	0	0	0	0	0	0	0	0	0	0	0	0	0	0.0	0.0	0.09090909090909091	0.09090909090909091	0.0	0.0	0.0	0.0	0.0	0.0	0.0	0.0	0.0	0.0	0.0	0.0	0.0	0.0	0.0	0.0	1
Escherichia_coli_NCCP15648	0	0	0	0	0	0	0	0	0	0	0	0	0	0	1.0	0	0	0	0	0	0.0	0.0	0.0	0.0	0.0	0.0	0.0	0.0	0.0	0.0	0.045454545454545456	0.0	0.0	0.0	0.09090909090909091	0.045454545454545456	0.045454545454545456	0.0	0.0	0.0	2
Escherichia_coli_O111	0	0	0	0	0	0	0	0	0	0	0	0	0	0	0	0	0	0	0	0	0	0	0	0	0	0	0	0	0	0	0	0	0	0	0	0	0	0	0	0	0
Escherichia_coli_O145:NM	0	0	0	0	0	0	0	0	0	0	0	0	0	0	0	0	0	0	0	0	0.0	0.0	0.0	0.0	0.0	0.0	0.0	0.0	0.0	0.0	0.0	0.0	0.0	0.0	0.0	0.0	0.0	0.0	0.0	0.0	2
Escherichia_coli_O157:H7	0	0	0	0	0	0	0	0	0	0	0	0	0	0	0	0	0	0	0	0	0	0	0	0	0	0	0	0	0	0	0	0	0	0	0	0	0	0	0	0	0
Escherichia_coli_O169:H41	0	0	0	0	0	0	0	0	0	0	0	0	0	0	0	0	0	0	0	0	0.0	0.0	0.0	0.0	0.0	0.0	0.0	0.0	0.0	0.0	0.0	0.0	0.0	0.0	0.0	0.0	0.0	0.0	0.0	0.0	5
Escherichia_coli_O26	0	0	0	0	0	0	0	0	0	0	0	0	0	0	0	0	0	0	0	0	0	0	0	0	0	0	0	0	0	0	0	0	0	0	0	0	0	0	0	0	0
Escherichia_coli_UMNK88	0	0	0	0	0	0	0	0	0	0	0	0	0	0	0	0	0	0	0	0	0.09090909090909091	0.0	0.0	0.09090909090909091	0.0	0.0	0.09090909090909091	0.0	0.0	0.09090909090909091	0.0	0.0	0.0	0.0	0.0	0.045454545454545456	0.0	0.045454545454545456	0.0	0.0	2
Francisella_tularensis	0	0	0	0	0	0	0	0	0	0	0	0	0	0	0	0	0	0	0	0	0.0	0.0	0.0	0.0	0.0	0.0	0.0	0.0	0.0	0.0	0.0	0.030303030303030304	0.0	0.0	0.0	0.0	0.0	0.030303030303030304	0.030303030303030304	0.0	3
Fusobacterium	0	0	0	0	0	0.125	0	0	0	0.022222222222222223	0	0	0	0	0	0	0.45454545454545453	0	0	0	0.009569377990430622	0.0	0.001594896331738437	0.04146730462519936	0.011164274322169059	0.007974481658692184	0.0	0.011164274322169059	0.04146730462519936	0.001594896331738437	0.001594896331738437	0.009569377990430622	0.011164274322169059	0.025518341307814992	0.01594896331738437	0.004784688995215311	0.05582137161084529	0.004784688995215311	0.011164274322169059	0.006379585326953748	57
Fusobacterium_canifelinum	0	0	0	0	0	0	0	0	0	0	0	0	0	1.0	0	0	0	0	0	0	0.030303030303030304	0.06060606060606061	0.0	0.030303030303030304	0.0	0.030303030303030304	0.0	0.0	0.030303030303030304	0.030303030303030304	0.030303030303030304	0.030303030303030304	0.0	0.030303030303030304	0.06060606060606061	0.0	0.0	0.0	0.0	0.0	3
Fusobacterium_gastrosuis	0	0	0	0	0	0	0	0	1.0	0	0	0	1.0	0	0	0	0	0	0	0	0.0	0.0	0.0	0.0	0.0	0.0	0.0	0.0	0.022727272727272728	0.0	0.045454545454545456	0.0	0.022727272727272728	0.0	0.0	0.022727272727272728	0.0	0.0	0.045454545454545456	0.0	4
Fusobacterium_gonidiaformans_ATCC_25563	0	0	0	0	0	0	0	0	0	0	0	0	0	0	0	0	0	0	0	0	0.0	0.0	0.0	0.0	0.0	0.0	0.0	0.0	0.0	0.0	0.0	0.0	0.0	0.0	0.0	0.0	0.0	0.0	0.0	0.0	1
Fusobacterium_hwasookii_ChDC_F174	0	0	0	0	0	0	0	0	0	0	0	0	0	0	0	0	0	0	0	0	0.0	0.09090909090909091	0.0	0.09090909090909091	0.0	0.0	0.0	0.0	0.0	0.0	0.0	0.0	0.045454545454545456	0.0	0.0	0.0	0.0	0.0	0.045454545454545456	0.0	2
Fusobacterium_mortiferum_ATCC_9817	0	0	0	0	0	0	0	0	0	0	0	0	0	0	0	0	0	0	0	0	0.0	0.0	0.0	0.0	0.0	0.0	0.0	0.0	0.0	0.0	0.030303030303030304	0.0	0.0	0.030303030303030304	0.0	0.030303030303030304	0.0	0.0	0.0	0.0	3
Fusobacterium_necrophorum	0	0	0	0	0	0	0	0	0	0	0	0	0	0	0	0	0	0	0	0	0.0	0.0	0.0	0.0	0.0	0.0	0.0	0.0	0.0	0.0	0.0	0.0	0.0	0.0	0.0	0.0	0.0	0.0	0.0	0.0	4
Fusobacterium_necrophorum_subsp._funduliforme	0	0	0	0	0	0	0	0	0	0	0	0	0	0	0	0	0	0	0	0	0.0	0.0	0.0	0.0	0.0	0.0	0.0	0.0	0.0	0.0	0.0	0.0	0.0	0.0	0.0	0.0	0.0	0.0	0.0	0.0	2
Fusobacterium_nucleatum	0	0	0	0	0	0	0	0	0	0	0	0	0	0	0	0	0	0	0	0	0.0	0.09090909090909091	0.0	0.0	0.0	0.0	0.0	0.0	0.0	0.09090909090909091	0.07954545454545454	0.0	0.0	0.0	0.0	0.011363636363636364	0.0	0.0	0.011363636363636364	0.0	8
Fusobacterium_nucleatum_subsp._animalis	0	0	0	0	0	0	0	0	0	0	0	0	0	0	0	0	0	0	0	0	0.0	0.0	0.0	0.0909090909090909	0.0	0.0	0.0	0.0	0.0	0.0	0.07575757575757576	0.0	0.0	0.015151515151515152	0.0	0.0	0.07575757575757576	0.0	0.0	0.07575757575757576	6
Fusobacterium_nucleatum_subsp._animalis_7_1	0	0	0	0	0	0	0	0	0	0	0	0	0	0	0	0	0	0	0	0	0.045454545454545456	0.0	0.045454545454545456	0.0	0.045454545454545456	0.0	0.0	0.0	0.0	0.0	0.045454545454545456	0.0	0.0	0.045454545454545456	0.0	0.0	0.0	0.045454545454545456	0.045454545454545456	0.0	2
Fusobacterium_nucleatum_subsp._nucleatum_ChDC_F316	0	0	0	0	0	0	0	0	0	0	0	0	0	0	0	0	0	0	0	0	0.0	0.0	0.0	0.09090909090909091	0.0	0.0	0.09090909090909091	0.0	0.0	0.0	0.0	0.0	0.0	0.09090909090909091	0.0	0.0	0.0	0.0	0.0	0.0	1
Fusobacterium_nucleatum_subsp._polymorphum	0	0	0	0	0	0	0	0	0	0	0	0	0	0	0	0	0	0	0	0	0.0	0.09090909090909091	0.0	0.0	0.0	0.0	0.0	0.0	0.0	0.0	0.0	0.0	0.0	0.0	0.0	0.0	0.0	0.0	0.0	0.0	1
Fusobacterium_nucleatum_subsp._vincentii_ChDC_F8	0	0	0	0	0	0	0	0	0	0	0	0	0	0	0	0	0	0	0	0	0.045454545454545456	0.045454545454545456	0.0	0.0	0.045454545454545456	0.0	0.0	0.0	0.0	0.0	0.0	0.0	0.0	0.0	0.0	0.0	0.0	0.045454545454545456	0.0	0.0	8
Fusobacterium_pseudoperiodonticum	0	1.0	0	0	0	0	0	1.0	0	0	0	0	0	1.0	0	0	0	0	0	0	0.0	0.015151515151515152	0.03787878787878788	0.0	0.007575757575757576	0.0	0.0	0.015151515151515152	0.0	0.0	0.007575757575757576	0.0	0.0	0.007575757575757576	0.03787878787878788	0.007575757575757576	0.0	0.0	0.007575757575757576	0.015151515151515152	12
Fusobacterium_ulcerans	0	0	0	0	0	0	0	0	0	0	0	0	0	0	0	0	0	0	0	0	0.0	0.0	0.0	0.0	0.0	0.0	0.0	0.0	0.0	0.0	0.0	0.0	0.0	0.0	0.0	0.0	0.0	0.0	0.0	0.0	2
Fusobacterium_ulcerans_ATCC_49185	0	0	0	0	0	0	0	0	0	0	0	0	0	0	0	0	0	0	0	0	0.0	0.0	0.0	0.0	0.0	0.09090909090909091	0.0	0.09090909090909091	0.0	0.0	0.0	0.0	0.0	0.0	0.0	0.0	0.09090909090909091	0.0	0.09090909090909091	0.0	1
Fusobacterium_varium	0	0	0	0	0	0	0	0	0	0	0	0	0	0	0	0	0	0	0	0	0.045454545454545456	0.0	0.045454545454545456	0.0	0.0	0.0	0.0	0.0	0.0	0.045454545454545456	0.0	0.045454545454545456	0.045454545454545456	0.0	0.045454545454545456	0.0	0.045454545454545456	0.0	0.0	0.045454545454545456	2
Fusobacterium_varium_ATCC_27725	0	0	0	0	0	0	0	0	0	0	0	0	0	0	0	0	0	0	0	0	0.022727272727272728	0.0	0.022727272727272728	0.022727272727272728	0.022727272727272728	0.0	0.045454545454545456	0.0	0.045454545454545456	0.0	0.0	0.0	0.0	0.0	0.0	0.0	0.0	0.0	0.022727272727272728	0.022727272727272728	4
Goatpox_virus	0	0	0	0	0	0	0	0	0	0	0	0	0	0	0	0	0	0	0	0	0	0	0	0	0	0	0	0	0	0	0	0	0	0	0	0	0	0	0	0	0
Haemophilus_influenzae	0	0	0	0	0	0	0	0	0	0	0	0	0	0	0	0	1.0	0	0	0	0.0	0.0	0.0	0.0	0.0	0.0	0.0	0.0	0.09090909090909091	0.0	0.0	0.0	0.0	0.0	0.0	0.0	0.08916083916083917	0.0	0.0	0.08916083916083917	52
Helicobacter_cinaedi	0	0	0	0	0	0	0	0	0	0	0	0	0	0	0	0	0	0	0	0	0	0	0	0	0	0	0	0	0	0	0	0	0	0	0	0	0	0	0	0	0
Helicobacter_pylori	0	0	0	0	0	0	0	0	0	0	0	0	0	0	0	0	0	0	0	0	0.0	0.0	0.0	0.0	0.0	0.0	0.08971291866028708	0.09001196172248804	0.08971291866028708	0.0	0.0	0.0	5.980861244019139E-4	0.0	2.990430622009569E-4	5.980861244019139E-4	0.08941387559808613	5.980861244019139E-4	0.0	5.980861244019139E-4	304
Helicobacter_pylori_PeCan18	0	0	0	0	0	0	0	0	0	0	0	0	0	0	0	0	0	0	0	0	0.0	0.0	0.0	0.0	0.0	0.0	0.0	0.0	0.0	0.0	0.0	0.0	0.0	0.0	0.0	0.0	0.0	0.0	0.0	0.0	2
Helicobacter_pylori_Shi112	0	0	0	0	0	0	0	0	0	0	0.9900990099009901	0	0	0.99	0	0	0	0	0	0	0.0	0.0	0.0	0.0	0.0	0.0	0.0	0.09090909090909091	0.0	0.0	0.045454545454545456	0.0	0.0	0.045	0.0	0.0	0.0	0.0	4.5454545454545455E-4	0.0	200
Hepatitis_B_virus	0	0	0	0	0	0	0	0	0	0	0	0	0	0	0	0	0	0	0	0	0	0	0	0	0	0	0	0	0	0	0	0	0	0	0	0	0	0	0	0	0
Hepatitis_E_virus	0	0	0	0	0	0	0	0	0	0	0	0	0	0	0	0	0	0	0	0	0	0	0	0	0	0	0	0	0	0	0	0	0	0	0	0	0	0	0	0	0
Hepatitis_delta_virus	0	0	0	0	0	0	0	0	0	0	0	0	0	0	0	0	0	0	0	0	0	0	0	0	0	0	0	0	0	0	0	0	0	0	0	0	0	0	0	0	0
Human_adenovirus_1	0	0	0	0	0	0	0	0	0	0	0	0	0	0	0	0	0	0	0	0	0	0	0	0	0	0	0	0	0	0	0	0	0	0	0	0	0	0	0	0	0
Human_adenovirus_2	0	0	0	0	0	0	0	0	0	0	0	0	0	0	0	0	0	0	0	0	0	0	0	0	0	0	0	0	0	0	0	0	0	0	0	0	0	0	0	0	0
Human_adenovirus_35	0	0	0	0	0	0	0	0	0	0	0	0	0	0	0	0	0	0	0	0	0	0	0	0	0	0	0	0	0	0	0	0	0	0	0	0	0	0	0	0	0
Human_adenovirus_5	0	0	0	0	0	0	0	0	0	0	0	0	0	0	0	0	0	0	0	0	0	0	0	0	0	0	0	0	0	0	0	0	0	0	0	0	0	0	0	0	0
Human_adenovirus_54	0	0	0	0	0	0	0	0	0	0	0	0	0	0	0	0	0	0	0	0	0	0	0	0	0	0	0	0	0	0	0	0	0	0	0	0	0	0	0	0	0
Human_adenovirus_7	0	0	0	0	0	0	0	0	0	0	0	0	0	0	0	0	0	0	0	0	0	0	0	0	0	0	0	0	0	0	0	0	0	0	0	0	0	0	0	0	0
Human_alphaherpesvirus_1	0	0	0	0	0	0	0	0	0	0	0	0	0	0	0	0	0	0	0	0	0	0	0	0	0	0	0	0	0	0	0	0	0	0	0	0	0	0	0	0	0
Human_alphaherpesvirus_2	0	0	0	0	0	0	0	0	0	0	0	0	0	0	0	0	0	0	0	0	0	0	0	0	0	0	0	0	0	0	0	0	0	0	0	0	0	0	0	0	0
Human_alphaherpesvirus_3	0	0	0	0	0	0	0	0	0	0	0	0	0	0	0	0	0	0	0	0	0	0	0	0	0	0	0	0	0	0	0	0	0	0	0	0	0	0	0	0	0
Human_gammaherpesvirus_4	0	0	0	0	0	0	0	0	0	0	0	0	0	0	0	0	0	0	0	0	0	0	0	0	0	0	0	0	0	0	0	0	0	0	0	0	0	0	0	0	0
Human_herpesvirus_4_type_2	0	0	0	0	0	0	0	0	0	0	0	0	0	0	0	0	0	0	0	0	0	0	0	0	0	0	0	0	0	0	0	0	0	0	0	0	0	0	0	0	0
Human_mastadenovirus_C	0	0	0	0	0	0	0	0	0	0	0	0	0	0	0	0	0	0	0	0	0	0	0	0	0	0	0	0	0	0	0	0	0	0	0	0	0	0	0	0	0
JC_polyomavirus	0	0	0	0	0	0	0	0	0	0	0	0	0	0	0	0	0	0	0	0	0	0	0	0	0	0	0	0	0	0	0	0	0	0	0	0	0	0	0	0	0
Klebsiella_aerogenes	0	0	0	0	0	0	0	0	0	0	0	0.5	0	0	0.5	0	0	0	0	0	0.014545454545454545	0.0	0.0036363636363636364	0.0036363636363636364	0.02	0.0036363636363636364	0.007272727272727273	0.005454545454545454	0.005454545454545454	0.0	0.0018181818181818182	0.00909090909090909	0.00909090909090909	0.021818181818181816	0.06727272727272728	0.0	0.016363636363636365	0.014545454545454545	0.005454545454545454	0.0018181818181818182	50
Klebsiella_michiganensis	0.46153846153846156	0	0	0	0	0	0	0	0	0	0	0	0	0.6666666666666666	0	0	0	0	0	0	0.04812834224598931	0.005347593582887701	0.005347593582887701	0.0	0.010695187165775402	0.0	0.0	0.0	0.0	0.0	0.0	0.021390374331550804	0.021390374331550804	0.0374331550802139	0.0160427807486631	0.010695187165775402	0.0	0.0	0.0	0.010695187165775402	17
Klebsiella_michiganensis_KCTC_1686	0	0	0	0	0	0	0	0	0	0	0	0	0	0	0	0	0	0	0	0	0.0	0.0	0.09090909090909091	0.0	0.0	0.0	0.0	0.0	0.0	0.0	0.0	0.09090909090909091	0.0	0.0	0.0	0.0	0.0	0.0	0.0	0.0	1
Klebsiella_oxytoca	0	0	0	0	0	0	0	0	0.6666666666666666	0	0	0	0	0	0	0	0	0	0	0	0.03896103896103896	0.0	0.012987012987012988	0.0	0.0	0.006493506493506494	0.0	0.032467532467532464	0.05194805194805195	0.0	0.006493506493506494	0.006493506493506494	0.006493506493506494	0.01948051948051948	0.0	0.0	0.012987012987012988	0.0	0.006493506493506494	0.0	14
Klebsiella_pneumoniae	0	0	0	0	0	0.009615384615384616	0	0.008695652173913044	0	0	0	0	0	0	0	0.14285714285714285	0	0	0	0	0.0014545454545454547	0.004363636363636363	7.272727272727273E-4	0.004363636363636363	0.005090909090909091	0.004363636363636363	0.0	0.0014545454545454547	0.0	0.0036363636363636364	0.0014545454545454547	0.0014545454545454547	0.0	0.0	0.004363636363636363	0.004363636363636363	7.272727272727273E-4	7.272727272727273E-4	0.0021818181818181815	7.272727272727273E-4	125
Klebsiella_pneumoniae_subsp._pneumoniae	0	0.5	0	0	0	0	0	0	0	0	0	0	0	0	0	0.4375	0	0	0	0	0.0	0.03896103896103896	0.029220779220779224	0.032467532467532464	0.01948051948051948	0.0	0.022727272727272728	0.03896103896103896	0.0	0.0	0.0	0.0	0.0	0.0016233766233766235	0.00974025974025974	0.04058441558441559	0.01948051948051948	0.027597402597402596	0.0	0.01948051948051948	56
Klebsiella_pneumoniae_subsp._pneumoniae_KPNIH27	0	0	0	0	0	0	0	0	0	0	0	0	0	0	0	0	0	0	0	0	0.0	0.0	0.0	0.0	0.09090909090909091	0.0	0.0	0.0	0.0	0.0	0.08982683982683984	0.0	0.0	0.0	0.0	0.0	0.0	0.0	0.0	0.0	84
Klebsiella_pneumoniae_subsp._rhinoscleromatis	0	0	0	0	0	0	0	0	0	0	0	0	0	0	0	0	0	0	0	0	0	0	0	0	0	0	0	0	0	0	0	0	0	0	0	0	0	0	0	0	0
Legionella_anisa	1.0	0.5	0	0	0	0	1.0	0	0	0	1.0	0	0	0	0	0	0	0.3333333333333333	0	0	0.030303030303030304	0.030303030303030304	0.0	0.0	0.0	0.0	0.030303030303030304	0.06060606060606061	0.0	0.0	0.030303030303030304	0.030303030303030304	0.0	0.0	0.04545454545454545	0.015151515151515152	0.0	0.015151515151515152	0.030303030303030304	0.0	6
Legionella_lansingensis	0	0	0	0	0	0	0	0	0	0	0	0	0	0	0	0	0	0	0	1.0	0.0	0.0	0.015151515151515152	0.0	0.0	0.015151515151515152	0.015151515151515152	0.0	0.0	0.015151515151515152	0.0	0.0	0.0	0.0	0.0	0.0	0.0	0.015151515151515152	0.0	0.030303030303030304	6
Legionella_pneumophila	0	0	0	0	0	0	0	0	0	0	0	0	0	0	0	0	0	0	0	0	0.0	0.0	0.0	0.0	0.02030947775628627	0.0	0.0	0.0	0.0	9.671179883945841E-4	0.029013539651837523	0.0	9.671179883945841E-4	0.0	0.0	9.671179883945841E-4	0.0	0.0	0.030947775628626693	0.0	94
Leptospira_alexanderi	0	0	0	0	0	0	0	0	0	0	0	0	0	0	0	0	0	0	0	0	0	0	0	0	0	0	0	0	0	0	0	0	0	0	0	0	0	0	0	0	0
Leptospira_alstonii	0	0	0	0	0	0	0	0	0	0	0	0	0	0	0	0	0	0	0	0	0	0	0	0	0	0	0	0	0	0	0	0	0	0	0	0	0	0	0	0	0
Leptospira_biflexa	0	0	0	0	0	0	0	0	0	0	0	0	0	0	0	0	0	0	0	0	0	0	0	0	0	0	0	0	0	0	0	0	0	0	0	0	0	0	0	0	0
Leptospira_biflexa_serovar_Patoc	0	0	0	0	0	0	0	0	0	0	0	0	0	0	0	0	0	0	0	0	0.0	0.09090909090909091	0.0	0.09090909090909091	0.0	0.0	0.0	0.09090909090909091	0.0	0.0	0.0	0.09090909090909091	0.0	0.0	0.0	0.0	0.09090909090909091	0.0	0.0	0.0	1
Leptospira_borgpetersenii	0	0	0.5	0	0	0.5	0	0	0	0	0	0	0	0.6666666666666666	0	0	0	0	1.0	0	0.0	0.03896103896103896	0.012987012987012988	0.0	0.012987012987012988	0.025974025974025976	0.012987012987012988	0.0	0.0	0.0	0.0	0.012987012987012988	0.0	0.025974025974025976	0.0	0.012987012987012988	0.025974025974025976	0.0	0.03896103896103896	0.012987012987012988	7
Leptospira_borgpetersenii_serovar_Ceylonica	0	0	0	0	0	0	0	0	0	0	0	0	0	0	0	0	0	0	0	0	0.0	0.0	0.0	0.0	0.0	0.0	0.0	0.0	0.0	0.04040404040404041	0.0	0.0	0.0707070707070707	0.0	0.0	0.0303030303030303	0.0	0.010101010101010102	0.0	0.0	9
Leptospira_broomii	0	0	0	0	0	0	0	0	0	0	0	0	0	0	0	0	0	0	0	0	0	0	0	0	0	0	0	0	0	0	0	0	0	0	0	0	0	0	0	0	0
Leptospira_fainei	0	0	0	0	0	0	0	0	0	0	0	0	0	0	0	0	0	0	0	0	0	0	0	0	0	0	0	0	0	0	0	0	0	0	0	0	0	0	0	0	0
Leptospira_inadai	0	0	0	0	0	0	0	0	0	0	0	0	0	0	0	0	0	0	0	0	0	0	0	0	0	0	0	0	0	0	0	0	0	0	0	0	0	0	0	0	0
Leptospira_interrogans	0.391304347826087	0	1.0	0	0	0	0	0	0	0	0	0	0	0	0	0	0	0	0	0	0.03557312252964427	0.0	0.09090909090909091	0.0	0.03557312252964427	0.0	0.0	0.03557312252964427	0.0	0.0	0.0	0.0	0.0	0.0	0.0	0.0	0.0	0.0	0.0	0.0	23
Leptospira_kirschneri	0	0	0	0	0	0	0	0	0	0	0	0	0	0	0	0	0	0	0	0	0	0	0	0	0	0	0	0	0	0	0	0	0	0	0	0	0	0	0	0	0
Leptospira_kmetyi	0	0	0	0	0	0	0	0	0	0	0	0	0	0	0	0	0	0	0	0	0	0	0	0	0	0	0	0	0	0	0	0	0	0	0	0	0	0	0	0	0
Leptospira_licerasiae	0	0	0	0	0	0	0	0	0	0	0	0	0	0	0	0	0	0	0	0	0	0	0	0	0	0	0	0	0	0	0	0	0	0	0	0	0	0	0	0	0
Leptospira_noguchii	0	0	0	0	0	0	0	0	0	0	0	0	0	0	0	0	0	0	0	0	0.0	0.0	0.0	0.0	0.0	0.0	0.0	0.0	0.0	0.0	0.0	0.06060606060606061	0.0	0.0	0.0	0.0	0.0	0.0	0.06060606060606061	0.030303030303030304	3
Leptospira_santarosai	0	0	0	0	0	0	0	0	0	0	0	0	0	0	0	0	0	0	0	0	0.0	0.0	0.0	0.0	0.0	0.09090909090909091	0.0	0.0	0.0	0.0	0.0	0.0	0.0	0.0	0.0	0.0	0.0	0.045454545454545456	0.0	0.0	2
Leptospira_weilii	0	0	0	0	0	0	0.75	0	0	0	0	0	0.6666666666666666	0	1.0	0	0	0	0	0.23076923076923078	0.009569377990430622	0.028708133971291863	0.0	0.009569377990430622	0.009569377990430622	0.009569377990430622	0.023923444976076555	0.0	0.014354066985645932	0.0	0.009569377990430622	0.019138755980861243	0.023923444976076555	0.0	0.023923444976076555	0.019138755980861243	0.0	0.0	0.014354066985645932	0.014354066985645932	19
Leptospira_wolffii	0	0	0	0	0	0	0	0	0	0	0	0	0	0	0	0	0	0	0	0	0	0	0	0	0	0	0	0	0	0	0	0	0	0	0	0	0	0	0	0	0
Listeria_monocytogenes	0	0	0	0	0.5	0	0	0	0	0	0	0	0	0	0	0	0	0	0	0	0.0	0.0	0.0	0.07862407862407862	0.0171990171990172	0.0	0.0171990171990172	0.002457002457002457	0.0	0.0	0.0	0.0	0.012285012285012284	0.0	0.01474201474201474	0.002457002457002457	0.0	0.00737100737100737	0.05651105651105651	0.0	37
Listeria_monocytogenes_FSL_J1-208	0	0	0	0	0	0	1.0	0	0	0	0	0	0	0	0	0	0	0	0	0	0.0909090909090909	0.0	0.0	0.0	0.0	0.0	0.0909090909090909	0.0	0.0	0.0	0.0	0.06060606060606061	0.0	0.0	0.0	0.0	0.0	0.0	0.06060606060606061	0.0	3
Lumpy_skin_disease_virus	0	0	0	0	0	0	0	0	0	0	0	0	0	0	0	0	0	0	0	0	0	0	0	0	0	0	0	0	0	0	0	0	0	0	0	0	0	0	0	0	0
Lymphocryptovirus	0	0	0	0	0	0	0	0	0	0	0	0	0	0	0	0	0	0	0	0	0	0	0	0	0	0	0	0	0	0	0	0	0	0	0	0	0	0	0	0	0
Mannheimia_haemolytica	0	1.0	0	0	0	0	0	0	0	0	0	0	0	0	0	0	0	0	0	0	0.0	0.0625	0.08522727272727272	0.0	0.005681818181818182	0.0	0.028409090909090908	0.0	0.028409090909090908	0.028409090909090908	0.0	0.0	0.0	0.0	0.05113636363636364	0.005681818181818182	0.0	0.0	0.0	0.028409090909090908	16
Measles_morbillivirus	0	0	0	0	0	0	0	0	0	0	0	0	0	0	0	0	0	0	0	0	0	0	0	0	0	0	0	0	0	0	0	0	0	0	0	0	0	0	0	0	0
Methanobrevibacter_oralis	0	0	0	0	0	0	0	0	0	0	0	0	0	0	0	0	0	0	0	0	0	0	0	0	0	0	0	0	0	0	0	0	0	0	0	0	0	0	0	0	0
Moraxella_catarrhalis	0	0	0	0	0	0	0	0	0	0	0	0	0	0	0	0	0	0	0	0	0	0	0	0	0	0	0	0	0	0	0	0	0	0	0	0	0	0	0	0	0
Moraxella_catarrhalis_BBH18	0	1.0	0.2727272727272727	0	0	0	0	0	0	0	0	0	0	0	0	0	0	0	0	0	0.0	0.024793388429752063	0.024793388429752063	0.024793388429752063	0.0	0.0	0.0	0.0	0.0	0.06611570247933884	0.0	0.05785123966942149	0.0	0.0	0.05785123966942149	0.0	0.024793388429752063	0.05785123966942149	0.0	0.0	11
Morbillivirus	0	0	0	0	0	0	0	0	0	0	0	0	0	0	0	0	0	0	0	0	0	0	0	0	0	0	0	0	0	0	0	0	0	0	0	0	0	0	0	0	0
Mycobacterium_avium	0.07948243992606285	0.05054945054945055	0.004210526315789474	0.0220125786163522	0.005698005698005698	0.037037037037037035	0.07446808510638298	0.01991150442477876	0.04408352668213457	0	0.02178649237472767	0.05808080808080808	0.049868766404199474	0.005089058524173028	0	0.030232558139534883	0	0.050666666666666665	0.05289672544080604	0.010830324909747292	0.008509090909090909	0.00509090909090909	0.0048727272727272725	0.008872727272727273	0.006909090909090909	0.0062545454545454545	0.00989090909090909	0.006545454545454545	0.00909090909090909	0.007563636363636364	0.007781818181818181	0.00989090909090909	0.012945454545454546	0.011927272727272727	0.00669090909090909	0.008436363636363636	0.01410909090909091	0.012072727272727273	0.011054545454545454	0.0128	1250
Mycobacterium_avium_subsp._avium	0	0	0	0	0	0	0.05555555555555555	0.05263157894736842	0	0	0	0	0	0	0	0	0	0	0.06666666666666667	0	0.027079303675048357	0.00967117988394584	0.015473887814313346	0.0038684719535783366	0.0019342359767891683	0.0019342359767891683	0.013539651837524178	0.015473887814313346	0.0	0.0038684719535783366	0.005802707930367504	0.015473887814313346	0.027079303675048357	0.0038684719535783366	0.007736943907156673	0.011605415860735008	0.0019342359767891683	0.023210831721470017	0.011605415860735008	0.029013539651837523	47
Mycobacterium_avium_subsp._hominissuis	0.047619047619047616	0.029850746268656716	0.04054054054054054	0.05172413793103448	0	0	0	0	0	0	0	0.025	0	0	0	0.017241379310344827	0.018867924528301886	0.05660377358490566	0.2153846153846154	0	0.008567348881485007	0.006663493574488339	0.015706806282722512	0.015230842455973347	0.007615421227986674	0.007139457401237505	0.011423131841980008	0.011899095668729178	0.01427891480247501	0.018562589243217516	0.00951927653498334	0.00809138505473584	0.010471204188481676	0.008567348881485007	0.010947168015230843	0.005711565920990004	0.007615421227986674	0.017610661589719183	0.017610661589719183	0.00999524036173251	191
Mycobacterium_avium_subsp._paratuberculosis	0.3333333333333333	0	0.13793103448275862	0.32142857142857145	0.125	0	0.09523809523809523	0	0	0.2857142857142857	0	0.043478260869565216	0	0.15	0	0	0.09090909090909091	0.13333333333333333	0.10714285714285714	0	0.007575757575757575	0.004545454545454545	0.01515151515151515	0.016666666666666666	0.004545454545454545	0.006060606060606061	0.012121212121212121	0.006060606060606061	0.007575757575757575	0.013636363636363637	0.013636363636363637	0.012121212121212121	0.006060606060606061	0.024242424242424242	0.004545454545454545	0.0	0.022727272727272724	0.010606060606060607	0.016666666666666666	0.004545454545454545	60
Mycobacterium_canettii	0	0	0	0	0	0	0	0	0	0	0	0	0	0	0	0	0	0	0	0.25	0.0	0.022727272727272728	0.011363636363636364	0.0	0.011363636363636364	0.022727272727272728	0.011363636363636364	0.011363636363636364	0.0	0.0	0.0	0.011363636363636364	0.0	0.011363636363636364	0.03409090909090909	0.011363636363636364	0.022727272727272728	0.011363636363636364	0.011363636363636364	0.011363636363636364	8
Mycobacterium_colombiense	0	0	0	0	0	0	0	0	0	0	0	0	0	0	0	0	0	0	0	0	0	0	0	0	0	0	0	0	0	0	0	0	0	0	0	0	0	0	0	0	0
Mycobacterium_colombiense_CECT_3035	0	0	0.045454545454545456	0.09090909090909091	0.05555555555555555	0	0.13333333333333333	0	0	0.041666666666666664	0	0.05263157894736842	0	0.037037037037037035	0	0	0.1875	0	0	0.08333333333333333	0.005865102639296188	0.007331378299120234	0.013196480938416423	0.020527859237536656	0.011730205278592375	0.00879765395894428	0.016129032258064516	0.014662756598240468	0.01759530791788856	0.013196480938416423	0.005865102639296188	0.011730205278592375	0.014662756598240468	0.01759530791788856	0.011730205278592375	0.010263929618768328	0.016129032258064516	0.00879765395894428	0.00879765395894428	0.010263929618768328	62
Mycobacterium_intracellulare	0.06756756756756757	0.04918032786885246	0.046511627906976744	0.022727272727272728	0.041666666666666664	0	0.09433962264150944	0.12195121951219512	0.0392156862745098	0.2	0.06976744186046512	0.02631578947368421	0	0	0.06	0	0	0.0125	0	0	0.01015744032503809	0.013204672422549519	0.012188928390045707	0.014220416455053326	0.008633824276282377	0.017775520568816656	0.017775520568816656	0.019299136617572373	0.01015744032503809	0.0111731843575419	0.008125952260030473	0.007110208227526663	0.006094464195022854	0.01015744032503809	0.020822752666328083	0.005078720162519045	0.0111731843575419	0.00558659217877095	0.012188928390045707	0.015236160487557134	179
Mycobacterium_intracellulare_subsp._yongonense	0.3	0	0.08333333333333333	0	0	0.13333333333333333	0	0	0	0	0	0	0	0.14814814814814814	0.03225806451612903	0.043478260869565216	0.27586206896551724	0	0	0	0.013513513513513514	0.006142506142506142	0.003685503685503685	0.00737100737100737	0.0085995085995086	0.012285012285012284	0.004914004914004914	0.003685503685503685	0.009828009828009828	0.006142506142506142	0.004914004914004914	0.013513513513513514	0.012285012285012284	0.012285012285012284	0.0085995085995086	0.006142506142506142	0.013513513513513514	0.0257985257985258	0.00737100737100737	0.011056511056511058	74
Mycobacterium_kansasii	0	0.07547169811320754	0.03278688524590164	0	0.027777777777777776	0.025	0	0.031746031746031744	0	0.11363636363636363	0.037037037037037035	0.10714285714285714	0.0392156862745098	0.061224489795918366	0.06382978723404255	0.14285714285714285	0	0.08955223880597014	0.038461538461538464	0	0.012672176308539944	0.014325068870523417	0.00881542699724518	0.009366391184573003	0.006611570247933884	0.009366391184573003	0.006060606060606061	0.007713498622589531	0.008264462809917356	0.01046831955922865	0.013774104683195593	0.014325068870523417	0.01487603305785124	0.01487603305785124	0.00881542699724518	0.027548209366391185	0.009366391184573003	0.013774104683195593	0.015426997245179062	0.005509641873278237	165
Mycobacterium_leprae	0	0	0	0	0	0	0	0	0	0	0	0	0	0	0	0	0	0	0	0	0	0	0	0	0	0	0	0	0	0	0	0	0	0	0	0	0	0	0	0	0
Mycobacterium_leprae_Kyoto-2	0	1.0	0	0	0	0	0.5	0	0	0	0	0	0	0	0.25	0	0	0	0	0	0.011363636363636364	0.045454545454545456	0.0	0.011363636363636364	0.0	0.0	0.022727272727272728	0.011363636363636364	0.0	0.0	0.011363636363636364	0.0	0.0	0.0	0.022727272727272728	0.022727272727272728	0.0	0.0	0.022727272727272728	0.011363636363636364	8
Mycobacterium_marseillense	0	0.0625	0	0	0	0	0.1	0	0.05263157894736842	0	0	0	0	0	0	0.10526315789473684	0	0.05263157894736842	0	0.08333333333333333	0.00909090909090909	0.016363636363636365	0.016363636363636365	0.005454545454545454	0.010909090909090908	0.0	0.007272727272727273	0.005454545454545454	0.014545454545454545	0.007272727272727273	0.007272727272727273	0.014545454545454545	0.007272727272727273	0.0036363636363636364	0.005454545454545454	0.0036363636363636364	0.012727272727272728	0.02	0.00909090909090909	0.005454545454545454	50
Mycobacterium_sp._JS623	0.08	0.04	0.07407407407407407	0.15384615384615385	0.12	0.047619047619047616	0.030303030303030304	0.029411764705882353	0.02702702702702703	0	0	0	0.02702702702702703	0	0.05	0	0.06060606060606061	0.034482758620689655	0.03333333333333333	0.043478260869565216	0.00937207122774133	0.011246485473289596	0.01499531396438613	0.01499531396438613	0.013120899718837863	0.015932521087160263	0.010309278350515464	0.014058106841611994	0.013120899718837863	0.005623242736644798	0.0037488284910965324	0.0037488284910965324	0.006560449859418931	0.010309278350515464	0.006560449859418931	0.007497656982193065	0.013120899718837863	0.01218369259606373	0.011246485473289596	0.01499531396438613	97
Mycobacterium_sp._YC-RL4	0.058823529411764705	0	0.1	0.08333333333333333	0	0	0	0.07142857142857142	0	0.034482758620689655	0.0625	0	0	0	0.07407407407407407	0	0	0	0	0	0.019393939393939394	0.01090909090909091	0.013333333333333334	0.01090909090909091	0.013333333333333334	0.012121212121212121	0.009696969696969697	0.01818181818181818	0.006060606060606061	0.008484848484848484	0.006060606060606061	0.009696969696969697	0.012121212121212121	0.009696969696969697	0.019393939393939394	0.012121212121212121	0.007272727272727272	0.013333333333333334	0.008484848484848484	0.009696969696969697	75
Mycobacterium_tuberculosis	0.08333333333333333	0.20833333333333334	0	0	0.07692307692307693	0	0	0	0	0.14705882352941177	0	0	0	0	0	0	0	0.13636363636363635	0	0.12195121951219512	0.01940755873340143	0.01327885597548519	0.01634320735444331	0.014300306435137895	0.018386108273748723	0.012257405515832482	0.014300306435137895	0.005107252298263534	0.017364657814096015	0.018386108273748723	0.01940755873340143	0.0071501532175689475	0.005107252298263534	0.011235955056179775	0.009193054136874362	0.010214504596527068	0.020429009193054137	0.01634320735444331	0.018386108273748723	0.015321756894790602	89
Mycobacterium_tuberculosis_KZN_1435	0.044444444444444446	0.18181818181818182	0	0	0.034482758620689655	0	0	0	0	0.09375	0	0.075	0	0	0	0.1	0	0.09090909090909091	0.35294117647058826	0.15384615384615385	0.0074211502782931356	0.011131725417439703	0.00927643784786642	0.012987012987012986	0.013914656771799629	0.0176252319109462	0.01020408163265306	0.006493506493506493	0.0055658627087198514	0.0055658627087198514	0.0055658627087198514	0.0037105751391465678	0.0037105751391465678	0.00463821892393321	0.0055658627087198514	0.0176252319109462	0.030612244897959183	0.012059369202226345	0.02040816326530612	0.021335807050092765	98
Mycobacterium_tuberculosis_complex	0.11494252873563218	0	0	0.10126582278481013	0.06299212598425197	0	0	0.13793103448275862	0	0	0.05	0	0.08641975308641975	0	0	0.05714285714285714	0	0	0	0.3	0.01818181818181818	0.009647495361781076	0.011131725417439703	0.010760667903525046	0.0055658627087198514	0.0037105751391465678	0.01261595547309833	0.00927643784786642	0.006307977736549165	0.007792207792207792	0.01038961038961039	0.010018552875695733	0.01038961038961039	0.011873840445269016	0.011873840445269016	0.012244897959183673	0.011502782931354361	0.01261595547309833	0.017810760667903523	0.02894248608534323	245
Mycobacterium_tuberculosis_variant_africanum	0	0	0	0	0	0	0	0	0	0	0	0	0	0	0	0	0	0	0	0	0	0	0	0	0	0	0	0	0	0	0	0	0	0	0	0	0	0	0	0	0
Mycobacterium_tuberculosis_variant_bovis	0	0	0	0	0	0	0	0	0	0	0	0	0	0	0	0	0	0	0	0	0	0	0	0	0	0	0	0	0	0	0	0	0	0	0	0	0	0	0	0	0
Mycobacteroides_abscessus	0	0	0	0	0.04838709677419355	0	0.007352941176470588	0	0	0	0	0	0	0.20441988950276244	0	0.011764705882352941	0	0.004629629629629629	0.05485232067510549	0.00980392156862745	0.002987622705932565	0.009674206857305448	0.016645326504481434	0.00597524541186513	0.003272158201735666	0.009816474605207	0.0045525679328496235	0.004837103428652724	0.0011381419832124059	0.009531939109403899	0.014653578033859723	0.004410300184948072	0.008678332621994595	0.013515436050647318	0.005263906672357377	0.019490681462512448	0.005690709916062029	0.009247403613600796	0.014226774790155073	0.020486555697823306	639
Mycobacteroides_abscessus_subsp._abscessus	0	0.09090909090909091	0.21428571428571427	0	0	0	0	0	0	0	0	0	0.1111111111111111	0	0.08571428571428572	0	0	0	0	0	0.00909090909090909	0.007575757575757575	0.012121212121212121	0.0015151515151515152	0.006060606060606061	0.004545454545454545	0.01818181818181818	0.01515151515151515	0.006060606060606061	0.010606060606060607	0.0015151515151515152	0.0030303030303030303	0.0196969696969697	0.006060606060606061	0.006060606060606061	0.024242424242424242	0.025757575757575757	0.0303030303030303	0.0030303030303030303	0.007575757575757575	60
Mycobacteroides_abscessus_subsp._bolletii	1.0	0	0	0	0	0	0	0	0	0	0	0	0	0	0	0	0	0	0	0	0.01818181818181818	0.0	0.03636363636363636	0.0	0.0	0.0	0.03636363636363636	0.0	0.07272727272727272	0.03636363636363636	0.0	0.03636363636363636	0.0	0.0	0.01818181818181818	0.0	0.03636363636363636	0.05454545454545454	0.0	0.0	5
Mycobacteroides_abscessus_subsp._bolletii_50594	0	0	0	0	0	0	0	0	0	0	0	0	0	0	0	0	0	0	0	0	0.09090909090909091	0.0	0.0	0.0	0.0	0.0	0.0	0.0	0.0	0.0	0.0	0.0	0.0	0.0	0.09090909090909091	0.0	0.09090909090909091	0.09090909090909091	0.0	0.0	1
Mycobacteroides_abscessus_subsp._massiliense	0	0	0	0	0	0	0	0.375	0	0	0	0	0	0	0	0	0	0	0	0	0.0	0.0	0.001652892561983471	0.01983471074380165	0.0	0.006611570247933884	0.01983471074380165	0.01983471074380165	0.021487603305785124	0.006611570247933884	0.001652892561983471	0.01652892561983471	0.0	0.01818181818181818	0.006611570247933884	0.024793388429752063	0.0	0.0	0.006611570247933884	0.001652892561983471	55
Mycobacteroides_abscessus_subsp._massiliense_CCUG_48898_=_JCM_15300	0	0	0	0	0	0	0	0	0	0	0	0	0	0	0.05	0	0	0	0	0	0.0	0.012121212121212121	0.0	0.007575757575757575	0.012121212121212121	0.0	0.007575757575757575	0.0	0.010606060606060607	0.007575757575757575	0.0	0.012121212121212121	0.0	0.0	0.013636363636363637	0.0	0.0	0.0	0.021212121212121213	0.021212121212121213	60
Mycoplasma_haemocanis	0	0	0	0	0	0	0	0	0	0	0	0	0	0	0	0	0	0	0	0	0	0	0	0	0	0	0	0	0	0	0	0	0	0	0	0	0	0	0	0	0
Mycoplasma_haemofelis	0	0	0	0	0	0	0	0	0	0	0	0	0	0	0	0	0	0	0	0	0	0	0	0	0	0	0	0	0	0	0	0	0	0	0	0	0	0	0	0	0
Mycoplasma_mycoides	0	0	0	0	0	0	0	0	0	0	0	0	0	0	0	0	0	0	0	0	0	0	0	0	0	0	0	0	0	0	0	0	0	0	0	0	0	0	0	0	0
Mycoplasma_ovipneumoniae	0	0	0	0	0	0	0	0	0	0	0	0	0	0	0	0	0	0	0	0	0	0	0	0	0	0	0	0	0	0	0	0	0	0	0	0	0	0	0	0	0
Mycoplasma_pneumoniae	0	0	0	0	0	0	0	0	0	0	0	0	0	0	0	0	0	0	0	0	0	0	0	0	0	0	0	0	0	0	0	0	0	0	0	0	0	0	0	0	0
Neisseria_elongata	0	0	0	0	0	0	0	0	0	0	0	0	0	0	0	0	0	0	0	0	0	0	0	0	0	0	0	0	0	0	0	0	0	0	0	0	0	0	0	0	0
Neisseria_gonorrhoeae	0.5	0	0	0	0	0	0	0	0	0	0	0	0	0	0	0	0	0	0	0	0.01948051948051948	0.01948051948051948	0.05194805194805195	0.0	0.0	0.0	0.0	0.01948051948051948	0.0	0.0	0.0	0.01948051948051948	0.0	0.045454545454545456	0.0	0.01948051948051948	0.045454545454545456	0.0	0.0	0.0	14
Neisseria_gonorrhoeae_NG-k51.05	0	0	0	0	0	0	1.0	0	0	0	0	0	0	0	0	0	0	0	0	0	0.04498594189315838	0.0	0.02249297094657919	0.04498594189315838	0.0	0.02249297094657919	0.06747891283973759	0.0	0.0	0.0	0.0	0.0	0.0	0.023430178069353328	0.0	0.0	0.02249297094657919	0.0	0.0	0.0	97
Neisseria_meningitidis	0	0	0	0	0	0	0	0	0.17073170731707318	0	0	0	0	0	0	0	0	0	0	0	0.0	0.06868686868686869	0.06868686868686869	0.018181818181818184	0.0	0.0	0.0	0.0	0.01414141414141414	0.01414141414141414	0.0	0.06868686868686869	0.0	0.00202020202020202	0.0707070707070707	0.06868686868686869	0.0	0.0	0.00202020202020202	0.0	45
Neisseria_meningitidis_NZ-05/33	0	0	0	0	0	0	0	0	0	0	0	0	0	0	0	0	0	0	0	0	0.0	0.0	0.0	0.0	0.0	0.0	0.0	0.0	0.0	0.0	0.011363636363636364	0.0	0.07954545454545454	0.011363636363636364	0.011363636363636364	0.011363636363636364	0.0	0.0	0.0	0.0	8
Neisseria_mucosa	0	0	0	0	0	0	0	0	0	0	0	0	0	0	0	0	0	0	0	0	0.0	0.0	0.0	0.0	0.0	0.09090909090909091	0.0	0.0	0.0	0.0	0.0	0.09090909090909091	0.0	0.0	0.0	0.0	0.0	0.0	0.0	0.0	1
Neisseria_sicca	0	0	0	0	0	0	0	0	0	0	0	0	0	0	0	0	0	0	0	0	0.0	0.0	0.0	0.0	0.0	0.0	0.0	0.0	0.0	0.0	0.030303030303030304	0.0	0.0	0.0	0.030303030303030304	0.0	0.0	0.0	0.0	0.030303030303030304	3
Neisseria_subflava	0	0	0	0	0	0	0	0	0	0	0	0	0	0	0	0	0	0	0	0	0	0	0	0	0	0	0	0	0	0	0	0	0	0	0	0	0	0	0	0	0
Neisseria_weaveri	0	0	0	0	0	0	0	0	0	0	0	0	0	0	0	0	0	0	0	0	0	0	0	0	0	0	0	0	0	0	0	0	0	0	0	0	0	0	0	0	0
Orthohepadnavirus	0	0	0	0	0	0	0	0	0	0	0	0	0	0	0	0	0	0	0	0	0	0	0	0	0	0	0	0	0	0	0	0	0	0	0	0	0	0	0	0	0
Orthopoxvirus	0	0	0	0	0	0	0	0	0	0	0	0	0	0	0	0	0	0	0	0	0	0	0	0	0	0	0	0	0	0	0	0	0	0	0	0	0	0	0	0	0
Paraavulavirus	0	0	0	0	0	0	0	0	0	0	0	0	0	0	0	0	0	0	0	0	0	0	0	0	0	0	0	0	0	0	0	0	0	0	0	0	0	0	0	0	0
Parvimonas_micra	0	0	0.5	0	0	0	0	0	0	0	0	0	0	0.3333333333333333	0.5833333333333334	0	0	0	0	0	0.0033670033670033673	0.016835016835016835	0.0101010101010101	0.006734006734006735	0.0101010101010101	0.0202020202020202	0.0101010101010101	0.0101010101010101	0.016835016835016835	0.006734006734006735	0.016835016835016835	0.0	0.0033670033670033673	0.01346801346801347	0.037037037037037035	0.0033670033670033673	0.01346801346801347	0.0033670033670033673	0.0101010101010101	0.0101010101010101	27
Pasteurella_multocida	0	0	0	0	0	0	0	0	0	0	0	0	0	0	0	0	0	0	0	0	0.0	0.0	0.09090909090909091	0.09090909090909091	0.0	0.0	0.0	0.0	0.0	0.09090909090909091	0.09090909090909091	0.0	0.0	0.0	0.0	0.0	0.0	0.0	0.0	0.0	1
Pasteurella_multocida_subsp._multocida	0.5	1.0	1.0	0	0	0	0.5	0	0	0	0	0	0	0	0	0	0	0	0	0	0.022727272727272728	0.045454545454545456	0.022727272727272728	0.022727272727272728	0.0	0.022727272727272728	0.022727272727272728	0.022727272727272728	0.0	0.0	0.0	0.0	0.0	0.0	0.0	0.022727272727272728	0.022727272727272728	0.0	0.0	0.022727272727272728	4
Peptostreptococcus_anaerobius	0	0	0	0	0	0	0	0	0	0	0	0	0	0	0	0	0	0	0	0	0	0	0	0	0	0	0	0	0	0	0	0	0	0	0	0	0	0	0	0	0
Polyomaviridae	0	0	0	0	0	0	0	0	0	0	0	0	0	0	0	0	0	0	0	0	0	0	0	0	0	0	0	0	0	0	0	0	0	0	0	0	0	0	0	0	0
Porphyromonas_gingivalis	0	0	0	0	0	0	0	0	0	0	0	0	0	0	0	0	0	0	0	0	0.0	0.0	0.0	0.0	0.0	0.0	0.09090909090909091	0.09090909090909091	0.09090909090909091	0.0	0.0	0.07792207792207792	0.0	0.0	0.0	0.0	0.0	0.0	0.0	0.0	7
Porphyromonas_gingivalis_W83	0	0	0	0	0	0	0	0	0	0	0	0	0	0	0	0	0	0	0	0	0.0	0.0	0.0	0.0	0.0	0.0	0.0	0.0	0.0	0.09090909090909091	0.0	0.0	0.0	0.0	0.0	0.0	0.07954545454545454	0.07954545454545454	0.0	0.0	8
Rickettsia_africae	0	0	0	0	0	0	0	0	0	0	0	0	0	0	0	0	0	0	0	0	0	0	0	0	0	0	0	0	0	0	0	0	0	0	0	0	0	0	0	0	0
Rickettsia_akari	0	0	0	0	0	0	0	0	0	0	0	0	0	0	0	0	0	0	0	0	0	0	0	0	0	0	0	0	0	0	0	0	0	0	0	0	0	0	0	0	0
Rickettsia_conorii	0	0	0	0	0	0	0	0	0	0	0	0	0	0	0	0	0	0	0	0	0	0	0	0	0	0	0	0	0	0	0	0	0	0	0	0	0	0	0	0	0
Rickettsia_felis	0	0	0	0	0	0	0	0	0	0	0	0	0	0	0	0	0	0	0	0	0	0	0	0	0	0	0	0	0	0	0	0	0	0	0	0	0	0	0	0	0
Rickettsia_japonica	0	0	0	0	0	0	0	0	0	0	0	0	0	0	0	0	0	0	0	0	0	0	0	0	0	0	0	0	0	0	0	0	0	0	0	0	0	0	0	0	0
Rickettsia_prowazekii	0	0	0	0	0	0	0	0	0	0	0	0	0	0	0	0	0	0	0	0	0	0	0	0	0	0	0	0	0	0	0	0	0	0	0	0	0	0	0	0	0
Rickettsia_rickettsii	0	0	0	0	0	0	0	0	0	0	0	0	0	0	0	0	0	0	0	0	0	0	0	0	0	0	0	0	0	0	0	0	0	0	0	0	0	0	0	0	0
Rickettsia_sibirica	0	0	0	0	0	0	0	0	0	0	0	0	0	0	0	0	0	0	0	0	0	0	0	0	0	0	0	0	0	0	0	0	0	0	0	0	0	0	0	0	0
Rickettsia_typhi	0	0	0	0	0	0	0	0	0	0	0	0	0	0	0	0	0	0	0	0	0	0	0	0	0	0	0	0	0	0	0	0	0	0	0	0	0	0	0	0	0
Salmonella_enterica	0	0.4975124378109453	0	0	0.5	0	0	0	0	0	0	0	0	0.9900990099009901	0	0	0.4878048780487805	0	0	0	0.0	0.015571703989322259	0.029660388551090024	0.01542340204656681	0.01512679816105591	0.014830194275545012	0.014830194275545012	0.014830194275545012	1.483019427554501E-4	0.02980869049384547	0.0	1.483019427554501E-4	0.0010381135992881506	0.01497849621830046	0.015571703989322259	0.0011864155420436009	0.029660388551090024	0.03025359632211182	0.01497849621830046	0.014830194275545012	613
Salmonella_enterica_subsp._enterica	0	0	0	0	0	0	0	0	0	0	0	0	0	0	0	0	0	0	0	0	0.0	0.005961251862891207	0.005216095380029806	0.0014903129657228018	0.0014903129657228018	7.451564828614009E-4	0.0	0.004470938897168405	0.005216095380029806	0.004470938897168405	7.451564828614009E-4	0.07526080476900149	7.451564828614009E-4	0.0745156482861401	7.451564828614009E-4	7.451564828614009E-4	0.0022354694485842027	0.005961251862891207	0.005961251862891207	0.07526080476900149	122
Salmonella_enterica_subsp._enterica_serovar_Choleraesuis	0	0	0	0	0	0	0	0	0	0	0	0	0	0	0	0	0	0	0	0	0.0	0.0	0.0	0.0	0.0	0.0	0.0	0.0	0.09090909090909091	0.0	0.0	0.09090909090909091	0.0	0.0	0.0	0.0	0.0	0.09090909090909091	0.0	0.0	1
Salmonella_enterica_subsp._enterica_serovar_India_str._SA20085604	0	0	0	0	0	0	0	0	0	0	0	0	0	0	0	1.0	0	0	0	0	0.0	0.0	0.0	0.0	0.0	0.0	0.0	0.0	0.0	0.0	0.0	0.0	0.0	0.0	0.0	0.09090909090909091	0.0	0.0	0.0	0.0	1
Salmonella_enterica_subsp._enterica_serovar_Senftenberg	0	0	0	0	0	0	0	0	0	0	0	0	0	0	0	0	0	0	0	0	0.0	0.0	0.09090909090909091	0.0	0.0	0.0	0.0	0.0	0.0	0.0	0.0	0.0	0.0	0.0	0.045454545454545456	0.0	0.0	0.045454545454545456	0.045454545454545456	0.0	2
Salmonella_enterica_subsp._enterica_serovar_Typhimurium	0	0	0	0	0	0	0	0	0	0	0	0	0	0	0	0	0	0	0	0	0.0	0.0	0.0	0.0	0.0	0.0	0.0	0.0	0.0	0.0	0.0	0.0	0.0	0.0	0.0	0.0	0.0	0.0	0.0	0.0	1
Salmonella_enterica_subsp._houtenae_str._ATCC_BAA-1581	0	0	0	0	0	0	0	0	0	0	0	0	0	0	1.0	0	0	0	0	0	0.0	0.0	0.0	0.0	0.0	0.0	0.0	0.0	0.0	0.0909090909090909	0.0	0.0	0.06060606060606061	0.0	0.06060606060606061	0.0	0.0	0.0	0.06060606060606061	0.0	3
Sheeppox_virus	0	0	0	0	0	0	0	0	0	0	0	0	0	0	0	0	0	0	0	0	0	0	0	0	0	0	0	0	0	0	0	0	0	0	0	0	0	0	0	0	0
Shigella_boydii	0	0	0	0	0	0	0	0	0	0	0	0	0	0	0	0	0	0	0	0	0	0	0	0	0	0	0	0	0	0	0	0	0	0	0	0	0	0	0	0	0
Shigella_dysenteriae	0	0	0	0	0	0	0	0	0	0	0	0	0	0	0	0	0	0	0	0	0	0	0	0	0	0	0	0	0	0	0	0	0	0	0	0	0	0	0	0	0
Shigella_flexneri	0	0	0	0	0	0	0	0	0	0	0	0	0	0	0	0	0	0	0	0	0	0	0	0	0	0	0	0	0	0	0	0	0	0	0	0	0	0	0	0	0
Shigella_flexneri_3a	0	1.0	0	0	0	0	0	0	0	0	0	0	0	0	0	0	0	0	0	0	0.0	0.09090909090909091	0.0	0.0	0.0	0.0	0.0	0.0	0.0	0.0	0.0	0.0	0.0	0.0	0.0	0.0	0.0	0.0	0.0	0.08080808080808081	9
Shigella_sonnei	0	0	0	0	0	0	0	0	0	0	0	0	0	0	0	0	0	0	0	0	0	0	0	0	0	0	0	0	0	0	0	0	0	0	0	0	0	0	0	0	0
Simian_virus_12	0	0	0	0	0	0	0	0	0	0	0	0	0	0	0	0	0	0	0	0	0	0	0	0	0	0	0	0	0	0	0	0	0	0	0	0	0	0	0	0	0
Staphylococcus_aureus	0.12903225806451613	0	0	0	0	0	0	1.0	0	0	0.16666666666666666	0	0	0	0	0.7222222222222222	0	0	0	0	0.004662004662004662	0.0	0.0	0.0	0.016317016317016316	0.0	0.016317016317016316	0.03146853146853147	0.0011655011655011655	0.0	0.0011655011655011655	0.0	0.002331002331002331	0.03263403263403263	0.002331002331002331	0.016317016317016316	0.0011655011655011655	0.0	0.0011655011655011655	0.0	78
Staphylococcus_aureus_subsp._aureus_NCTC_8325	0	0	0	0	0	0	0	0	0	0	0	0	0	0	0	0	0	0	0	0	0.0	0.0	0.0	0.0	0.0	0.0	0.0	0.0	0.0	0.0	0.0	0.0	0.0	0.0	0.0	0.0	0.0	0.0	0.0	0.0	300
Staphylococcus_cohnii	1.0	0	0	0	0.5	0	0	0	0	0	0	0	0	1.0	0	0	0	0	0	0	0.02727272727272727	0.01818181818181818	0.0	0.03636363636363636	0.03636363636363636	0.0	0.0	0.0	0.0	0.01818181818181818	0.0	0.0	0.0	0.02727272727272727	0.00909090909090909	0.0	0.0	0.0	0.0	0.0	10
Staphylococcus_epidermidis	0	0	0	0	0	0	0	0	0	0	0	0	0	0	0	0	0	0	0	0	0	0	0	0	0	0	0	0	0	0	0	0	0	0	0	0	0	0	0	0	0
Staphylococcus_equorum	0.07692307692307693	0	0.4	0	0	0	0.16666666666666666	0.16666666666666666	0	0	0	0	0	0	0	0	0.6666666666666666	0	0	0	0.006493506493506494	0.003246753246753247	0.016233766233766232	0.0	0.025974025974025976	0.0	0.003246753246753247	0.003246753246753247	0.0	0.006493506493506494	0.006493506493506494	0.0	0.006493506493506494	0.003246753246753247	0.0	0.0	0.006493506493506494	0.022727272727272728	0.0	0.025974025974025976	28
Staphylococcus_hominis	0	0	0	0	0	0	0	0	0	0	0	0	0	0	0	0	0	0	0	0	0.0	0.0	0.0	0.0	0.0	0.0	0.0	0.09090909090909091	0.09090909090909091	0.0	0.0	0.0	0.0	0.0	0.045454545454545456	0.0	0.0	0.0	0.045454545454545456	0.0	2
Staphylococcus_hominis_subsp._hominis	0	0	0	0	0	0	0	0	0	0	0	0	0	0	0	0	0	0	0	0	0.0	0.0	0.0	0.0	0.0	0.0	0.0	0.0	0.0	0.0	0.0	0.0	0.0	0.0	0.0	0.0	0.0	0.0	0.0	0.0	8
Staphylococcus_nepalensis	0	0	0	0	0	0	0	0	0	0	0	0	0	0	0	0	0	0	0	0	0	0	0	0	0	0	0	0	0	0	0	0	0	0	0	0	0	0	0	0	0
Staphylococcus_saprophyticus	0	0	0	0	0	0	0	0	0	0	0	0	0	0	0	0	0	0	0	0	0	0	0	0	0	0	0	0	0	0	0	0	0	0	0	0	0	0	0	0	0
Staphylococcus_simulans	1.0	0	0	0	0	0	0	0	0	0	1.0	0	0	0	0	0	0	0	0	0	0.08264462809917356	0.0	0.0	0.0	0.0	0.0	0.0	0.0	0.008264462809917356	0.0	0.008264462809917356	0.0	0.0	0.01652892561983471	0.0	0.0743801652892562	0.0	0.0	0.0743801652892562	0.0	11
Staphylococcus_succinus	0.5	0	0.6666666666666666	0.75	0	0	0	0	0	0	0	0	0	0	0	0	0	0	0	0	0.008264462809917356	0.0	0.024793388429752063	0.04958677685950413	0.008264462809917356	0.0	0.04958677685950413	0.008264462809917356	0.0	0.04958677685950413	0.0	0.0	0.0	0.008264462809917356	0.04132231404958678	0.0	0.0	0.008264462809917356	0.0	0.0	11
Streptococcus_agalactiae	0	0	0	0	0	0	0	0	0	0	0	0	0	0	0	0	0	0	0	0	0	0	0	0	0	0	0	0	0	0	0	0	0	0	0	0	0	0	0	0	0
Streptococcus_anginosus	0	0	0	0	0	0	0	0	0	0	0	0	0	0	0	0	0	0	0	0	0	0	0	0	0	0	0	0	0	0	0	0	0	0	0	0	0	0	0	0	0
Streptococcus_canis	0	0	0	0	0	0	0	0	0	0	0	0	0	0	0	0	0	0	0	0	0	0	0	0	0	0	0	0	0	0	0	0	0	0	0	0	0	0	0	0	0
Streptococcus_cristatus	0	0	0	0	0	0	0	0	0	0	0	0	0	0	0	0	0	0	0	0	0	0	0	0	0	0	0	0	0	0	0	0	0	0	0	0	0	0	0	0	0
Streptococcus_cristatus_ATCC_51100	0	0	0	0	0	0	0	0	0	0	0	0	0	0	0	0	0	0	0	0	0.0	0.0	0.0	0.09090909090909091	0.09090909090909091	0.09090909090909091	0.0	0.0	0.0	0.0	0.0	0.0	0.0	0.0	0.0	0.0	0.0	0.0	0.0	0.0	1
Streptococcus_dysgalactiae	0	0	0	0	0	0	0	0	0	0	0	0	0	0	0	0	0	0	0	0	0	0	0	0	0	0	0	0	0	0	0	0	0	0	0	0	0	0	0	0	0
Streptococcus_equi	0	0	0	0	0	0	0	0	0	0	0	0	0	0	0	0	0	0	0	0	0.0	0.0	0.0	0.0	0.0	0.0	0.0	0.0	0.0	0.0	0.01818181818181818	0.0	0.0	0.07272727272727272	0.0	0.0	0.0	0.0	0.0	0.0	5
Streptococcus_equi_subsp._zooepidemicus	0	0	0	0	0	0	0	0	0	0	0	0	0	0	0	0	0	0	0	0	0.0	0.0	0.0	0.0	0.0	0.0	0.0	0.0	0.0	0.0	0.0	0.0	0.0	0.0	0.0	0.0	0.0	0.0	0.0	0.0	1
Streptococcus_gallolyticus	0	0	0	0	0	0	0	0	0	0	0	0	0	0	0	0	0	0	0	0	0	0	0	0	0	0	0	0	0	0	0	0	0	0	0	0	0	0	0	0	0
Streptococcus_gordonii	0	0	0	0	0	0	0	0	0	0	0	0	0	0	0	0	0	0	0	0	0.0	0.0	0.0	0.0	0.0	0.0	0.0	0.0	0.0	0.0	0.0	0.0	0.0	0.0	0.0	0.0	0.0	0.0	0.0	0.0	2
Streptococcus_gordonii_str._Challis_substr._CH1	0	0	0	0	0	0	0	0	0	0	0	0	0	0	0	0	0	0	0	0	0	0	0	0	0	0	0	0	0	0	0	0	0	0	0	0	0	0	0	0	0
Streptococcus_intermedius	0	0	0	0	0	0	0	0	0	0	0	0	0	0	0	0	0	0	0	0	0	0	0	0	0	0	0	0	0	0	0	0	0	0	0	0	0	0	0	0	0
Streptococcus_intermedius_B196	0	0	0	0	0	0	0	0	0	0	0	0	0	0	1.0	0	0	0	0	0	0.0	0.0	0.0	0.0	0.0	0.0909090909090909	0.0	0.0909090909090909	0.0909090909090909	0.0	0.0	0.0	0.0	0.06060606060606061	0.030303030303030304	0.0	0.0	0.030303030303030304	0.06060606060606061	0.0	3
Streptococcus_lutetiensis	0	0	0	0	0	0	0	0	0	0	0	0	0	0	0	0	0	0	0	0	0.0	0.0	0.09090909090909091	0.0	0.0	0.0	0.0	0.0	0.0	0.0	0.0	0.0	0.0	0.0	0.0	0.0	0.0	0.0	0.0	0.0	1
Streptococcus_milleri	0	0	0	0	0	0	0	0	0	0	0	0	0	0	0	0	0	0	0	0	0	0	0	0	0	0	0	0	0	0	0	0	0	0	0	0	0	0	0	0	0
Streptococcus_mitis	0	0	0	0	0	0	0	0	0	0	0	0	0	0	0	0	0	0	0	0	0.0	0.0	0.0	0.0	0.0	0.0	0.0	0.0	0.0	0.0	0.09090909090909091	0.0	0.0	0.0	0.0	0.0	0.0	0.0	0.0	0.0	1
Streptococcus_mutans	0	0	0	0	0	0	0	0	0	0	0	0	0	0	0	0	0	0	0	0	0	0	0	0	0	0	0	0	0	0	0	0	0	0	0	0	0	0	0	0	0
Streptococcus_oralis	0	0	0	0	0	0	0	0	0	0	0	0	0	0	0	0	0	0	0	0	0.0	0.0	0.0	0.0	0.0	0.0	0.0	0.045454545454545456	0.0	0.0	0.0	0.0	0.0	0.0	0.0	0.0	0.0	0.0	0.0	0.0	2
Streptococcus_parauberis	0	0	0	0	0	0	0	0	0	0	0	0	0	0	0	0	0	0	0	0	0.0	0.0	0.0	0.0	0.0	0.0	0.0	0.0	0.0	0.0	0.0	0.0	0.0	0.0	0.0	0.0	0.0	0.0	0.0	0.0	1
Streptococcus_parauberis_NCFD_2020	0	0	0	1.0	0	0	0	0	0	0	0	0	0	0	0	0	0	0	0	0	0.0	0.0	0.0	0.09090909090909091	0.0	0.0	0.0	0.0	0.0	0.0	0.09090909090909091	0.0	0.0	0.0	0.0	0.0	0.0	0.0	0.0	0.0	1
Streptococcus_pneumoniae	0	0	0	0	0	0	0	0	0	0	0	0	0	0	0	0	0	0	0	0	0.0017152658662092624	0.0	0.08919382504288165	0.0017152658662092624	0.0	0.0017152658662092624	0.0017152658662092624	0.0	0.0017152658662092624	0.0	0.08919382504288165	0.0	0.0	0.0	0.0	0.0017152658662092624	0.0	0.0	0.08919382504288165	0.0	53
Streptococcus_pyogenes	0	0	0	0	0	0	0	0	0	0	0	0	0	0	0	0	0	0	0	0	0.09090909090909091	0.0	0.0	0.0	0.0	0.0	0.0	0.0	0.0	0.0	0.0	0.0	0.0	0.0	0.045454545454545456	0.0	0.0	0.0	0.0	0.0	2
Streptococcus_salivarius	0	0	0	0	0	0	0	0	0	0	0	0	0	0	0	0	0	0	0	0	0.0	0.0	0.0	0.0	0.0	0.0	0.0	0.0	0.0	0.0	0.008264462809917356	0.008264462809917356	0.0	0.0	0.0	0.008264462809917356	0.0	0.008264462809917356	0.0	0.0	11
Streptococcus_salivarius_57.I	0	0	0	0	0	0	0	0	0	0	0	0	0	0	0	0	0	0	0	0	0.0	0.0	0.0	0.0	0.0	0.0	0.0	0.0	0.0	0.0	0.0	0.0	0.0	0.0	0.0	0.0	0.0	0.0	0.0	0.0	8
Streptococcus_sanguinis	0	0	0	0	0	0	0	0	0	0	0	0	0	0	0	0	0	0	0	0	0.0	0.0	0.0	0.0	0.0	0.0	0.0	0.0	0.0	0.0	0.0	0.0	0.0	0.0	0.0	0.0	0.0	0.0	0.0	0.0	2
Streptococcus_sp._HSISM1	0	0	0	0	0	0	0	0	0	0	0	0	0	0	0	0	0	0	0	0	0	0	0	0	0	0	0	0	0	0	0	0	0	0	0	0	0	0	0	0	0
Streptococcus_suis	0	0	0.8333333333333334	0	0	0	0	0	0	0	0	0	0	0	0	0	0	0	0	0	0.0	0.04132231404958678	0.04132231404958678	0.0	0.0	0.0	0.0	0.0	0.0	0.04958677685950413	0.0	0.0	0.0	0.0	0.0	0.008264462809917356	0.0371900826446281	0.0	0.008264462809917356	0.0	22
Streptococcus_thermophilus	0	0	0	0	0	0	0	0	0	0	0	0	0	0	0	0	0	0	0	0	0	0	0	0	0	0	0	0	0	0	0	0	0	0	0	0	0	0	0	0	0
Streptococcus_thermophilus_ND03	0	0	0	0	0	0	0	0	0	0	0	0	0	0	0	0	0	0	0	0	0.0	0.0	0.0	0.0	0.0	0.0	0.0	0.0	0.0	0.0	0.0	0.0	0.0	0.0	0.0	0.0	0.0	0.0	0.0	0.0	3
Tannerella_forsythia	0	0	0	0	0	0	0	0	0	0	0	0	0	0	0	0	0	0	0	0	0	0	0	0	0	0	0	0	0	0	0	0	0	0	0	0	0	0	0	0	0
Tannerella_forsythia_92A2	0	0	0	0	0	0	0	0	0	0	0	0	0	0	0	0	0	1.0	0	0	0.0	0.0	0.06818181818181818	0.0	0.022727272727272728	0.0	0.0	0.0	0.0	0.0	0.0	0.045454545454545456	0.0	0.045454545454545456	0.0	0.0	0.0	0.045454545454545456	0.022727272727272728	0.0	4
Tannerella_forsythia_KS16	0	0	0	0	0	0	0	0	0	0	0	0	0	0	0	0	0	0	0	0	0.0	0.0	0.0	0.045454545454545456	0.0	0.045454545454545456	0.045454545454545456	0.045454545454545456	0.0	0.0	0.0	0.0	0.0	0.0	0.045454545454545456	0.0	0.0	0.0	0.0	0.0	2
Treponema	0	0	0	0	0	0	0	0	0	0	0	0	0	0	0	0	0	0	0	0	0.0	0.0	0.03409090909090909	0.011363636363636364	0.011363636363636364	0.011363636363636364	0.011363636363636364	0.0	0.022727272727272728	0.022727272727272728	0.011363636363636364	0.011363636363636364	0.011363636363636364	0.0	0.022727272727272728	0.011363636363636364	0.0	0.011363636363636364	0.0	0.0	8
Treponema_azotonutricium_ZAS-9	0	0	0	0	0	0	0	0	0	0	0	0	0	0	0	0	0	0	0	0	0.09090909090909091	0.0	0.0	0.0	0.09090909090909091	0.0	0.0	0.09090909090909091	0.0	0.09090909090909091	0.09090909090909091	0.0	0.022727272727272728	0.022727272727272728	0.0	0.0	0.0	0.0	0.0	0.0	4
Treponema_brennaborense_DSM_12168	0	0	0	0	0	0	0	0	0	0	0	0	0	0	0	0	0	0	0	0	0.011363636363636364	0.022727272727272728	0.011363636363636364	0.022727272727272728	0.0	0.0	0.045454545454545456	0.022727272727272728	0.0	0.011363636363636364	0.011363636363636364	0.045454545454545456	0.0	0.022727272727272728	0.0	0.045454545454545456	0.0	0.022727272727272728	0.022727272727272728	0.0	8
Treponema_caldarium_DSM_7334	0	0	0	0	0	0	0	0	0	0	0	0	0	0	0	0	0	0	0	0	0.0	0.0	0.0	0.09090909090909091	0.0	0.0	0.0	0.0	0.0	0.0	0.0	0.0	0.0	0.0	0.0	0.0	0.0	0.0	0.0	0.0	1
Treponema_denticola	0	0	0	0	0	0	0	0	0	0	0	0	0	0	0	0	0	0	0	0	0	0	0	0	0	0	0	0	0	0	0	0	0	0	0	0	0	0	0	0	0
Treponema_denticola_ATCC_35405	0	0	0	0	0	0	0	0	0	0	0	0	0	0	0	0	0	0	0	0	0	0	0	0	0	0	0	0	0	0	0	0	0	0	0	0	0	0	0	0	0
Treponema_pallidum	0	0	0	0	0	0	0	0	0	0	0	0	0	0	0	0	0	0	0	0	0	0	0	0	0	0	0	0	0	0	0	0	0	0	0	0	0	0	0	0	0
Treponema_pallidum_subsp._pallidum	0	0	0	0	0	0	0	0	0	0	0	0	0	0	0	0	0	0	0	0	0	0	0	0	0	0	0	0	0	0	0	0	0	0	0	0	0	0	0	0	0
Treponema_pallidum_subsp._pertenue	0	0	0	0	0	0	0	0	0	0	0	0	0	0	0	0	0	0	0	0	0	0	0	0	0	0	0	0	0	0	0	0	0	0	0	0	0	0	0	0	0
Treponema_phagedenis	0	0	0	0	0	0	0	0	0	0	1.0	0	0	0	0	0	0	0	0	0	0.0	0.045454545454545456	0.0	0.0	0.0	0.0	0.045454545454545456	0.0	0.0	0.0	0.022727272727272728	0.0	0.0	0.0	0.022727272727272728	0.0	0.022727272727272728	0.0	0.0	0.0	4
Treponema_primitia_ZAS-2	1.0	0	0	0	0	0	0	0	0	0	0	0.5	0	0	0	0	0	0	0	0	0.05454545454545454	0.0	0.0	0.0	0.0	0.01818181818181818	0.0	0.0	0.0	0.0	0.0	0.05454545454545454	0.0	0.0	0.0	0.0	0.0	0.03636363636363636	0.0	0.0	5
Treponema_putidum	0	0	0	0	0	0	0	0	0	0	0	0	0	0	0	0	0	0	0	0	0.0	0.0	0.0	0.0	0.0	0.0	0.0	0.0	0.0	0.0	0.0	0.0	0.09090909090909091	0.0	0.0	0.0	0.0	0.0	0.0	0.0	1
Treponema_socranskii_subsp._buccale	0	0	0	0	0	0	0	0	0	0	0	0	0	0	0	0	0	0	0	0	0.0	0.0	0.0	0.045454545454545456	0.045454545454545456	0.045454545454545456	0.0	0.0	0.0	0.045454545454545456	0.0	0.045454545454545456	0.0	0.0	0.0	0.0	0.0	0.0	0.0	0.0	2
Treponema_succinifaciens_DSM_2489	0	0.16666666666666666	0.09090909090909091	0	0	0	0.3333333333333333	0	0	0	0.3333333333333333	0.2727272727272727	0	0	0	0	0	0	0.125	0	0.0	0.01652892561983471	0.008264462809917356	0.02066115702479339	0.028925619834710745	0.008264462809917356	0.004132231404958678	0.004132231404958678	0.012396694214876032	0.008264462809917356	0.01652892561983471	0.028925619834710745	0.004132231404958678	0.004132231404958678	0.012396694214876032	0.004132231404958678	0.0	0.024793388429752063	0.028925619834710745	0.008264462809917356	22
Treponema_vincentii	0	1.0	0	0	0	0	0	0	0	0	0	0	0	0	0	0	0	0	0	0	0.015151515151515152	0.04545454545454545	0.0	0.0	0.015151515151515152	0.0	0.030303030303030304	0.030303030303030304	0.015151515151515152	0.015151515151515152	0.0	0.0	0.015151515151515152	0.015151515151515152	0.04545454545454545	0.0	0.06060606060606061	0.0	0.015151515151515152	0.04545454545454545	6
Veillonella_parvula	0	0	0	0	0	0	0	0	0	0	0	0	0	0	0	0	0	0	0	0	0.0	0.0	0.0	0.0	0.0	0.0	0.0	0.0	0.09090909090909091	0.0	0.09090909090909091	0.09090909090909091	0.0	0.0	0.0	0.0	0.0	0.0	0.0	0.0	1
Veillonella_parvula_HSIVP1	0	0	0	0	0	0	0	0	0	0	0	0	0	0	0	0	0	0	0	0	0.0	0.0909090909090909	0.0	0.0	0.0	0.0	0.0	0.0	0.0	0.0	0.0	0.0	0.0	0.0	0.0	0.0	0.06060606060606061	0.0	0.0	0.0	3
Vesicular_stomatitis_Indiana_virus	0	0	0	0	0	0	0	0	0	0	0	0	0	0	0	0	0	0	0	0	0	0	0	0	0	0	0	0	0	0	0	0	0	0	0	0	0	0	0	0	0
Vibrio_anguillarum	0	1.0	0	0	0	0	0	0	0	0	0	0	0	0	0	0	0	0	0	0	0.0	0.06060606060606061	0.0	0.0	0.0	0.015151515151515152	0.07575757575757576	0.0	0.0	0.0	0.015151515151515152	0.0	0.0	0.015151515151515152	0.0	0.0	0.015151515151515152	0.06060606060606061	0.0	0.030303030303030304	6
Vibrio_cholerae	0	0	0	0	0	0	0	0	0	0	0	0	0	0	0	0	0	0	0	0	0.0	0.0	0.0	0.0	0.0	0.0	0.0	0.0	0.0	0.0	0.0	0.0	0.0	0.0	0.0	0.045454545454545456	0.0	0.0	0.0	0.0	2
Vibrio_furnissii	0	0	0	0	0	0	0	0	0	0	0	0	0	0	0	0	0	0	0	0	0	0	0	0	0	0	0	0	0	0	0	0	0	0	0	0	0	0	0	0	0
Vibrio_parahaemolyticus	0	0	0	0	0	0	0	0	0	0	0	0	0	0	0	0	0	0	0	0	0.0	0.0	0.0	0.0	0.045454545454545456	0.022727272727272728	0.06818181818181818	0.0	0.0	0.022727272727272728	0.0	0.0	0.022727272727272728	0.0	0.0	0.0	0.0	0.0	0.0	0.045454545454545456	8
Vibrio_parahaemolyticus_UCM-V493	0	0	0	0	0	0	0	0	0	0	0	0	0	0	0	0	0	0	0	0	0.0	0.0	0.0	0.0	0.0	0.0	0.0	0.0	0.0	0.0	0.0	0.0	0.0	0.0	0.07575757575757576	0.015151515151515152	0.0	0.0	0.07575757575757576	0.0	6
Vibrio_splendidus	0	0	0	0	0	0	0	0	0	0	0	0	0	0	0	0	0	0	0	0	0.0	0.0	0.09090909090909091	0.0	0.0	0.0	0.0	0.0	0.0	0.0	0.0	0.0	0.0	0.0	0.0	0.0	0.0	0.0	0.0	0.0	1
Vibrio_vulnificus	0	0	0	0.058823529411764705	0.08333333333333333	0	0	0.15384615384615385	0	0	0	0	0	0	0	0	0	0	0	0	0.037549407114624504	0.021739130434782608	0.0	0.001976284584980237	0.005928853754940711	0.009881422924901186	0.001976284584980237	0.007905138339920948	0.0	0.0	0.0	0.007905138339920948	0.001976284584980237	0.0	0.03557312252964427	0.0	0.0	0.0	0.017786561264822136	0.021739130434782608	46
Vibrio_vulnificus_NBRC_15645_=_ATCC_27562	0	0	0	0	0	0	0	0	0	0	0	0	0	0	0	0	0	0	0	0	0.0	0.0	0.0	0.0	0.06818181818181818	0.0	0.0	0.0	0.0	0.0	0.022727272727272728	0.0	0.0	0.0	0.0	0.0	0.0	0.0	0.0	0.0	4
Vibrio_vulnificus_YJ016	0	0	0	0	0	0	0	0	0	0	0	0	0	0	0	0	0	0	0	0	0.0	0.0	0.0	0.0	0.0	0.0	0.0	0.0	0.0	0.0	0.0	0.0	0.045454545454545456	0.0	0.0	0.0	0.0	0.0	0.0	0.0	2
Yersinia_aldovae	0	0	0	0	0	0	0	0	0	0	0	0	0	0	0	0	0	0	0	0	0	0	0	0	0	0	0	0	0	0	0	0	0	0	0	0	0	0	0	0	0
Yersinia_aleksiciae	0	0	1.0	0	0	0	0	0	0	0	0	0	0	0	0	0	0	0	0	0	0.0	0.025974025974025976	0.03896103896103896	0.0	0.0	0.0	0.012987012987012988	0.0	0.0	0.0	0.0	0.012987012987012988	0.0	0.025974025974025976	0.0	0.012987012987012988	0.0	0.0	0.0	0.0	7
Yersinia_enterocolitica	0	0	0	0	0	0	0	0	0	0	0	0	0	0	0	0	0	0	0	0	0	0	0	0	0	0	0	0	0	0	0	0	0	0	0	0	0	0	0	0	0
Yersinia_intermedia	0	0	0	0	0	0	0	0	0	0	0	0	0	0	0	0	0	0	0	0	0	0	0	0	0	0	0	0	0	0	0	0	0	0	0	0	0	0	0	0	0
Yersinia_pestis	0	0	0	0	0	0	0	0	0	0	0	0	0	0	0	0	0	0	0	0	0	0	0	0	0	0	0	0	0	0	0	0	0	0	0	0	0	0	0	0	0
Yersinia_pestis_CO92	0	0	0	0	0	0	0	0	0	0	0	0	0	0	0	0	0	0	0	0	0	0	0	0	0	0	0	0	0	0	0	0	0	0	0	0	0	0	0	0	0
Yersinia_pseudotuberculosis	0	0	0	0	0	0	0	0	0	0	0	0	0	0	0	0	0	0	0	0	0	0	0	0	0	0	0	0	0	0	0	0	0	0	0	0	0	0	0	0	0
Yersinia_pseudotuberculosis_complex	0	0	0	0	0	0	0	0	0	0	0	0	0	0	0	0	0	0	0	0	0	0	0	0	0	0	0	0	0	0	0	0	0	0	0	0	0	0	0	0	0
Yersinia_rohdei	0	0	0	0	0	0	0	0	0	0	0	0	0	0	0	0	0	0	0	0	0	0	0	0	0	0	0	0	0	0	0	0	0	0	0	0	0	0	0	0	0
Yersinia_ruckeri	0	0	0	0	0	0	0	0	0	0	0	0	0	0	0	0	0	0	0	0	0.0	0.0	0.045454545454545456	0.0	0.0	0.045454545454545456	0.0	0.0	0.0	0.0	0.0	0.045454545454545456	0.0	0.0	0.0	0.045454545454545456	0.0	0.0	0.0	0.0	2
