Node	C>T_1	C>T_2	C>T_3	C>T_4	C>T_5	C>T_6	C>T_7	C>T_8	C>T_9	C>T_10	G>A_11	G>A_12	G>A_13	G>A_14	G>A_15	G>A_16	G>A_17	G>A_18	G>A_19	G>A_20	D>V(11Substitution)_1	D>V(11Substitution)_2	D>V(11Substitution)_3	D>V(11Substitution)_4	D>V(11Substitution)_5	D>V(11Substitution)_6	D>V(11Substitution)_7	D>V(11Substitution)_8	D>V(11Substitution)_9	D>V(11Substitution)_10	H>B(11Substitution)_11	H>B(11Substitution)_12	H>B(11Substitution)_13	H>B(11Substitution)_14	H>B(11Substitution)_15	H>B(11Substitution)_16	H>B(11Substitution)_17	H>B(11Substitution)_18	H>B(11Substitution)_19	H>B(11Substitution)_20	considered_Matches
Actinobacillus_equuli	0	0	0	0	0	0	0	0	0	0	0	0	0	0	0	0	0	0	0	0	0	0	0	0	0	0	0	0	0	0	0	0	0	0	0	0	0	0	0	0	0
Actinobacillus_pleuropneumoniae	0	0	0	0	0	0	0	0	0	0	0	0	0	0	0	0	0	0	0	0	0.0	0.0	0.0	0.0	0.09090909090909091	0.0	0.0	0.09090909090909091	0.0	0.0	0.09090909090909091	0.0	0.0	0.0	0.0	0.0	0.09090909090909091	0.0	0.09090909090909091	0.0	1
Actinobacillus_pleuropneumoniae_serovar_4_str._M62	0	0	0	0	0	0	0	0	0	0	0	0	0	0	0	0	0	0	0	0	0.0	0.0	0.0	0.0	0.0	0.03636363636363636	0.05454545454545454	0.0	0.0	0.0	0.0	0.0	0.0	0.02727272727272727	0.05454545454545454	0.0	0.0	0.0	0.0	0.0	10
African_swine_fever_virus	0	0	0	0	0	0	0	0	0	0	0	0	0	0	0	0	0	0	0	0	0	0	0	0	0	0	0	0	0	0	0	0	0	0	0	0	0	0	0	0	0
Aphthovirus	0	0	0	0	0	0	0	0	0	0	0	0	0	0	0	0	0	0	0	0	0	0	0	0	0	0	0	0	0	0	0	0	0	0	0	0	0	0	0	0	0
Arcanobacterium_haemolyticum	0	0	0	0	0	0	0	0	0	0	0.5	0	0	0	0	0	0	0	0	0	0.0	0.030303030303030304	0.0	0.0	0.030303030303030304	0.06060606060606061	0.0	0.0	0.0	0.015151515151515152	0.015151515151515152	0.030303030303030304	0.0	0.0	0.0	0.030303030303030304	0.0	0.0	0.0	0.0	6
Aspergillus_fumigatus	0	0	0	0	0	0	0	0	0	0	0	0	0	0	0	0	0	0	0	0	0	0	0	0	0	0	0	0	0	0	0	0	0	0	0	0	0	0	0	0	0
Bartonella_bacilliformis	0	0	0	0	0	0	0	0	0	0	0	0	0	0	0	0	0	0	0	0	0	0	0	0	0	0	0	0	0	0	0	0	0	0	0	0	0	0	0	0	0
Bartonella_henselae	0	0	0	0	0	0	0	0	0	0	0	0	0	0	0	0	0	0	0	0	0	0	0	0	0	0	0	0	0	0	0	0	0	0	0	0	0	0	0	0	0
Bartonella_quintana	0	0	0	0	0	0	0	0	0	0	0	0	0	0	0	0	0	0	0	0	0	0	0	0	0	0	0	0	0	0	0	0	0	0	0	0	0	0	0	0	0
Blastomyces_dermatitidis	0	0	0	0	0	0	0	0	0	0	0	0	0	0	0	0	0	0	0	0	0	0	0	0	0	0	0	0	0	0	0	0	0	0	0	0	0	0	0	0	0
Bordetella_bronchialis	0.1	0.11363636363636363	0.06818181818181818	0	0.03333333333333333	0.03225806451612903	0.04	0.025	0	0.08823529411764706	0.0625	0.058823529411764705	0.07142857142857142	0.03333333333333333	0	0	0.06382978723404255	0	0	0.03571428571428571	0.01099706744868035	0.011730205278592375	0.013929618768328446	0.00879765395894428	0.014662756598240468	0.01099706744868035	0.011730205278592375	0.01099706744868035	0.00439882697947214	0.01099706744868035	0.008064516129032258	0.01099706744868035	0.01099706744868035	0.005131964809384164	0.006598240469208211	0.00879765395894428	0.012463343108504398	0.009530791788856305	0.006598240469208211	0.016129032258064516	124
Bordetella_bronchiseptica	0.10344827586206896	0	0.0625	0	0	0	0	0	0	0.02631578947368421	0	0.18421052631578946	0.15384615384615385	0	0	0.05555555555555555	0	0.1111111111111111	0	0.03125	0.0176522506619594	0.00706090026478376	0.01676963812886143	0.010591350397175639	0.0088261253309797	0.010591350397175639	0.0088261253309797	0.013239187996469549	0.007943512797881731	0.00353045013239188	0.015887025595763462	0.01235657546337158	0.01235657546337158	0.01147396293027361	0.009708737864077669	0.007943512797881731	0.00706090026478376	0.01235657546337158	0.0052956751985878195	0.01235657546337158	103
Bordetella_genomosp._13	0.125	0.07547169811320754	0.020833333333333332	0.1276595744680851	0.044444444444444446	0.0625	0.0196078431372549	0.03333333333333333	0.021739130434782608	0.027777777777777776	0.02127659574468085	0.02702702702702703	0.02702702702702703	0.03125	0	0.044444444444444446	0.023255813953488372	0	0.02	0.05405405405405406	0.005594405594405594	0.011888111888111888	0.011888111888111888	0.013286713286713287	0.011188811188811189	0.006993006993006993	0.011188811188811189	0.009090909090909092	0.006993006993006993	0.005594405594405594	0.006993006993006993	0.007692307692307693	0.011188811188811189	0.009090909090909092	0.015384615384615385	0.009090909090909092	0.018181818181818184	0.014685314685314687	0.015384615384615385	0.008391608391608392	130
Bordetella_pertussis	0	0	0	0	0	0	0	0.030927835051546393	0.16981132075471697	0	0	0	0	0	0	0.8478260869565217	0	0.03225806451612903	0	0	0.00277888050813815	0.006351726875744343	0.0166732830488289	0.0011909487892020642	0.0	0.007145692735212386	0.018658197697499008	0.0059547439460103215	0.011512504962286622	0.0	0.02540690750297737	0.015482334259626836	0.0011909487892020642	0.034140531957125846	0.004763795156808257	0.02739182215164748	0.0059547439460103215	0.0023818975784041284	0.0	0.006351726875744343	229
Bordetella_pertussis_137	0	0.6666666666666666	0	0	0	0	0	0	0	0	0	0	0	0	0.2	0	0	0	0	0.6	0.0	0.011922503725782414	0.0	0.011922503725782414	0.0	0.011922503725782414	0.0	0.028315946348733235	0.0	0.0	0.011922503725782414	0.0	0.06557377049180328	0.0	0.005961251862891207	0.0	0.0	0.0	0.026825633383010434	0.028315946348733235	61
Bordetella_pertussis_18323	0	0	0	0	0	0	0	0	0.13333333333333333	0	0	0	0	0	0	0	0	0	0	0	0.027272727272727275	0.0	0.021212121212121213	0.0196969696969697	0.027272727272727275	0.027272727272727275	0.0	0.0030303030303030303	0.0030303030303030303	0.0	0.0	0.0	0.0196969696969697	0.0	0.0393939393939394	0.0	0.0	0.0	0.0	0.0	60
Bordetella_petrii	0.11538461538461539	0.12	0.09523809523809523	0.05263157894736842	0.023809523809523808	0.02040816326530612	0.05714285714285714	0.0625	0.02127659574468085	0.044444444444444446	0	0.022727272727272728	0.023255813953488372	0	0.04878048780487805	0	0.05128205128205128	0.05263157894736842	0.034482758620689655	0	0.015374331550802138	0.013368983957219251	0.014037433155080214	0.010026737967914437	0.009358288770053475	0.010026737967914437	0.00802139037433155	0.0066844919786096255	0.009358288770053475	0.009358288770053475	0.005347593582887701	0.005347593582887701	0.013368983957219251	0.004010695187165775	0.012032085561497327	0.011363636363636364	0.013368983957219251	0.010026737967914437	0.012032085561497327	0.008689839572192513	136
Bordetella_trematum	0.08888888888888889	0	0	0.07692307692307693	0	0	0	0.02631578947368421	0.025	0.025	0	0	0.08163265306122448	0	0.125	0	0.020833333333333332	0	0	0	0.016883116883116885	0.00974025974025974	0.011688311688311689	0.00909090909090909	0.01038961038961039	0.008441558441558443	0.007792207792207791	0.007792207792207791	0.00909090909090909	0.007792207792207791	0.01103896103896104	0.00909090909090909	0.005844155844155844	0.0038961038961038957	0.012987012987012986	0.00909090909090909	0.0038961038961038957	0.011688311688311689	0.01038961038961039	0.005194805194805195	140
Borrelia_crocidurae	0	0	0	0	0	0	0	0	0	0	0	0	0	0	0	0	0	0	0	0	0	0	0	0	0	0	0	0	0	0	0	0	0	0	0	0	0	0	0	0	0
Borrelia_recurrentis	0	0	0	0	0	0	0	0	0	0	0	0	0	0	0	0	0	0	0	0	0	0	0	0	0	0	0	0	0	0	0	0	0	0	0	0	0	0	0	0	0
Borreliella_afzelii	0	0	0	0	0	0	0	0	0	0	0	0	0	0	0	0	0	0	0	0	0	0	0	0	0	0	0	0	0	0	0	0	0	0	0	0	0	0	0	0	0
Borreliella_afzelii_PKo	0	0	0	0	0	0	0	0	0	0	0	0	0	0	0	0	0	0	0	0	0.06060606060606061	0.0	0.06060606060606061	0.0	0.0	0.06060606060606061	0.0	0.0	0.0	0.030303030303030304	0.0	0.0	0.0	0.0	0.0	0.0	0.0	0.030303030303030304	0.0	0.0	3
Borreliella_burgdorferi	0	0	0	0	0	0	0	0	0	0	0	0	0	0	0	0	0	0	0	0	0	0	0	0	0	0	0	0	0	0	0	0	0	0	0	0	0	0	0	0	0
Borreliella_garinii	0	0	0	0	0	0	0	0	0	0	0	0	0	0	0	0	0	0	0	0	0	0	0	0	0	0	0	0	0	0	0	0	0	0	0	0	0	0	0	0	0
Bovine_rhinitis_A_virus	0	0	0	0	0	0	0	0	0	0	0	0	0	0	0	0	0	0	0	0	0	0	0	0	0	0	0	0	0	0	0	0	0	0	0	0	0	0	0	0	0
Brucella_abortus	0	0	0	0	0	0	0	0	0	0	0	0	0	0	0	0	0	0	0	0	0	0	0	0	0	0	0	0	0	0	0	0	0	0	0	0	0	0	0	0	0
Brucella_canis	0	0	0	0	0	0	0	0	0	0	0	0	0	0	0	0	0	0	0	0	0	0	0	0	0	0	0	0	0	0	0	0	0	0	0	0	0	0	0	0	0
Brucella_melitensis	0	0	0	0	0	0	0	0	0	0	0	0	0	0	0	0	0	0	0	0	0	0	0	0	0	0	0	0	0	0	0	0	0	0	0	0	0	0	0	0	0
Brucella_melitensis_bv._2_str._63/9	0	0	0	0	0	0	0	0	0	0	0	0	0	0	0	0	0	0	0	0	0.0	0.0	0.09090909090909091	0.0	0.0	0.0	0.0	0.0	0.0	0.0	0.0	0.0	0.0	0.0	0.045454545454545456	0.0	0.0	0.0	0.045454545454545456	0.0	2
Brucella_microti	0	0	0	0	0	0	0	0	0	0	0	0	0	0	0	0	0	0	0	0	0	0	0	0	0	0	0	0	0	0	0	0	0	0	0	0	0	0	0	0	0
Brucella_ovis	0	0	0	0	0	0	0	0	0	0	0	0	0	0	0	0	0	0	0	0	0	0	0	0	0	0	0	0	0	0	0	0	0	0	0	0	0	0	0	0	0
Brucella_suis	0	0	0	0	0	0	0	0	0	0	0	0	0	0	0	0	0	0	0	0	0	0	0	0	0	0	0	0	0	0	0	0	0	0	0	0	0	0	0	0	0
Burkholderia_cepacia	0.046875	0.030303030303030304	0.11363636363636363	0.037037037037037035	0.05555555555555555	0.02	0	0.019230769230769232	0.06976744186046512	0.05084745762711865	0.0625	0	0	0	0.022222222222222223	0.022222222222222223	0.02631578947368421	0.023809523809523808	0.03333333333333333	0.021739130434782608	0.010532150776053215	0.011086474501108647	0.013303769401330375	0.010532150776053215	0.009977827050997784	0.00942350332594235	0.008314855875831485	0.01164079822616408	0.014412416851441243	0.008869179600886918	0.012195121951219513	0.0072062084257206215	0.011086474501108647	0.007760532150776053	0.009977827050997784	0.011086474501108647	0.011086474501108647	0.019955654101995568	0.005543237250554323	0.00942350332594235	164
Burkholderia_cepacia_ATCC_25416	0.21052631578947367	0	0	0.03278688524590164	0	0	0.19444444444444445	0	0	0	0.016666666666666666	0	0	0.13157894736842105	0.0967741935483871	0.14285714285714285	0	0	0.13846153846153847	0	0.02374059061957151	0.013317892298784018	0.0011580775911986104	0.006948465547191661	0.006948465547191661	0.008685581933989576	0.0052113491603937466	0.0	0.0	0.005790387955993051	0.005790387955993051	0.005790387955993051	0.008685581933989576	0.008685581933989576	0.006948465547191661	0.006948465547191661	0.010422698320787493	0.009843659525188187	0.008685581933989576	0.008685581933989576	157
Burkholderia_cepacia_JBK9	0	0	0.07142857142857142	0	0	0.05263157894736842	0.09090909090909091	0	0	0	0	0.13793103448275862	0	0	0.05555555555555555	0.125	0.05	0	0.06666666666666667	0.04	0.004195804195804196	0.008391608391608392	0.025174825174825177	0.03076923076923077	0.005594405594405594	0.012587412587412588	0.005594405594405594	0.022377622377622378	0.011188811188811189	0.012587412587412588	0.002797202797202797	0.011188811188811189	0.004195804195804196	0.020979020979020976	0.0013986013986013986	0.005594405594405594	0.005594405594405594	0.012587412587412588	0.011188811188811189	0.008391608391608392	65
Burkholderia_gladioli	0.10580204778156997	0.021834061135371178	0.02564102564102564	0.05818181818181818	0.03383458646616541	0.026923076923076925	0.02768166089965398	0.05116279069767442	0.05755395683453238	0.019417475728155338	0.058394160583941604	0	0.06177606177606178	0.09349593495934959	0.003745318352059925	0.07142857142857142	0	0.003703703703703704	0.036036036036036036	0.016129032258064516	0.011036522926385255	0.011264080100125156	0.013994766185003981	0.008647172602116282	0.007168050972806918	0.01262942314256457	0.0106951871657754	0.008760951188986232	0.009671179883945842	0.006826715212197064	0.011150301513255204	0.00944362271020594	0.00944362271020594	0.01274320172943452	0.00739560814654682	0.009329844123335988	0.005916486517237456	0.009671179883945842	0.013084537490044375	0.00841961542837638	799
Burkholderia_gladioli_BSR3	0.09523809523809523	0	0	0	0	0.05263157894736842	0	0	0	0	0	0	0	0.2962962962962963	0	0	0	0.02857142857142857	0	0	0.01575757575757576	0.01090909090909091	0.009696969696969697	0.003636363636363636	0.003636363636363636	0.01090909090909091	0.01090909090909091	0.0048484848484848485	0.02181818181818182	0.012121212121212121	0.01575757575757576	0.01575757575757576	0.013333333333333334	0.014545454545454544	0.006060606060606061	0.01090909090909091	0.0024242424242424242	0.008484848484848484	0.020606060606060607	0.008484848484848484	75
Burkholderia_gladioli_pv._gladioli	0.1595744680851064	0.0423728813559322	0.0078125	0.088	0.04225352112676056	0.030303030303030304	0.0440251572327044	0.023121387283236993	0.04697986577181208	0.05	0.006329113924050633	0.008	0	0.013513513513513514	0.08849557522123894	0.0189873417721519	0.0990990990990991	0.04	0.042682926829268296	0.043478260869565216	0.017119244391971666	0.014364423455332547	0.011412829594647777	0.013183785911058638	0.01023219205037387	0.006296733569460843	0.012987012987012988	0.012987012987012988	0.008067689885871704	0.01475796930342385	0.008461235733963008	0.009641873278236913	0.00747737111373475	0.01042896497441952	0.014561196379378197	0.014167650531286895	0.012987012987012988	0.012199921290830383	0.012987012987012988	0.012790240062967336	462
Burkholderia_mallei	0	0	0	0	0	0	0	0	0	0	0	0	0	0	0	0	0	0	0	0	0.0	0.0	0.0	0.01346801346801347	0.04377104377104377	0.0202020202020202	0.0	0.0	0.0033670033670033673	0.0	0.0	0.0033670033670033673	0.0	0.006734006734006735	0.006734006734006735	0.0101010101010101	0.0	0.006734006734006735	0.0	0.0	27
Burkholderia_mallei_NCTC_10229	0	0	0	0	0	0	0	0	0.8	0	0	0	0	0	0	0	0	0	0	0	0.0	0.0	0.01818181818181818	0.0	0.0	0.0	0.0	0.01818181818181818	0.07272727272727272	0.0	0.0	0.0	0.01818181818181818	0.01818181818181818	0.01818181818181818	0.0	0.0	0.01818181818181818	0.0	0.0	5
Burkholderia_mallei_NCTC_10247	0	0	0	0	0	0	0	0	0	0	0	0	0	0	0	0	0	0	0	0	0.0	0.0	0.0909090909090909	0.0	0.0	0.0	0.0	0.0	0.0	0.0	0.0	0.0	0.0909090909090909	0.0	0.06060606060606061	0.0	0.0	0.0	0.0	0.0	3
Burkholderia_multivorans	0.14	0.016	0.01990049751243781	0.0053475935828877	0.06285714285714286	0.019138755980861243	0.024096385542168676	0.009216589861751152	0.02912621359223301	0.005847953216374269	0.042328042328042326	0	0	0.08670520231213873	0.024691358024691357	0.004739336492890996	0.03954802259887006	0	0.04132231404958678	0.02040816326530612	0.010323574730354392	0.01386748844375963	0.00724191063174114	0.008166409861325117	0.010939907550077042	0.010785824345146378	0.00724191063174114	0.00785824345146379	0.005392912172573189	0.004622496147919876	0.008012326656394453	0.0061633281972265025	0.008782742681047765	0.014021571648690294	0.011556240369799691	0.005855161787365178	0.011864406779661017	0.008320493066255779	0.010015408320493066	0.01325115562403698	590
Burkholderia_multivorans_ATCC_17616	0.10679611650485436	0.04597701149425287	0.03225806451612903	0.1125	0.02040816326530612	0.08974358974358974	0.14666666666666667	0.08450704225352113	0.1951219512195122	0	0	0	0.09302325581395349	0.01818181818181818	0.16666666666666666	0	0	0	0	0.09375	0.008153281695882593	0.008560945780676723	0.014675907052588668	0.01263758662861802	0.017529555646147575	0.016306563391765186	0.007337953526294334	0.00978393803505911	0.008968609865470852	8.153281695882593E-4	0.003261312678353037	0.003261312678353037	0.004891969017529555	0.00978393803505911	0.013452914798206279	0.011822258459029759	0.006930289441500204	0.007337953526294334	0.015083571137382797	0.016306563391765186	223
Burkholderia_multivorans_ATCC_BAA-247	0.4090909090909091	0.32	0.0967741935483871	0	0.05405405405405406	0	0	0	0	0.023255813953488372	0	0.04081632653061224	0.03571428571428571	0.11764705882352941	0	0	0.18181818181818182	0	0	0	0.018299881936245575	0.023612750885478158	0.007674144037780402	0.0059031877213695395	0.009445100354191263	5.903187721369539E-4	0.006493506493506494	0.01475796930342385	0.005312868949232586	0.0035419126328217233	0.012396694214876033	0.008854781582054308	0.006493506493506494	0.010035419126328217	0.009445100354191263	0.008264462809917356	0.01652892561983471	0.0035419126328217233	0.01948051948051948	0.009445100354191263	154
Burkholderia_pseudomallei	0.12716763005780346	0.019138755980861243	0.005319148936170213	0.18181818181818182	0.0044444444444444444	0.031446540880503145	0.0035714285714285713	0.019672131147540985	0	0	0.014134275618374558	0	0.036036036036036036	0	0	0	0.09649122807017543	0.006369426751592357	0.016666666666666666	0.04932735426008968	0.012198663955852455	0.008277664827185593	0.007261109497531224	0.005808887598024978	0.003194888178913738	0.00551844321812373	0.002759221609061865	0.003630554748765612	0.012779552715654952	0.008422887017136218	0.005373221028173105	0.007261109497531224	0.013505663665408075	0.015538774324716816	0.009729886726691839	0.015829218704618064	0.017717107173976183	0.0261399941911124	0.0201858844031368	0.014086552425210572	626
Burkholderia_pseudomallei_1106b	0	0	0	0	0	0	0	0	0	0	0	0	0	0	0	0	0	0	0	0	0.0	0.0	0.0	0.0	0.0	0.0	0.0	0.0	0.0	0.0	0.0	0.0	0.0	0.0	0.0	0.0	0.045454545454545456	0.0	0.045454545454545456	0.0	2
Burkholderia_pseudomallei_7894	0	0	0	0	0	0	0	0	0	0	0.16666666666666666	0	0	0	0.4	0	0	0	0.15789473684210525	0	0.005928853754940711	0.011857707509881422	0.019762845849802372	0.0	0.02766798418972332	0.03162055335968379	0.0	0.0	0.041501976284584984	0.003952569169960474	0.007905138339920948	0.03557312252964427	0.011857707509881422	0.01383399209486166	0.011857707509881422	0.007905138339920948	0.03359683794466403	0.011857707509881422	0.01383399209486166	0.05928853754940711	46
Burkholderia_pseudomallei_B03	0.1	0	0	0	0	0	0	0	0	0	0	0	0	0	0	0	0	0.14285714285714285	0	0	0.005681818181818182	0.0	0.005681818181818182	0.011363636363636364	0.005681818181818182	0.0	0.011363636363636364	0.0	0.022727272727272728	0.011363636363636364	0.005681818181818182	0.022727272727272728	0.028409090909090908	0.0	0.03409090909090909	0.0	0.0	0.028409090909090908	0.0	0.03409090909090909	16
Burkholderia_pseudomallei_MSHR1153	0	0	0	0	0	0	0	0	0	0	0	0	0	0	0	0	0	0	0	0	0.0	0.0	0.0	0.0	0.0	0.0	0.0	0.045454545454545456	0.045454545454545456	0.0	0.0	0.0	0.045454545454545456	0.0	0.0	0.0	0.0	0.0	0.09090909090909091	0.0	2
Burkholderia_pseudomallei_MSHR2543	0	0	0	0	0	0	0	0	0	0	0	0	0	0	0	0	0	0	0	0	0.0	0.0	0.0	0.0	0.0	0.0	0.0	0.0	0.0	0.0	0.0	0.0	0.0	0.0	0.0	0.0	0.0	0.0	0.0	0.0	13
Burkholderia_pseudomallei_MSHR346	0	0	0	0	0	0	0	0	0	0	0	0	0	0	0	0.8	0	0	0	0	0.0	0.0	0.0	0.0	0.0	0.0	0.0	0.0	0.0	0.0	0.004784688995215311	0.014354066985645932	0.004784688995215311	0.023923444976076555	0.0	0.023923444976076555	0.0	0.04784688995215311	0.0	0.0	19
Burkholderia_pseudomallei_MSHR435	0	0	0	0	0	0.2727272727272727	0	0	0	0	0	0	0	0	0	0	0.25	0	0	0	0.004545454545454545	0.02727272727272727	0.01818181818181818	0.00909090909090909	0.0	0.013636363636363636	0.004545454545454545	0.0	0.0	0.004545454545454545	0.00909090909090909	0.004545454545454545	0.022727272727272728	0.004545454545454545	0.013636363636363636	0.013636363636363636	0.01818181818181818	0.004545454545454545	0.01818181818181818	0.00909090909090909	20
Burkholderia_pseudomallei_NCTC_13179	0.5	0	0	0	0	0	0	0	0	0	0.3333333333333333	0	0	0	0	0	0	0	0	0	0.03896103896103896	0.0	0.0	0.012987012987012988	0.0	0.0	0.0	0.0	0.012987012987012988	0.012987012987012988	0.012987012987012988	0.012987012987012988	0.012987012987012988	0.012987012987012988	0.0	0.012987012987012988	0.0	0.012987012987012988	0.012987012987012988	0.012987012987012988	7
Campylobacter_coli	0	0	0	0	0	0	0	0	0	0	0	0	0	0	0	0	0	0	0	0	0	0	0	0	0	0	0	0	0	0	0	0	0	0	0	0	0	0	0	0	0
Campylobacter_fetus	0	0	0	0	0	0	0	0	0	0	0	0	0	0	0	0	0	0	0	0	0	0	0	0	0	0	0	0	0	0	0	0	0	0	0	0	0	0	0	0	0
Campylobacter_fetus_subsp._testudinum	0	0	0	0	0	0	0	0	0	0	0	0	0	0	0	0	0	0	0	0	0.0	0.0	0.0	0.0	0.0	0.0	0.0	0.0	0.09090909090909091	0.0	0.0	0.0	0.0	0.0	0.0	0.0	0.0	0.0	0.09090909090909091	0.0	1
Campylobacter_gracilis	0	0	0	0	0	0	0	0	0	0	0	0	0	0	0	0	0	0	0	0	0.0	0.0	0.0	0.0	0.0	0.0	0.0	0.0	0.0	0.0	0.0	0.0	0.0	0.0	0.0	0.0	0.0	0.0	0.01652892561983471	0.0	11
Campylobacter_showae	0	0	0	0	0	0	0	0	0	0	0	0	0	0	0	0	0	0	0	1.0	0.0	0.03636363636363636	0.03636363636363636	0.0	0.0	0.0	0.01818181818181818	0.0	0.0	0.03636363636363636	0.0	0.0	0.0	0.0	0.0	0.0	0.0	0.0	0.0	0.03636363636363636	5
Canine_morbillivirus	0	0	0	0	0	0	0	0	0	0	0	0	0	0	0	0	0	0	0	0	0	0	0	0	0	0	0	0	0	0	0	0	0	0	0	0	0	0	0	0	0
Chlamydia_abortus	0	0	0	0	0	0	0	0	0	0	0	0	0	0	0	0	0	0	0	0	0	0	0	0	0	0	0	0	0	0	0	0	0	0	0	0	0	0	0	0	0
Chlamydia_caviae	0	0	0	0	0	0	0	0	0	0	0	0	0	0	0	0	0	0	0	0	0	0	0	0	0	0	0	0	0	0	0	0	0	0	0	0	0	0	0	0	0
Chlamydia_felis	0	0	0	0	0	0	0	0	0	0	0	0	0	0	0	0	0	0	0	0	0	0	0	0	0	0	0	0	0	0	0	0	0	0	0	0	0	0	0	0	0
Chlamydia_muridarum	0	0	0	0	0	0	0	0	0	0	0	0	0	0	0	0	0	0	0	0	0.0	0.0	0.09090909090909091	0.0	0.0	0.0	0.0	0.0	0.0	0.0	0.0	0.0	0.0	0.0	0.0	0.0	0.0	0.09090909090909091	0.0	0.0	1
Chlamydia_pecorum	0	0	0	0	0	0	0	0	0	0	0	0	0	0	0	0	0	0	0	0	0	0	0	0	0	0	0	0	0	0	0	0	0	0	0	0	0	0	0	0	0
Chlamydia_pecorum_P787	0	0	0	0	0	0	0.6666666666666666	0	0	0	0	0.5	0	0	0	0	0	0	0.2	0	0.0	0.01818181818181818	0.02727272727272727	0.00909090909090909	0.045454545454545456	0.00909090909090909	0.02727272727272727	0.03636363636363636	0.0	0.0	0.0	0.01818181818181818	0.00909090909090909	0.0	0.00909090909090909	0.00909090909090909	0.0	0.01818181818181818	0.00909090909090909	0.00909090909090909	10
Chlamydia_pneumoniae	0	0	0	0	0	0	0	0	0	0	0	0	0	0	0	0	0	0	0	0	0	0	0	0	0	0	0	0	0	0	0	0	0	0	0	0	0	0	0	0	0
Chlamydia_psittaci	0	0	0	0	0	0	0	0	0	0	0	0	0	0	0	0	0	0	0	0	0	0	0	0	0	0	0	0	0	0	0	0	0	0	0	0	0	0	0	0	0
Chlamydia_suis	0	0	0	0	0	0	0	0	0	0	0	0	0	0	0	0	0	0	0	0.5	0.015151515151515152	0.007575757575757576	0.0	0.015151515151515152	0.022727272727272724	0.007575757575757576	0.0	0.0	0.007575757575757576	0.0	0.007575757575757576	0.0	0.007575757575757576	0.030303030303030304	0.015151515151515152	0.015151515151515152	0.007575757575757576	0.0	0.03787878787878788	0.007575757575757576	12
Chlamydia_trachomatis	0	0	0	0	0	0	0	0	0	0	0	0	0	0	0	0	0	0	0	0	0	0	0	0	0	0	0	0	0	0	0	0	0	0	0	0	0	0	0	0	0
Chlamydia_trachomatis_6276	1.0	0	0	0	0	0	1.0	0	0.6666666666666666	0	0	0	0	0	0	0	0	0	0	0	0.030303030303030304	0.0	0.0	0.0	0.0	0.0	0.06060606060606061	0.0	0.06060606060606061	0.0	0.0	0.0	0.0	0.0	0.0	0.0	0.0	0.0909090909090909	0.0	0.0	3
Corynebacterium_ammoniagenes	0	0	0	0	0	0	0	0	0	0	0	0	0	0	0	0	0	0	0	0	0	0	0	0	0	0	0	0	0	0	0	0	0	0	0	0	0	0	0	0	0
Corynebacterium_amycolatum	0	0	0	0	0	0	0	0	0	0	0	0	0	0	0	0	0	0	0	0	0.022727272727272728	0.0	0.0	0.0	0.0	0.0	0.0	0.0	0.0	0.022727272727272728	0.0	0.0	0.0	0.0	0.0	0.0	0.0	0.0	0.0	0.0	4
Corynebacterium_bovis	0	0	0	0.18181818181818182	0	0	0	0	0	0	0	0	0	0	0	0.125	0.16666666666666666	0	0	0	0.005865102639296188	0.02346041055718475	0.005865102639296188	0.00879765395894428	0.00879765395894428	0.00879765395894428	0.0	0.014662756598240468	0.014662756598240468	0.0	0.005865102639296188	0.00879765395894428	0.00879765395894428	0.00879765395894428	0.005865102639296188	0.00879765395894428	0.00879765395894428	0.00879765395894428	0.005865102639296188	0.00879765395894428	31
Corynebacterium_crudilactis	0	0	0	0	0	0	0	0	0	0	0	0	0	0	0	0	0	0	0	0	0.0	0.0	0.0	0.0	0.09090909090909091	0.0	0.0	0.0	0.0	0.0	0.0	0.0	0.0	0.0	0.0	0.0	0.09090909090909091	0.0	0.0	0.0	1
Corynebacterium_diphtheriae	0	0	0	0	0	0	0	0	0	0	0	0	0	0	0.25	0	0	0	1.0	0	0.0	0.0	0.0	0.0	0.0	0.0	0.0	0.05194805194805195	0.0	0.0	0.0	0.0	0.0	0.0	0.012987012987012988	0.0	0.0	0.0	0.05194805194805195	0.03896103896103896	7
Corynebacterium_jeikeium	0	0	0	0	0	0	0	0	0	0	0	0	0	0	1.0	0	0	0	0	0	0.0	0.0	0.012987012987012988	0.0	0.025974025974025976	0.012987012987012988	0.0	0.0	0.012987012987012988	0.0	0.0	0.012987012987012988	0.0	0.03896103896103896	0.012987012987012988	0.0	0.0	0.0	0.0	0.0	7
Corynebacterium_jeikeium_K411	0	0	0	0	0	0	0	0	0	0	0	0	0	0	0	0	0	0	0	0	0.030303030303030304	0.0	0.030303030303030304	0.030303030303030304	0.030303030303030304	0.030303030303030304	0.0	0.0	0.0	0.0	0.030303030303030304	0.0	0.0	0.0	0.030303030303030304	0.0	0.030303030303030304	0.0	0.0	0.030303030303030304	3
Corynebacterium_kroppenstedtii	0	0	0	0	0	0	0	0	0	0	0	0	0	0	0	0	0	0	0	0	0.01818181818181818	0.0	0.0	0.0	0.03636363636363636	0.0	0.05454545454545454	0.0	0.0	0.01818181818181818	0.01818181818181818	0.01818181818181818	0.0	0.03636363636363636	0.0	0.01818181818181818	0.03636363636363636	0.01818181818181818	0.0	0.0	5
Corynebacterium_kroppenstedtii_DSM_44385	0.8	0	0	0	0	0	0	0	0	0	0	0	0	0	0	0	0	0	0	0	0.032467532467532464	0.0	0.0	0.0	0.006493506493506494	0.012987012987012988	0.0	0.0	0.0	0.0	0.032467532467532464	0.0	0.0	0.0	0.0	0.0	0.032467532467532464	0.0	0.0	0.032467532467532464	14
Corynebacterium_maris	0	0	0	0	0	0	0	0	0	0	0	0	0	0	0	0	0	0	0	0	0	0	0	0	0	0	0	0	0	0	0	0	0	0	0	0	0	0	0	0	0
Corynebacterium_maris_DSM_45190	0	0	0	0	0	0	0	0	0	0	0	0	0	0	0	0	0	0	0	0.5	0.0	0.008264462809917356	0.008264462809917356	0.008264462809917356	0.0	0.008264462809917356	0.008264462809917356	0.0	0.0	0.008264462809917356	0.0	0.0	0.024793388429752063	0.0	0.008264462809917356	0.024793388429752063	0.01652892561983471	0.01652892561983471	0.0	0.04132231404958678	11
Corynebacterium_matruchotii	0	0	0	0	0	0	0	0	0	0	0	0	0	0	0	0	0	0	0	0	0.0	0.04040404040404041	0.0	0.0	0.020202020202020204	0.0	0.0	0.020202020202020204	0.0	0.020202020202020204	0.0303030303030303	0.020202020202020204	0.0303030303030303	0.020202020202020204	0.0	0.0	0.0	0.04040404040404041	0.0	0.020202020202020204	9
Corynebacterium_minutissimum	1.0	0	0	0	0	0	0	0	0	0	0	0	0	0	0	0	0	0	0	0	0.012987012987012988	0.006493506493506494	0.01948051948051948	0.0	0.0	0.0	0.0	0.01948051948051948	0.0	0.0	0.0	0.012987012987012988	0.0	0.0	0.012987012987012988	0.006493506493506494	0.01948051948051948	0.01948051948051948	0.0	0.006493506493506494	14
Corynebacterium_pseudotuberculosis	0	0	0	0	0	0	0	0	0	0	0	0	0	0	0	0	0	0	0	0	0	0	0	0	0	0	0	0	0	0	0	0	0	0	0	0	0	0	0	0	0
Corynebacterium_pseudotuberculosis_Cp162	0	0	0	0	0	0	0	0	0	0	0	0	0	0	0	0	0	0	0	0	0.0	0.0	0.0	0.0	0.0909090909090909	0.0	0.0	0.0	0.0	0.0	0.07575757575757576	0.0	0.0	0.07575757575757576	0.0	0.0	0.015151515151515152	0.0	0.0	0.0	6
Corynebacterium_renale	0	0	0	0.5	0	0	0	0	0	0.3333333333333333	0	0	0	0	0	0	0	0	0	0	0.0	0.0	0.022727272727272728	0.022727272727272728	0.0	0.045454545454545456	0.0	0.0	0.0	0.022727272727272728	0.0	0.0	0.0	0.0	0.0	0.0	0.0	0.022727272727272728	0.045454545454545456	0.0	4
Corynebacterium_segmentosum	0	0	0	0	0	0	0	0	0	0	0	0	0	0	0	0	0	0	0	0	0.0	0.0	0.0909090909090909	0.0	0.0	0.0	0.0	0.0	0.0	0.0	0.0	0.0	0.0	0.030303030303030304	0.0	0.0	0.0	0.0	0.030303030303030304	0.0	3
Corynebacterium_sphenisci	0	0	0	0	0	0	0	0	0	0	0	0	0	0	0	0	0	0	0	0	0	0	0	0	0	0	0	0	0	0	0	0	0	0	0	0	0	0	0	0	0
Corynebacterium_sphenisci_DSM_44792	0.2222222222222222	0	0.2	0	0	0	0	0	0	0	0	0	0	0	0.13333333333333333	0	0.0625	0	0	0.05555555555555555	0.025252525252525252	0.0101010101010101	0.008417508417508417	0.0033670033670033673	0.0101010101010101	0.00505050505050505	0.0033670033670033673	0.00505050505050505	0.00505050505050505	0.00505050505050505	0.00505050505050505	0.0016835016835016836	0.0033670033670033673	0.006734006734006735	0.011784511784511785	0.0	0.008417508417508417	0.008417508417508417	0.00505050505050505	0.018518518518518517	54
Corynebacterium_stationis	0	0	0	0	0	0	0	0	0	0	0	0	0	0	0	0	0	0	0	0	0.0	0.0	0.0	0.0	0.0	0.0	0.0	0.0	0.0	0.0	0.0	0.0	0.0	0.0	0.0	0.0	0.0	0.0	0.0	0.0	1
Corynebacterium_striatum	0.5	0	0	0.1111111111111111	0	0	0	0	0.5	0	0	0	0	0	0	0	0	0.3333333333333333	0	0	0.01652892561983471	0.012396694214876032	0.0	0.004132231404958678	0.01652892561983471	0.0	0.01652892561983471	0.004132231404958678	0.008264462809917356	0.0	0.01652892561983471	0.004132231404958678	0.01652892561983471	0.0	0.012396694214876032	0.004132231404958678	0.012396694214876032	0.028925619834710745	0.01652892561983471	0.02066115702479339	22
Corynebacterium_urealyticum	0	0	0	0	0	0	0	0	0	0.2	0	0	0	0	0	0	0	0	0	0	0.008264462809917356	0.024793388429752063	0.01652892561983471	0.008264462809917356	0.03305785123966942	0.0	0.01652892561983471	0.008264462809917356	0.008264462809917356	0.01652892561983471	0.0	0.008264462809917356	0.008264462809917356	0.01652892561983471	0.01652892561983471	0.01652892561983471	0.0	0.008264462809917356	0.008264462809917356	0.0	11
Corynebacterium_ureicelerivorans	0.4	0	0	0	0.5	0	0	0	0	0	0.3333333333333333	0.2	0	0	0.25	0	0	0	0	0	0.024242424242424242	0.024242424242424242	0.012121212121212121	0.006060606060606061	0.01818181818181818	0.006060606060606061	0.006060606060606061	0.006060606060606061	0.006060606060606061	0.012121212121212121	0.024242424242424242	0.006060606060606061	0.006060606060606061	0.0303030303030303	0.01818181818181818	0.0	0.006060606060606061	0.006060606060606061	0.012121212121212121	0.0	15
Corynebacterium_xerosis	0.07142857142857142	0.0625	0.2	0	0.14285714285714285	0.16666666666666666	0	0	0	0.125	0	0.2857142857142857	0	0	0	0	0	0	0.09090909090909091	0.16666666666666666	0.012626262626262626	0.012626262626262626	0.020202020202020204	0.0025252525252525255	0.010101010101010102	0.017676767676767676	0.005050505050505051	0.005050505050505051	0.0025252525252525255	0.022727272727272728	0.017676767676767676	0.025252525252525252	0.010101010101010102	0.007575757575757575	0.010101010101010102	0.0025252525252525255	0.010101010101010102	0.010101010101010102	0.01515151515151515	0.010101010101010102	36
Cowpox_virus	0	0	0	0	0	0	0	0	0	0	0	0	0	0	0	0	0	0	0	0	0	0	0	0	0	0	0	0	0	0	0	0	0	0	0	0	0	0	0	0	0
Coxiella_burnetii	0.5714285714285714	0	0	0	0.043478260869565216	0	0	0	0	0.2222222222222222	0	0	0	0	0.07692307692307693	0	0	0	0	0	0.013584117032392895	0.008359456635318705	0.009404388714733543	0.003134796238244514	0.009404388714733543	0.006269592476489028	0.013584117032392895	0.012539184952978056	0.006269592476489028	0.008359456635318705	0.024033437826541274	0.024033437826541274	0.012539184952978056	0.006269592476489028	0.01567398119122257	0.02089864158829676	0.0	0.0010449320794148381	0.0073145245559038665	0.003134796238244514	87
Coxiella_burnetii_Dugway_5J108-111	0	0	0	0	0	0	0	0	0	0	0	0	0	0	0	0	0	0	0	0	0.0	0.0	0.0	0.0	0.0	0.0	0.0	0.0	0.0	0.01818181818181818	0.02727272727272727	0.0	0.02727272727272727	0.02727272727272727	0.0	0.0	0.0	0.02727272727272727	0.0	0.0	10
Coxiella_burnetii_str._Schperling	0	1.0	0	0	0	0	0	0	0	0	0	0	0	0	0	0	0	0	0	0.6666666666666666	0.0	0.06818181818181818	0.0	0.022727272727272728	0.0	0.022727272727272728	0.0	0.0	0.0	0.0	0.0	0.0	0.0	0.022727272727272728	0.0	0.022727272727272728	0.0	0.0	0.022727272727272728	0.045454545454545456	4
Cryptosporidium	0	0	0	0	0	0	0	0	0	0	0	0	0	0	0	0	0	0	0	0	0	0	0	0	0	0	0	0	0	0	0	0	0	0	0	0	0	0	0	0	0
Cryptosporidium_parvum	0	0	0	0	0	0	0	0	0	0	0	0	0	0	0	0	0	0	0	0	0	0	0	0	0	0	0	0	0	0	0	0	0	0	0	0	0	0	0	0	0
Deltaretrovirus	0	0	0	0	0	0	0	0	0	0	0	0	0	0	0	0	0	0	0	0	0	0	0	0	0	0	0	0	0	0	0	0	0	0	0	0	0	0	0	0	0
Ehrlichia_canis	0	0	0	0	0	0	0	0	0	0	0	0	0	0	0	0	0	0	0	0	0	0	0	0	0	0	0	0	0	0	0	0	0	0	0	0	0	0	0	0	0
Ehrlichia_canis_str._Jake	0	0	0	0	0	0	0	0	0	0	0	0	0	0	0	0	0	0	0	0	0.0	0.0	0.0	0.0	0.0	0.0	0.0	0.0	0.0	0.0	0.09090909090909091	0.0	0.0	0.0	0.0	0.0	0.0	0.0	0.0	0.0	1
Enterococcus_avium	0	0	0	0	0	0	0	0	0	0	0	0	0	0	0	0	0	0	0	0	0	0	0	0	0	0	0	0	0	0	0	0	0	0	0	0	0	0	0	0	0
Enterococcus_casseliflavus	0	0	0	0	0	0	0	0	0	0	0	0	0	0	0	0	0	0	0	0	0.0	0.0	0.0	0.0	0.045454545454545456	0.0	0.0	0.0	0.0	0.0	0.045454545454545456	0.045454545454545456	0.0	0.0	0.045454545454545456	0.0	0.0	0.0	0.0	0.0	2
Enterococcus_cecorum	0	0	0	0	0	0	0	0	0	0	0	0	0	0	0	0	0	0	0	0	0	0	0	0	0	0	0	0	0	0	0	0	0	0	0	0	0	0	0	0	0
Enterococcus_durans	0	0	0	0	0	0	0	0	0	0	0	0	0	0	0	0	0	0	0	0	0	0	0	0	0	0	0	0	0	0	0	0	0	0	0	0	0	0	0	0	0
Enterococcus_faecalis	0	1.0	0	0	0	0	1.0	0	1.0	0	0	0	0	0	0	0	0	0	0	0	0.08845208845208846	0.002457002457002457	0.0	0.0	0.08845208845208846	0.08845208845208846	0.002457002457002457	0.0	0.08845208845208846	0.0	0.0	0.0	0.0	0.0	0.0	0.0	0.0	0.0	0.0	0.0	37
Enterococcus_faecium	0	0	0	0	0	0	0	0	0	0	0	0	0	0	0	0	0	0	0	0	0.0	0.0	0.0	0.0	0.0	0.0	0.0	0.0	0.0	0.0	0.0	0.0	0.045454545454545456	0.0	0.045454545454545456	0.045454545454545456	0.0	0.0	0.0	0.0	2
Enterococcus_faecium_ATCC_8459_=_NRRL_B-2354	0	0	0	0	0	0	0	0	0	0	0	0	0	0	0	0	0	0	0	0	0.0	0.0	0.0	0.0	0.0	0.0	0.0	0.0	0.0	0.0	0.0	0.0	0.0	0.0	0.0	0.0	0.0	0.0	0.0	0.0	21
Enterococcus_hirae	0	0	0	0	0	0	0	0	0	0	0	0	0	0	0	0	0	0	0	0	0.0	0.0	0.0	0.0303030303030303	0.0	0.0	0.0	0.0303030303030303	0.0	0.0	0.0	0.0	0.0	0.020202020202020204	0.0	0.0	0.0	0.0	0.0	0.0606060606060606	9
Enterococcus_mundtii	0	0	0	0	0	0	0	0	0	0	0	0	0	0	0	0	0	0	0	0	0	0	0	0	0	0	0	0	0	0	0	0	0	0	0	0	0	0	0	0	0
Enterovirus_B	0	0	0	0	0	0	0	0	0	0	0	0	0	0	0	0	0	0	0	0	0	0	0	0	0	0	0	0	0	0	0	0	0	0	0	0	0	0	0	0	0
Epizootic_hemorrhagic_disease_virus_(serotype_1_/_strain_New_Jersey)	0	0	0	0	0	0	0	0	0	0	0	0	0	0	0	0	0	0	0	0	0	0	0	0	0	0	0	0	0	0	0	0	0	0	0	0	0	0	0	0	0
Equine_rhinitis_A_virus	0	0	0	0	0	0	0	0	0	0	0	0	0	0	0	0	0	0	0	0	0	0	0	0	0	0	0	0	0	0	0	0	0	0	0	0	0	0	0	0	0
Erysipelothrix_rhusiopathiae	0	0	0	0	0	0	1.0	0	0	0	0	0	0	0	0	0	0	0	0	0	0.0	0.0	0.0	0.0	0.0	0.022727272727272728	0.022727272727272728	0.0	0.0	0.0	0.0	0.0	0.0	0.0	0.022727272727272728	0.022727272727272728	0.03409090909090909	0.045454545454545456	0.045454545454545456	0.022727272727272728	8
Erythroparvovirus	0	0	0	0	0	0	0	0	0	0	0	0	0	0	0	0	0	0	0	0	0	0	0	0	0	0	0	0	0	0	0	0	0	0	0	0	0	0	0	0	0
Escherichia_coli	0.1111111111111111	0.03816793893129771	0	0.012658227848101266	0.045871559633027525	0	0	0	0	0	0	0	0	0	0	0	0	0	0.007194244604316547	0	0.041381557510589764	0.03356142065819485	0.0039100684261974585	0.04268491365265559	0.0332355816226784	0.0035842293906810036	0.024112088628217662	0.005213424568263278	0.012381883349625285	0.006842619745845552	0.002280873248615184	0.007168458781362007	0.036493971977842946	0.002280873248615184	0.02346041055718475	0.008471814923427827	0.03421309872922776	0.002606712284131639	0.007820136852394917	0.035842293906810034	279
Escherichia_coli_042	0	0	0	0	0	0	0	0	0	0	0	0	0	0	0	0	1.0	0	0	0	0.0909090909090909	0.0	0.0	0.0	0.0	0.0	0.0	0.0	0.0	0.0	0.0	0.0	0.0	0.030303030303030304	0.030303030303030304	0.0	0.030303030303030304	0.0	0.0	0.0	3
Escherichia_coli_HS	0	0	0	0	0	0	0	0	0	0	0	0	0	0	0	0	0	0	0	0	0.09090909090909091	0.0	0.0	0.09090909090909091	0.0	0.0	0.0	0.0	0.0	0.0	0.0	0.0	0.0	0.0	0.0	0.0	0.0	0.0	0.09090909090909091	0.0	1
Escherichia_coli_O111	0	0	0	0	0	0	0	0	0	0	0	0	0	0	0	0	0	0	0	0	0	0	0	0	0	0	0	0	0	0	0	0	0	0	0	0	0	0	0	0	0
Escherichia_coli_O157:H7	0	0	0	0	0	0	0	0	0	0	0	0	0	0	0	0	0	0	0	0	0	0	0	0	0	0	0	0	0	0	0	0	0	0	0	0	0	0	0	0	0
Escherichia_coli_O26	0	0	0	0	0	0	0	0	0	0	0	0	0	0	0	0	0	0	0	0	0	0	0	0	0	0	0	0	0	0	0	0	0	0	0	0	0	0	0	0	0
Escherichia_coli_O6:H16	0	0	0	0	0	0	0	0	0	0	0	0	0	0	0	0	0	0	0	0	0.0	0.0	0.0	0.0	0.0	0.0	0.0	0.0	0.09090909090909091	0.0	0.0	0.0	0.0	0.0	0.0	0.0	0.012987012987012988	0.07792207792207792	0.0	0.0	7
Escherichia_coli_O7:K1_str._CE10	0	0	0	0	0	0	0	0	0	0	0	0	0	0	0	0	0	0	0	0	0.0	0.0	0.09090909090909091	0.0	0.0	0.0	0.0	0.0	0.0	0.0	0.0	0.0	0.0	0.0	0.0	0.0	0.0	0.0	0.0	0.0	1
Escherichia_coli_O80:H26	0	0	0	0	0	0	0	0	0	0	0	0	0	0	0	0	0	0	0	0	0.045454545454545456	0.030303030303030304	0.015151515151515152	0.015151515151515152	0.06060606060606061	0.030303030303030304	0.045454545454545456	0.045454545454545456	0.0	0.030303030303030304	0.0	0.030303030303030304	0.0	0.015151515151515152	0.030303030303030304	0.030303030303030304	0.0	0.015151515151515152	0.045454545454545456	0.0	42
Escherichia_coli_UMNK88	0	0	0	0	0	0	0	0	0	0	0	0	0	0	0	0	0	0	0	0	0.0	0.0	0.0	0.0	0.0	0.0	0.0	0.0	0.0	0.0	0.0	0.0	0.0	0.0	0.0	0.0	0.0	0.0	0.0	0.0	7
Francisella_tularensis	0	0	0	0	0	0	0	0	0	0	0	0	0	0	0	0	0	0	0	0	0.0	0.0	0.0	0.0	0.0	0.0	0.0	0.045454545454545456	0.0	0.0	0.0	0.0	0.0	0.0	0.0	0.0	0.0	0.0	0.0	0.0	2
Francisella_tularensis_subsp._holarctica	0	0	0	0	0	0	0	0	0	0	0	0	0	0	0	0	0	0	0	0	0.0	0.0	0.0	0.0	0.0	0.0	0.0	0.09090909090909091	0.0	0.0	0.0	0.0	0.0	0.09090909090909091	0.0	0.0	0.0	0.0	0.0	0.0	1
Francisella_tularensis_subsp._novicida_U112	0	0	0	0	0	0	0	0	0	0	0	0	0	0	0	0	0	0	0	0	0.0	0.0	0.09090909090909091	0.0	0.0	0.0	0.0	0.09090909090909091	0.0	0.0	0.0	0.045454545454545456	0.0	0.0	0.0	0.045454545454545456	0.045454545454545456	0.0	0.0	0.0	2
Fusobacterium	0	1.0	0	0	0	1.0	0	0	0	0	0	0	0	0	0	0	0	0	0	0	0.0	0.0743801652892562	0.0	0.0	0.0	0.09090909090909091	0.0	0.0	0.0743801652892562	0.0	0.0	0.0	0.0	0.06611570247933884	0.0	0.0	0.0	0.0	0.0	0.0	11
Fusobacterium_gastrosuis	0	0	0	0	0	0	0	0	0	0	0	0	0	0	0	0	0	0	0	0	0.0	0.0	0.09090909090909091	0.0	0.0	0.0	0.0	0.0	0.0	0.0	0.0	0.045454545454545456	0.0	0.0	0.0	0.0	0.0	0.045454545454545456	0.0	0.0	2
Fusobacterium_necrophorum	0	0	0	0	0	0	0	0	1.0	0	0	0	0	0	0	0	0	0	0	0	0.0	0.0	0.0	0.0	0.0	0.09090909090909091	0.0	0.0	0.09090909090909091	0.0	0.0	0.0	0.0	0.0	0.09090909090909091	0.0	0.0	0.0	0.0	0.0	1
Fusobacterium_nucleatum	0	0	0	0	0	0	0	0	0	0	0	0	0	0	0	0	0	0	0	0	0	0	0	0	0	0	0	0	0	0	0	0	0	0	0	0	0	0	0	0	0
Fusobacterium_pseudoperiodonticum	0	0	0	0	0	0	0	0	0	0	0	0	0	0	0	0	0	0	0	0	0.0	0.0	0.0	0.0	0.0	0.0	0.0	0.0	0.0	0.09090909090909091	0.0	0.0	0.0	0.0	0.0	0.0	0.0	0.0	0.0	0.0	1
Goatpox_virus	0	0	0	0	0	0	0	0	0	0	0	0	0	0	0	0	0	0	0	0	0	0	0	0	0	0	0	0	0	0	0	0	0	0	0	0	0	0	0	0	0
Haemophilus_influenzae	0	1.0	0	0	0	0	0	0	0	0	0	0	0	0	0	0	0	0	0	0	0.01818181818181818	0.03636363636363636	0.01818181818181818	0.0	0.01818181818181818	0.05454545454545454	0.0	0.0	0.0	0.0	0.0	0.0	0.0	0.0	0.03636363636363636	0.0	0.01818181818181818	0.0	0.0	0.0	5
Haemophilus_influenzae_CGSHiCZ412602	0	0	0	0	0	0	0	0	0	0	0	0	0	0	0	0	0	0	0	0	0.0	0.0	0.0	0.0	0.0	0.0	0.0	0.0	0.0	0.0	0.0	0.0	0.0	0.0	0.09090909090909091	0.0	0.0	0.0	0.0	0.0	1
Haemophilus_influenzae_F3047	0	0	0	0	0	0	0	0	0	0	0	0	0	0	0	0	0	0	0	0	0.0	0.0	0.0	0.0	0.0	0.0	0.0	0.0	0.0	0.0	0.0	0.0	0.0	0.0	0.0	0.0	0.030303030303030304	0.0	0.0	0.0	3
Helicobacter_cinaedi	0	0	0	0	0	0	0	0	0	0	0	0	0	0	0	0	0	0	0	0	0.030303030303030304	0.030303030303030304	0.06060606060606061	0.0	0.0	0.030303030303030304	0.06060606060606061	0.06060606060606061	0.0	0.0	0.030303030303030304	0.0	0.030303030303030304	0.0	0.0	0.0	0.0	0.030303030303030304	0.030303030303030304	0.0	3
Helicobacter_pylori	0	0.5833333333333334	0.09090909090909091	0	0	0	0	0.07142857142857142	0.06060606060606061	0	0.16666666666666666	0	0	0	0	0	0	0	0.009523809523809525	0	0.00101010101010101	0.003367003367003367	6.734006734006734E-4	0.0013468013468013469	0.03468013468013468	0.003703703703703704	0.00202020202020202	0.011111111111111112	0.00101010101010101	6.734006734006734E-4	0.003703703703703704	3.367003367003367E-4	6.734006734006734E-4	3.367003367003367E-4	3.367003367003367E-4	3.367003367003367E-4	0.0	0.00909090909090909	0.003367003367003367	0.0013468013468013469	270
Helicobacter_pylori_52	0	0	0	0	0	0	0	0	1.0	0	0	0	0	0	0	0	0	0	0	0	0.01652892561983471	0.0	0.0	0.0	0.0	0.01652892561983471	0.0	0.0	0.01652892561983471	0.0	0.0	0.0	0.0	0.01652892561983471	0.01652892561983471	0.01652892561983471	0.0	0.03305785123966942	0.024793388429752063	0.04132231404958678	11
Helicobacter_pylori_F32	0	0	0	0	0	0	0.5	0	0	0	0	0	0	0	0	0	0	0	0	0	0.0	0.0	0.0	0.030303030303030304	0.030303030303030304	0.0	0.030303030303030304	0.0	0.030303030303030304	0.030303030303030304	0.0	0.0	0.030303030303030304	0.0	0.0	0.0	0.030303030303030304	0.0	0.0	0.0	3
Helicobacter_pylori_SNT49	0	0	0	0	0	0	0	0	0	0	0	0	0	0	0	0	0	0	0	0	0.0	0.0909090909090909	0.0	0.0	0.0909090909090909	0.0	0.0	0.0	0.0	0.0	0.030303030303030304	0.0	0.0	0.0	0.0	0.0	0.0	0.06060606060606061	0.0	0.0	3
Helicobacter_pylori_Shi112	0	0	0	0	0	0	0	0	0	0	0	0	0	0	0	0	0	0	0	0	0.060606060606060615	0.0	0.0	0.0	0.0	0.0	0.0	0.0	0.0	0.030303030303030307	0.0	0.0	0.0	0.0603030303030303	0.0603030303030303	0.0	0.030303030303030307	0.0	0.0	0.0	300
Hepatitis_B_virus	0	0	0	0	0	0	0	0	0	0	0	0	0	0	0	0	0	0	0	0	0	0	0	0	0	0	0	0	0	0	0	0	0	0	0	0	0	0	0	0	0
Hepatitis_E_virus	0	0	0	0	0	0	0	0	0	0	0	0	0	0	0	0	0	0	0	0	0	0	0	0	0	0	0	0	0	0	0	0	0	0	0	0	0	0	0	0	0
Hepatitis_delta_virus	0	0	0	0	0	0	0	0	0	0	0	0	0	0	0	0	0	0	0	0	0	0	0	0	0	0	0	0	0	0	0	0	0	0	0	0	0	0	0	0	0
Human_adenovirus_1	0	0	0	0	0	0	0	0	0	0	0	0	0	0	0	0	0	0	0	0	0	0	0	0	0	0	0	0	0	0	0	0	0	0	0	0	0	0	0	0	0
Human_adenovirus_2	0	0	0	0	0	0	0	0	0	0	0	0	0	0	0	0	0	0	0	0	0	0	0	0	0	0	0	0	0	0	0	0	0	0	0	0	0	0	0	0	0
Human_adenovirus_35	0	0	0	0	0	0	0	0	0	0	0	0	0	0	0	0	0	0	0	0	0	0	0	0	0	0	0	0	0	0	0	0	0	0	0	0	0	0	0	0	0
Human_adenovirus_5	0	0	0	0	0	0	0	0	0	0	0	0	0	0	0	0	0	0	0	0	0	0	0	0	0	0	0	0	0	0	0	0	0	0	0	0	0	0	0	0	0
Human_adenovirus_54	0	0	0	0	0	0	0	0	0	0	0	0	0	0	0	0	0	0	0	0	0	0	0	0	0	0	0	0	0	0	0	0	0	0	0	0	0	0	0	0	0
Human_adenovirus_7	0	0	0	0	0	0	0	0	0	0	0	0	0	0	0	0	0	0	0	0	0	0	0	0	0	0	0	0	0	0	0	0	0	0	0	0	0	0	0	0	0
Human_alphaherpesvirus_1	0	0	0	0	0	0	0	0	0	0	0	0	0	0	0	0	0	0	0	0	0	0	0	0	0	0	0	0	0	0	0	0	0	0	0	0	0	0	0	0	0
Human_alphaherpesvirus_2	0	0	0	0	0	0	0	0	0	0	0	0	0	0	0	0	0	0	0	0	0	0	0	0	0	0	0	0	0	0	0	0	0	0	0	0	0	0	0	0	0
Human_alphaherpesvirus_3	0	0	0	0	0	0	0	0	0	0	0	0	0	0	0	0	0	0	0	0	0	0	0	0	0	0	0	0	0	0	0	0	0	0	0	0	0	0	0	0	0
Human_gammaherpesvirus_4	0	0	0	0	0	0	0	0	0	0	0	0	0	0	0	0	0	0	0	0	0	0	0	0	0	0	0	0	0	0	0	0	0	0	0	0	0	0	0	0	0
Human_herpesvirus_4_type_2	0	0	0	0	0	0	0	0	0	0	0	0	0	0	0	0	0	0	0	0	0	0	0	0	0	0	0	0	0	0	0	0	0	0	0	0	0	0	0	0	0
Human_mastadenovirus_C	0	0	0	0	0	0	0	0	0	0	0	0	0	0	0	0	0	0	0	0	0	0	0	0	0	0	0	0	0	0	0	0	0	0	0	0	0	0	0	0	0
JC_polyomavirus	0	0	0	0	0	0	0	0	0	0	0	0	0	0	0	0	0	0	0	0	0	0	0	0	0	0	0	0	0	0	0	0	0	0	0	0	0	0	0	0	0
Klebsiella_aerogenes	0.2727272727272727	0	0	0	0	0	0.42857142857142855	0	0	0	0	0	0	0	0	0	0	0.11764705882352941	0	0	0.029644268774703556	0.017786561264822136	0.011857707509881422	0.001976284584980237	0.007905138339920948	0.005928853754940711	0.03359683794466403	0.005928853754940711	0.01383399209486166	0.017786561264822136	0.011857707509881422	0.009881422924901186	0.017786561264822136	0.011857707509881422	0.025691699604743084	0.0	0.011857707509881422	0.005928853754940711	0.003952569169960474	0.017786561264822136	46
Klebsiella_aerogenes_EA1509E	0	0	0	0	0	0	0	0	0	0	0	0	0	0	0	0	0	0	0	0	0.03896103896103896	0.05194805194805195	0.05194805194805195	0.0	0.0	0.0	0.0	0.03896103896103896	0.03896103896103896	0.03896103896103896	0.0	0.0	0.012987012987012988	0.0	0.0	0.012987012987012988	0.0	0.05194805194805195	0.0	0.0	7
Klebsiella_michiganensis	0	0	0	0	0	0.1111111111111111	0	0	0	0	0	0	0.18181818181818182	0	0	0	0	0.11764705882352941	0.08333333333333333	0.0625	0.0196969696969697	0.006060606060606061	0.004545454545454545	0.0030303030303030303	0.006060606060606061	0.006060606060606061	0.006060606060606061	0.0030303030303030303	0.01818181818181818	0.012121212121212121	0.0015151515151515152	0.004545454545454545	0.0030303030303030303	0.010606060606060607	0.0030303030303030303	0.004545454545454545	0.0030303030303030303	0.00909090909090909	0.0030303030303030303	0.0015151515151515152	60
Klebsiella_oxytoca	0	0	0	0	0	0	0	0	0	0	0	0.058823529411764705	0	0	0.6	0	0	0	0	0	0.013412816691505217	0.04918032786885246	0.028315946348733235	0.007451564828614009	0.019374068554396426	0.0029806259314456036	0.010432190760059612	0.0	0.0	0.0	0.019374068554396426	0.0014903129657228018	0.005961251862891207	0.02384500745156483	0.013412816691505217	0.0	0.0029806259314456036	0.014903129657228018	0.03427719821162444	0.0029806259314456036	61
Klebsiella_pneumoniae	0	0	0.2	0	0	0	0.015384615384615385	0	0	0.030303030303030304	0	0	0	0	0	0	0	0	0	0	0.05136106831022086	5.136106831022085E-4	0.002054442732408834	0.03184386235233693	0.03287108371854135	0.0	0.052388289676425275	0.0015408320493066254	0.052388289676425275	0.0015408320493066254	0.001027221366204417	0.0	0.0	0.052388289676425275	0.05136106831022086	0.002054442732408834	0.001027221366204417	0.0	0.052388289676425275	0.001027221366204417	177
Klebsiella_pneumoniae_subsp._pneumoniae	0	0	0	0	0	0	0	0	0	0	0	0	0	0	0	0	0	0	0	0.8636363636363636	0.011111111111111112	0.0	0.006565656565656566	0.023484848484848487	0.0	0.01868686868686869	0.00303030303030303	0.0	0.0	0.023484848484848487	0.009595959595959595	0.025252525252525256	0.0	0.020454545454545454	0.020454545454545454	0.009595959595959595	0.0	0.0202020202020202	0.02676767676767677	0.03005050505050505	360
Klebsiella_pneumoniae_subsp._pneumoniae_KPNIH27	0	0	0	0	0	0	0	0	0	0	0	0	0	0	0	0	0	0	0	0	0.0	0.0	0.0	0.0	0.0	0.0	0.0909090909090909	0.0	0.0	0.0	0.0	0.0	0.08712121212121211	0.0	0.003787878787878788	0.0	0.0	0.0	0.0	0.0	24
Klebsiella_pneumoniae_subsp._rhinoscleromatis	0	0	0	0	0	0	0	0	0	0	0	0	0	0	0	0	0	0	0	0	0	0	0	0	0	0	0	0	0	0	0	0	0	0	0	0	0	0	0	0	0
Legionella_anisa	0.4117647058823529	0.25	0.4	0	0.3333333333333333	0	0	0.3333333333333333	0	0	0	0	0	0	0	0	0	0	0	0.5	0.02766798418972332	0.015810276679841896	0.007905138339920948	0.007905138339920948	0.011857707509881422	0.003952569169960474	0.003952569169960474	0.011857707509881422	0.0	0.007905138339920948	0.02766798418972332	0.0	0.003952569169960474	0.0	0.007905138339920948	0.011857707509881422	0.003952569169960474	0.003952569169960474	0.0	0.015810276679841896	23
Legionella_lansingensis	0	0	0	0	0	0	0	0	0	0	0	0	0	0	0	0	0	0	0	0	0.0	0.0	0.0	0.0	0.0	0.0	0.0	0.0	0.0	0.0	0.0	0.0	0.0	0.0	0.0	0.0	0.0	0.0	0.0	0.0	1
Legionella_pneumophila	0.05555555555555555	0.375	0	0	0	0	0	0	0	0	0	0	0	0	0	0	0	0	0	0	0.0013175230566534915	0.017127799736495388	0.0230566534914361	0.026350461133069828	0.011198945981554676	0.011198945981554676	0.014492753623188406	0.01515151515151515	0.009881422924901184	0.0	0.010540184453227932	0.011198945981554676	0.009881422924901184	0.011198945981554676	0.010540184453227932	0.037549407114624504	0.011198945981554676	0.017127799736495388	0.005928853754940712	0.02042160737812912	138
Legionella_pneumophila_str._Corby	0	0	0	0	0	0	0	0	0	0	0	0	0	0	0	0	0	0	0	0	0.04895104895104895	0.020979020979020976	0.020979020979020976	0.04195804195804195	0.0	0.0	0.027972027972027972	0.0	0.020979020979020976	0.0	0.027972027972027972	0.0	0.0	0.0	0.006993006993006993	0.0	0.0	0.006993006993006993	0.020979020979020976	0.020979020979020976	13
Legionella_pneumophila_subsp._fraseri	0	0	0	0	0	0	0	0	0	0	0	0	0	0	0	0	0	0	0	0	0.0	0.0	0.0	0.0	0.0	0.0	0.0	0.0	0.0	0.0	0.0	0.0	0.0	0.0	0.0	0.05454545454545454	0.0	0.0	0.0	0.0	5
Legionella_pneumophila_subsp._pascullei	0	0	0	0	0	0	0	0	0	0	0	0	0	0	0	0	0	0	0	0	0.0	0.06818181818181818	0.022727272727272728	0.0	0.0	0.0	0.0	0.0	0.0	0.0	0.0	0.0	0.0	0.0	0.0	0.0	0.0	0.06818181818181818	0.0	0.0	4
Legionella_pneumophila_subsp._pneumophila	1.0	0	0	0	0	0	0	0	0	0	0	0	0	0	0	0	0	0	0	0	0.01818181818181818	0.0	0.07272727272727272	0.0	0.0	0.0	0.01818181818181818	0.0	0.05454545454545454	0.0	0.0	0.0	0.0	0.0	0.0	0.0	0.0	0.01818181818181818	0.0	0.01818181818181818	5
Leptospira_alexanderi	0	0	0	0	0	0	0	0	0	0	0	0	0	0	0	0	0	0	0	0	0	0	0	0	0	0	0	0	0	0	0	0	0	0	0	0	0	0	0	0	0
Leptospira_alstonii	0	0	0	0	0	0	0	0	0	0	0	0	0	0	0	0	0	0	0	0	0	0	0	0	0	0	0	0	0	0	0	0	0	0	0	0	0	0	0	0	0
Leptospira_biflexa	0	0	0	0	0	0	0	0	0	0	0	0	0	0	0	0	0	0	0	0	0	0	0	0	0	0	0	0	0	0	0	0	0	0	0	0	0	0	0	0	0
Leptospira_borgpetersenii	0.2	0	0	0	0	0	0.25	0	0.2	0	0	0	0	0.14285714285714285	0	0.25	0	0	0	0	0.020202020202020204	0.005050505050505051	0.01515151515151515	0.005050505050505051	0.01515151515151515	0.005050505050505051	0.01515151515151515	0.0	0.01515151515151515	0.01515151515151515	0.010101010101010102	0.010101010101010102	0.020202020202020204	0.020202020202020204	0.01515151515151515	0.01515151515151515	0.01515151515151515	0.0303030303030303	0.020202020202020204	0.010101010101010102	18
Leptospira_borgpetersenii_serovar_Ceylonica	0	0	0	0	0	0	0	0	1.0	0	0	0	0	0	0.25	0	0	0	0	0	0.007575757575757576	0.0	0.0	0.0	0.0	0.022727272727272724	0.007575757575757576	0.022727272727272724	0.030303030303030304	0.015151515151515152	0.007575757575757576	0.007575757575757576	0.022727272727272724	0.007575757575757576	0.007575757575757576	0.022727272727272724	0.0	0.015151515151515152	0.007575757575757576	0.015151515151515152	12
Leptospira_broomii	0	0	0	0	0	0	0	0	0	0	0	0	0	0	0	0	0	0	0	0	0	0	0	0	0	0	0	0	0	0	0	0	0	0	0	0	0	0	0	0	0
Leptospira_fainei	0	0	0	0	0	0	0	0	0	0	0	0	0	0	0	0	0	0	0	0	0	0	0	0	0	0	0	0	0	0	0	0	0	0	0	0	0	0	0	0	0
Leptospira_inadai	0	0	0	0	0	0	0	0	0	0	0	0	0	0	0	0	0	0	0	0	0	0	0	0	0	0	0	0	0	0	0	0	0	0	0	0	0	0	0	0	0
Leptospira_interrogans	0	0	0	0	0	0	0	0	0	0	0	0	0	0	0	0	0	0	0	0	0.0	0.0	0.0	0.0	0.0	0.0	0.07692307692307693	0.0	0.0	0.0	0.07692307692307693	0.0	0.0	0.0	0.0	0.0	0.006993006993006993	0.0	0.0	0.0	13
Leptospira_interrogans_serovar_Canicola	0	0	0	0	0	0	0	0	0	0	0	0	0	0	0	0	0	0	0	0	0.0	0.0	0.0	0.0	0.0	0.0	0.0	0.09090909090909091	0.0	0.0	0.0	0.0	0.0	0.0	0.0	0.0	0.0	0.0	0.0	0.0	1
Leptospira_interrogans_serovar_Hardjo-prajitno	0	0	0	0	0	0	0	0	0	0	0	0	0	0	0	0	0	0	0	0	0.0	0.0	0.045454545454545456	0.045454545454545456	0.0	0.0	0.045454545454545456	0.045454545454545456	0.0	0.0	0.022727272727272728	0.0	0.0	0.022727272727272728	0.0	0.0	0.0	0.045454545454545456	0.0	0.045454545454545456	4
Leptospira_interrogans_serovar_Lai_str._56601	0	0	0	0	0	0	0	0	0	0	0	0	0	0	0	0	0	0	0	0	0.0	0.0	0.0	0.0	0.0	0.045454545454545456	0.045454545454545456	0.0	0.045454545454545456	0.0	0.0	0.045454545454545456	0.0	0.0	0.0	0.045454545454545456	0.0	0.0	0.045454545454545456	0.0	2
Leptospira_kirschneri	0	0	0	0	0	0	0	0	0	0	0	0	0	0	0	0	0	0	0	0	0	0	0	0	0	0	0	0	0	0	0	0	0	0	0	0	0	0	0	0	0
Leptospira_kmetyi	0	0	0	0	0.16666666666666666	0	0	0	1.0	0	0	0.3333333333333333	0	0	0	0.3333333333333333	0	0	0	0	0.008264462809917356	0.008264462809917356	0.01652892561983471	0.008264462809917356	0.03305785123966942	0.01652892561983471	0.008264462809917356	0.0	0.04132231404958678	0.0	0.0	0.008264462809917356	0.0	0.0	0.008264462809917356	0.03305785123966942	0.01652892561983471	0.008264462809917356	0.008264462809917356	0.0	11
Leptospira_licerasiae	0	0	0	0	0	0	0	0	0	0	0	0	0	0	0	0	0	0	0	0	0	0	0	0	0	0	0	0	0	0	0	0	0	0	0	0	0	0	0	0	0
Leptospira_noguchii	0	0	0	0	0.2222222222222222	0	0	0	0	0	0	0.04	0	0	0	0	0	0	0	0	0.01235657546337158	0.009708737864077669	0.01235657546337158	0.00706090026478376	0.013239187996469549	0.00617828773168579	0.02206531332744925	0.02824360105913504	0.0	0.00176522506619594	0.00706090026478376	0.007943512797881731	0.00617828773168579	0.00617828773168579	0.01147396293027361	0.01412180052956752	0.015887025595763462	0.00353045013239188	0.009708737864077669	0.00353045013239188	103
Leptospira_santarosai	0	0	0	0	0	0	0	0	0	0	0	0	0	0	0	0	0	0	0	0	0.012987012987012988	0.012987012987012988	0.0	0.0	0.0	0.0	0.0	0.025974025974025976	0.0	0.012987012987012988	0.0	0.0	0.0	0.0	0.0	0.0	0.0	0.012987012987012988	0.012987012987012988	0.012987012987012988	7
Leptospira_santarosai_serovar_Shermani_str._LT_821	0	0	0	0	0	0	0	0	0	0	0	0	0	0	0	0	0	0	0	0	0.0909090909090909	0.0	0.0909090909090909	0.0	0.0	0.0	0.0	0.0	0.0909090909090909	0.0	0.0	0.0	0.0	0.0	0.0	0.0	0.0	0.06060606060606061	0.0	0.0	3
Leptospira_weilii	0	0.42857142857142855	0	0	0	0	0	0	0	0.75	0.6666666666666666	0	0	0	0	0	0	0	0	0	0.0	0.01515151515151515	0.005050505050505051	0.01515151515151515	0.0	0.01515151515151515	0.0	0.0303030303030303	0.04040404040404041	0.0303030303030303	0.01515151515151515	0.020202020202020204	0.010101010101010102	0.025252525252525252	0.005050505050505051	0.025252525252525252	0.010101010101010102	0.005050505050505051	0.020202020202020204	0.0	18
Leptospira_wolffii	0	0	0	0	0	0	0	0	0	0	0	0	0	0	0	0	0	0	0	0	0	0	0	0	0	0	0	0	0	0	0	0	0	0	0	0	0	0	0	0	0
Listeria_monocytogenes	0	0	1.0	0	0	0	0	0	0	0	0	0	0	0	0	0	0	0	0	0	0.0	0.022727272727272728	0.045454545454545456	0.0	0.0	0.022727272727272728	0.0	0.0	0.0	0.0	0.022727272727272728	0.0	0.022727272727272728	0.045454545454545456	0.0	0.0	0.0	0.0	0.0	0.022727272727272728	4
Listeria_monocytogenes_6179	0	0	0	0	0	0	0	0	0	0	0	0	0	0	0	0	0	0	0	0	0.0	0.0	0.0	0.0	0.09090909090909091	0.0	0.0	0.0	0.0	0.0	0.004132231404958678	0.0	0.004132231404958678	0.0	0.0	0.0	0.0	0.0	0.0	0.004132231404958678	22
Listeria_monocytogenes_FSL_J1-208	0	0	0	0	0	0	0	0.3333333333333333	0	0	0	0	0	0	0.5	0	0	0	0	0	0.0	0.0	0.0	0.0	0.0	0.0	0.03636363636363636	0.03636363636363636	0.03636363636363636	0.0	0.0	0.0	0.01818181818181818	0.0	0.03636363636363636	0.01818181818181818	0.01818181818181818	0.01818181818181818	0.01818181818181818	0.03636363636363636	5
Lumpy_skin_disease_virus	0	0	0	0	0	0	0	0	0	0	0	0	0	0	0	0	0	0	0	0	0	0	0	0	0	0	0	0	0	0	0	0	0	0	0	0	0	0	0	0	0
Lymphocryptovirus	0	0	0	0	0	0	0	0	0	0	0	0	0	0	0	0	0	0	0	0	0	0	0	0	0	0	0	0	0	0	0	0	0	0	0	0	0	0	0	0	0
Mannheimia_haemolytica	0	0	0	0	0	0	0	0	0	0	0	0	0	0	0	0	0	0	0	0	0	0	0	0	0	0	0	0	0	0	0	0	0	0	0	0	0	0	0	0	0
Measles_morbillivirus	0	0	0	0	0	0	0	0	0	0	0	0	0	0	0	0	0	0	0	0	0	0	0	0	0	0	0	0	0	0	0	0	0	0	0	0	0	0	0	0	0
Methanobrevibacter_oralis	0	0	0	0	0	0	0	0	0	0	0	0	0	0	0	0	0	0	0	0	0	0	0	0	0	0	0	0	0	0	0	0	0	0	0	0	0	0	0	0	0
Moraxella_catarrhalis	0	0	0	0	0	0	0	0	0	0	0	0	0	0	0	0	0.25	0	0	0	0.0	0.012987012987012988	0.025974025974025976	0.012987012987012988	0.0	0.0	0.012987012987012988	0.0	0.012987012987012988	0.025974025974025976	0.012987012987012988	0.0	0.0	0.012987012987012988	0.0	0.03896103896103896	0.012987012987012988	0.012987012987012988	0.012987012987012988	0.0	7
Moraxella_catarrhalis_BBH18	0	0	0	0	0	0	0	0	0	0	0	0	0	0	0	0	0	0	0	0	0.0	0.0	0.07272727272727272	0.0	0.0	0.09090909090909091	0.0	0.0	0.0	0.0	0.0	0.0	0.0	0.0	0.0	0.0	0.01818181818181818	0.045454545454545456	0.045454545454545456	0.01818181818181818	10
Morbillivirus	0	0	0	0	0	0	0	0	0	0	0	0	0	0	0	0	0	0	0	0	0	0	0	0	0	0	0	0	0	0	0	0	0	0	0	0	0	0	0	0	0
Mycobacterium_avium	0.18850987432675045	0.03902439024390244	0.03559870550161812	0.028277634961439587	0.05194805194805195	0.08638743455497382	0	0.020642201834862386	0.055449330783938815	0.020134228187919462	0.06363636363636363	0	0	0.041666666666666664	0.010964912280701754	0.05855855855855856	0.051923076923076926	0.039301310043668124	0	0.034220532319391636	0.01647058823529412	0.009055258467023172	0.009554367201426025	0.013975044563279856	0.009055258467023172	0.008983957219251337	0.0042780748663101605	0.004777183600713012	0.007629233511586452	0.0063458110516934054	0.0069162210338680925	0.0054188948306595364	0.006131907308377897	0.007557932263814617	0.013333333333333334	0.010124777183600712	0.009269162210338681	0.009910873440285205	0.008128342245989304	0.013404634581105168	1275
Mycobacterium_avium_subsp._avium	0.19047619047619047	0	0	0	0	0.09090909090909091	0	0	0	0	0	0.2	0	0	0	0	0.07692307692307693	0.09090909090909091	0	0.10526315789473684	0.011131725417439703	0.0055658627087198514	0.0037105751391465678	0.0037105751391465678	0.011131725417439703	0.014842300556586271	0.0037105751391465678	0.0037105751391465678	0.0055658627087198514	0.0	0.02411873840445269	0.012987012987012986	0.0074211502782931356	0.011131725417439703	0.01855287569573284	0.0037105751391465678	0.02040816326530612	0.0037105751391465678	0.0055658627087198514	0.03153988868274583	49
Mycobacterium_avium_subsp._hominissuis	0.2631578947368421	0.08823529411764706	0.07317073170731707	0	0.04411764705882353	0.08823529411764706	0	0.05714285714285714	0.15384615384615385	0.0425531914893617	0.0425531914893617	0.041666666666666664	0.07317073170731707	0	0.3409090909090909	0.03125	0.20930232558139536	0	0	0.05128205128205128	0.023687580025608196	0.01088348271446863	0.010243277848911651	0.006402048655569782	0.014724711907810498	0.013444302176696543	0.0076824583866837385	0.010243277848911651	0.007042253521126761	0.012163892445582587	0.009603072983354673	0.003201024327784891	0.008322663252240717	0.016005121638924456	0.01792573623559539	0.0019206145966709346	0.016005121638924456	0.0038412291933418692	0.011523687580025609	0.016005121638924456	142
Mycobacterium_avium_subsp._paratuberculosis	0.041666666666666664	0	0	0.037037037037037035	0	0.3333333333333333	0.1111111111111111	0	0	0	0.045454545454545456	0	0	0.1111111111111111	0.47368421052631576	0	0.058823529411764705	0.043478260869565216	0	0	0.011131725417439703	0.0018552875695732839	0.014842300556586271	0.0037105751391465678	0.0055658627087198514	0.03153988868274583	0.02040816326530612	0.0074211502782931356	0.01855287569573284	0.011131725417439703	0.0037105751391465678	0.0037105751391465678	0.0037105751391465678	0.014842300556586271	0.03153988868274583	0.03153988868274583	0.0018552875695732839	0.0055658627087198514	0.0037105751391465678	0.0352504638218924	49
Mycobacterium_canettii	0	0	0	0	0	0	0.6666666666666666	0.5	0	0	0	1.0	0	0	0	0	0	0	0	0	0.0	0.015151515151515152	0.0	0.0	0.015151515151515152	0.0	0.04545454545454545	0.030303030303030304	0.0	0.015151515151515152	0.0	0.015151515151515152	0.030303030303030304	0.0	0.015151515151515152	0.030303030303030304	0.030303030303030304	0.015151515151515152	0.030303030303030304	0.015151515151515152	6
Mycobacterium_colombiense	0	0	0	0	0	0	0	0	0	0	0	0	0	0	0	0	0	0	0	0	0	0	0	0	0	0	0	0	0	0	0	0	0	0	0	0	0	0	0	0	0
Mycobacterium_colombiense_CECT_3035	0.14285714285714285	0.07407407407407407	0.09090909090909091	0.041666666666666664	0.11538461538461539	0.09523809523809523	0.0625	0	0	0	0	0	0.037037037037037035	0	0.07142857142857142	0	0.038461538461538464	0	0.14814814814814814	0.21428571428571427	0.009962640099626401	0.0149439601494396	0.0074719800747198	0.0012453300124533001	0.012453300124533	0.009962640099626401	0.016189290161892904	0.011207970112079703	0.011207970112079703	0.0074719800747198	0.016189290161892904	0.0037359900373599	0.009962640099626401	0.012453300124533	0.0037359900373599	0.009962640099626401	0.011207970112079703	0.0074719800747198	0.017434620174346202	0.012453300124533	73
Mycobacterium_intracellulare	0.1590909090909091	0.05263157894736842	0.25	0	0	0	0.02564102564102564	0	0.03125	0	0	0.18518518518518517	0.11428571428571428	0	0.02631578947368421	0	0.10714285714285714	0	0.045454545454545456	0.07142857142857142	0.011857707509881422	0.010869565217391304	0.03162055335968379	0.003952569169960474	0.007905138339920948	0.023715415019762844	0.011857707509881422	0.004940711462450593	0.012845849802371542	9.881422924901185E-4	0.009881422924901186	0.010869565217391304	0.005928853754940711	0.007905138339920948	0.011857707509881422	0.017786561264822136	0.014822134387351778	0.010869565217391304	0.012845849802371542	0.009881422924901186	92
Mycobacterium_intracellulare_subsp._yongonense	0.15384615384615385	0	0	0	0.3333333333333333	0.06	0	0	0.27906976744186046	0.058823529411764705	0	0	0	0	0	0.17647058823529413	0.06666666666666667	0	0	0.09302325581395349	0.018018018018018018	0.004914004914004914	0.013923013923013922	0.009009009009009009	0.004914004914004914	0.009828009828009828	0.01638001638001638	0.009009009009009009	0.010647010647010648	0.00819000819000819	0.015561015561015561	0.01638001638001638	0.010647010647010648	0.013923013923013922	0.007371007371007371	0.009828009828009828	0.010647010647010648	0.015561015561015561	0.015561015561015561	0.012285012285012284	111
Mycobacterium_kansasii	0.16883116883116883	0.15730337078651685	0.03614457831325301	0.03508771929824561	0.3220338983050847	0.02531645569620253	0.03389830508474576	0.03125	0.056338028169014086	0.07692307692307693	0.07291666666666667	0.078125	0.029850746268656716	0	0.013157894736842105	0	0.03225806451612903	0.05063291139240506	0	0.057971014492753624	0.012014417300760912	0.015218261914297157	0.004405286343612335	0.014817781337605127	0.014817781337605127	0.007609130957148579	0.010412494993992792	0.008009611533840609	0.008009611533840609	0.008009611533840609	0.010412494993992792	0.014016820184221065	0.00881057268722467	0.006407689227072487	0.007208650380456549	0.008009611533840609	0.007609130957148579	0.00961153384060873	0.010412494993992792	0.013616339607529034	227
Mycobacterium_leprae	0	0	0	0	0	0	0	0	0	0	0	0	0	0	0	0	0	0	0	0	0	0	0	0	0	0	0	0	0	0	0	0	0	0	0	0	0	0	0	0	0
Mycobacterium_leprae_Kyoto-2	0.3333333333333333	0	0	0	0	0.2	0	0	0	0	0	0	0	0	0	0.5	0	0	0	0	0.011363636363636364	0.011363636363636364	0.011363636363636364	0.022727272727272728	0.011363636363636364	0.022727272727272728	0.011363636363636364	0.0	0.011363636363636364	0.0	0.0	0.011363636363636364	0.011363636363636364	0.011363636363636364	0.011363636363636364	0.011363636363636364	0.0	0.011363636363636364	0.0	0.011363636363636364	8
Mycobacterium_marseillense	0.17857142857142858	0	0.08695652173913043	0	0	0.027777777777777776	0.058823529411764705	0.09090909090909091	0.06896551724137931	0.047619047619047616	0.045454545454545456	0.05	0.21739130434782608	0.043478260869565216	0	0	0.041666666666666664	0.043478260869565216	0	0.058823529411764705	0.012626262626262626	0.0037878787878787876	0.007575757575757575	0.010101010101010102	0.005050505050505051	0.006313131313131313	0.013888888888888888	0.010101010101010102	0.007575757575757575	0.011363636363636364	0.010101010101010102	0.011363636363636364	0.008838383838383838	0.008838383838383838	0.007575757575757575	0.005050505050505051	0.008838383838383838	0.008838383838383838	0.007575757575757575	0.021464646464646464	72
Mycobacterium_sp._JS623	0.4411764705882353	0.037037037037037035	0.06976744186046512	0.16666666666666666	0.09375	0.08108108108108109	0.058823529411764705	0.06666666666666667	0	0.09302325581395349	0	0	0	0	0.05405405405405406	0	0.09523809523809523	0.025	0	0	0.025744167337087693	0.012067578439259855	0.014481094127111828	0.012872083668543846	0.017699115044247787	0.008045052292839904	0.007240547063555914	0.012872083668543846	0.008849557522123894	0.008045052292839904	0.007240547063555914	0.006436041834271923	0.004022526146419952	0.004827031375703942	0.008045052292839904	0.006436041834271923	0.007240547063555914	0.008849557522123894	0.007240547063555914	0.012067578439259855	113
Mycobacterium_sp._YC-RL4	0.25	0.23076923076923078	0.07142857142857142	0.038461538461538464	0.06666666666666667	0.11764705882352941	0	0	0.043478260869565216	0	0	0.05	0	0	0	0.14285714285714285	0	0	0	0	0.019374068554396426	0.019374068554396426	0.01788375558867362	0.005961251862891207	0.007451564828614009	0.007451564828614009	0.005961251862891207	0.0029806259314456036	0.010432190760059612	0.010432190760059612	0.005961251862891207	0.005961251862891207	0.013412816691505217	0.00894187779433681	0.0029806259314456036	0.010432190760059612	0.005961251862891207	0.022354694485842024	0.020864381520119223	0.013412816691505217	61
Mycobacterium_tuberculosis	0.023255813953488372	0	0	0	0	0	0	0	0.06896551724137931	0	0.17777777777777778	0	0.125	0.041666666666666664	0.029411764705882353	0	0.3181818181818182	0	0	0	0.00927643784786642	0.02040816326530612	0.0037105751391465678	9.276437847866419E-4	9.276437847866419E-4	0.00463821892393321	0.0074211502782931356	0.015769944341372914	0.00463821892393321	0.014842300556586271	0.014842300556586271	0.008348794063079777	0.0037105751391465678	0.00463821892393321	0.0176252319109462	0.0074211502782931356	0.008348794063079777	0.022263450834879406	0.0018552875695732839	0.0037105751391465678	98
Mycobacterium_tuberculosis_KZN_1435	0.0425531914893617	0.18518518518518517	0.06060606060606061	0	0	0	0.11764705882352941	0.18421052631578946	0	0	0	0	0	0.027777777777777776	0	0.1206896551724138	0	0	0.03225806451612903	0	0.014545454545454545	0.016727272727272726	0.014545454545454545	0.016	0.0036363636363636364	0.0029090909090909093	0.018181818181818184	0.013090909090909092	0.008727272727272726	0.004363636363636363	0.006545454545454546	0.013818181818181818	0.013818181818181818	0.012363636363636363	0.0029090909090909093	0.013818181818181818	0.010181818181818183	0.017454545454545452	0.011636363636363637	0.017454545454545452	125
Mycobacterium_tuberculosis_complex	0.06837606837606838	0.0784313725490196	0.14285714285714285	0.07017543859649122	0	0.2	0.16666666666666666	0.13194444444444445	0.16883116883116883	0.13402061855670103	0	0	0.043859649122807015	0.029850746268656716	0	0	0.05194805194805195	0.11818181818181818	0	0	0.008985200845665961	0.01612050739957717	0.009249471458773783	0.004228329809725159	0.015856236786469344	0.006078224101479915	0.01427061310782241	0.014799154334038054	0.011363636363636364	0.011099365750528542	0.012949260042283297	0.01744186046511628	0.002642706131078224	0.013213530655391121	0.010835095137420718	0.006342494714587738	0.009778012684989429	0.011627906976744186	0.011892177589852008	0.009513742071881607	344
Mycobacterium_tuberculosis_variant_africanum	0	0	0	0	0	0	0	0	0	0	0	0	0	0	0	0	0	0	0	0	0	0	0	0	0	0	0	0	0	0	0	0	0	0	0	0	0	0	0	0	0
Mycobacterium_tuberculosis_variant_bovis	0	0	0	0	0	0	0	0	0	0	0	0	0	0	0	0	0	0	0	0	0	0	0	0	0	0	0	0	0	0	0	0	0	0	0	0	0	0	0	0	0
Mycobacteroides_abscessus	0.14563106796116504	0.20192307692307693	0	0.43478260869565216	0.00546448087431694	0.01282051282051282	0.06666666666666667	0.4262295081967213	0.044534412955465584	0.003745318352059925	0.11004784688995216	0.18556701030927836	0.007352941176470588	0.10625	0	0	0	0.176056338028169	0	0	0.008997828110456097	0.012565932361154204	0.003102699348433137	0.019702140862550416	0.021718895439031955	0.012410797393732548	0.005429723859757989	0.01566863170958734	0.01272106732857586	0.0018616196090598819	0.008532423208191127	0.0079118833385045	0.0023270245113248523	0.0037232392181197637	0.005119453924914676	0.016909711448960595	0.003102699348433137	0.023270245113248527	0.006825938566552901	0.032423208191126277	586
Mycobacteroides_abscessus_subsp._abscessus	0	0	0.11764705882352941	0	0	0	0	0	0	0	0	0.125	0	0	0	0	0	0	0	0	0.008869179600886918	0.006651884700665188	0.008869179600886918	0.006651884700665188	0.0	0.008869179600886918	0.0	0.0	0.0	0.006651884700665188	0.0	0.011086474501108647	0.0022172949002217295	0.004434589800443459	0.0	0.013303769401330375	0.0	0.019955654101995568	0.008869179600886918	0.0	41
Mycobacteroides_abscessus_subsp._massiliense	0.20454545454545456	0	0	0	0	0	0	0	0	0	0	0.875	0	0	0	0	0	0	0	0	0.036130536130536135	0.0	0.0	0.0	0.0	0.015151515151515152	0.015151515151515152	0.019813519813519812	0.005827505827505827	0.006993006993006992	0.0	0.037296037296037296	0.0	0.006993006993006992	0.003496503496503496	0.008158508158508158	0.018648018648018648	0.01282051282051282	0.0	0.008158508158508158	78
Mycobacteroides_abscessus_subsp._massiliense_CCUG_48898_=_JCM_15300	0	0	0.15789473684210525	0	0	0	0	0	0	0	0	0	0	0	0.1	0	0	0	0	0	0.0027548209366391185	0.01928374655647383	0.027548209366391185	0.0027548209366391185	0.0	0.04132231404958677	0.01928374655647383	0.0	0.06060606060606061	0.0	0.0027548209366391185	0.0	0.0	0.0	0.005509641873278237	0.0	0.0	0.0	0.0	0.005509641873278237	33
Mycoplasma_haemocanis	0	0	0	0	0	0	0	0	0	0	0	0	0	0	0	0	0	0	0	0	0	0	0	0	0	0	0	0	0	0	0	0	0	0	0	0	0	0	0	0	0
Mycoplasma_haemofelis	0	0	0	0	0	0	0	0	0	0	0	0	0	0	0	0	0	0	0	0	0	0	0	0	0	0	0	0	0	0	0	0	0	0	0	0	0	0	0	0	0
Mycoplasma_mycoides	0	0	0	0	0	0	0	0	0	0	0	0	0	0	0	0	0	0	0	0	0	0	0	0	0	0	0	0	0	0	0	0	0	0	0	0	0	0	0	0	0
Mycoplasma_ovipneumoniae	0	0	0	0	0	0	0	0	0	0	0	0	0	0	0	0	0	0	0	0	0	0	0	0	0	0	0	0	0	0	0	0	0	0	0	0	0	0	0	0	0
Mycoplasma_pneumoniae	0	0	0	0	0	0	0	0	0	0	0	0	0	0	0	0	0	0	0	0	0.0	0.0	0.0	0.0	0.0	0.0	0.0	0.0	0.0	0.0	0.0	0.0	0.0	0.0	0.09090909090909091	0.0	0.0	0.0	0.09090909090909091	0.0	1
Neisseria_elongata	0	0	0	0	0	0	0	0	0	0	0	0	0	0	0	0	0	0	0	0	0	0	0	0	0	0	0	0	0	0	0	0	0	0	0	0	0	0	0	0	0
Neisseria_elongata_subsp._glycolytica	0	0	0	0.25	0	0	0.3333333333333333	0	0	0	0	0	0	0	0	0	0	0	0	0	0.0	0.0	0.0	0.015151515151515152	0.0	0.030303030303030304	0.015151515151515152	0.015151515151515152	0.0	0.0	0.015151515151515152	0.0	0.015151515151515152	0.0	0.0	0.0	0.030303030303030304	0.0	0.015151515151515152	0.0	6
Neisseria_gonorrhoeae	0	0	0	0.34210526315789475	0	0	0	0	0	0	0	0	0	0	0	0	0	0	0	0	0.023255813953488372	0.015856236786469344	0.013742071881606767	0.013742071881606767	0.011627906976744186	0.026427061310782242	0.013742071881606767	0.026427061310782242	0.0	0.0	0.011627906976744186	0.0	0.011627906976744186	0.0	0.012684989429175475	0.013742071881606767	0.026427061310782242	0.011627906976744186	0.013742071881606767	0.04756871035940803	86
Neisseria_meningitidis	1.0	0	0	0.3125	0	0	0.4166666666666667	0	0	0	0	0	0	0	0	0	0	0	0.7037037037037037	0	0.04776579352850539	0.0015408320493066256	0.0061633281972265025	0.02157164869029276	0.0015408320493066256	0.0	0.015408320493066256	0.0015408320493066256	0.0	0.0	0.0	0.0	0.0	0.0030816640986132513	0.004622496147919876	0.020030816640986132	0.020030816640986132	0.029275808936825885	0.029275808936825885	0.018489984591679505	59
Neisseria_meningitidis_M01-240355	0	0	0	0	0	0	0	0	0	0	0	0	0	0	0	0	0	0	0	0	0.0	0.0	0.09090909090909091	0.0	0.0	0.09090909090909091	0.0	0.0	0.09090909090909091	0.0	0.0	0.0	0.0	0.0	0.0	0.0	0.0	0.0	0.045454545454545456	0.045454545454545456	2
Neisseria_mucosa	0	0	0	0	0	0	0	0	0	0	0	0	0	0	0	0	0	0	0	0	0	0	0	0	0	0	0	0	0	0	0	0	0	0	0	0	0	0	0	0	0
Neisseria_sicca	0	0	0	0	0	0	0	0	0	0	0	0	0	0	0	0	0	0	0	0	0.0	0.015151515151515152	0.015151515151515152	0.015151515151515152	0.030303030303030304	0.015151515151515152	0.0	0.0	0.015151515151515152	0.0	0.0	0.015151515151515152	0.0	0.015151515151515152	0.0	0.0	0.0	0.0	0.0	0.015151515151515152	6
Neisseria_subflava	0	0	0	0	0	0	0	0	0	0	0	0.6666666666666666	0	0	0	0	0	0	0	0	0.0	0.0	0.015151515151515152	0.015151515151515152	0.0	0.0	0.0	0.0	0.0	0.0	0.0	0.030303030303030304	0.0	0.0	0.0	0.0	0.0	0.0	0.015151515151515152	0.030303030303030304	6
Neisseria_weaveri	0	0	0	0	0	0	0	0	0	0	0	0	0	0	0	0	0	0	0	0	0.030303030303030304	0.0	0.0	0.030303030303030304	0.015151515151515152	0.0	0.0	0.0	0.0	0.030303030303030304	0.0	0.015151515151515152	0.030303030303030304	0.015151515151515152	0.015151515151515152	0.0	0.0	0.0	0.0	0.04545454545454545	6
Orthohepadnavirus	0	0	0	0	0	0	0	0	0	0	0	0	0	0	0	0	0	0	0	0	0	0	0	0	0	0	0	0	0	0	0	0	0	0	0	0	0	0	0	0	0
Orthopoxvirus	0	0	0	0	0	0	0	0	0	0	0	0	0	0	0	0	0	0	0	0	0	0	0	0	0	0	0	0	0	0	0	0	0	0	0	0	0	0	0	0	0
Paraavulavirus	0	0	0	0	0	0	0	0	0	0	0	0	0	0	0	0	0	0	0	0	0	0	0	0	0	0	0	0	0	0	0	0	0	0	0	0	0	0	0	0	0
Parvimonas_micra	0	0	0	0	0	0	0	0	0	0	0	0	0	0	0	0	0	0	0	0	0.0	0.0	0.0	0.0	0.0	0.0	0.0	0.0	0.0	0.0	0.0	0.0	0.0	0.0	0.0	0.0	0.0	0.0	0.0	0.0	1
Pasteurella_multocida	0	0	0	0	0	0	0	0	0	0	0	0	0	0	0	0	0	0	0	0	0.0	0.0	0.0	0.022727272727272728	0.0	0.0	0.0	0.0	0.0	0.0	0.045454545454545456	0.0	0.0	0.022727272727272728	0.022727272727272728	0.022727272727272728	0.0	0.0	0.0	0.0	4
Pasteurella_multocida_subsp._multocida	0	0	0	0	0	0	0	0	0	0	0	0	0	0	0	0	0	0	0	0	0.0	0.0	0.0	0.0	0.0	0.0	0.0	0.0	0.0	0.0	0.045454545454545456	0.045454545454545456	0.045454545454545456	0.0	0.045454545454545456	0.045454545454545456	0.0	0.045454545454545456	0.0	0.045454545454545456	2
Peptostreptococcus_anaerobius	0	0	0	0	0	0	0	0	0	0	0	0	0	0	0	0	0	0	0	0	0	0	0	0	0	0	0	0	0	0	0	0	0	0	0	0	0	0	0	0	0
Polyomaviridae	0	0	0	0	0	0	0	0	0	0	0	0	0	0	0	0	0	0	0	0	0	0	0	0	0	0	0	0	0	0	0	0	0	0	0	0	0	0	0	0	0
Porphyromonas_gingivalis	0.08	0	0	0	0	0	0	0	0	0	0.16666666666666666	0	0	0	0	0	0	0	0	0	0.030803906836964687	0.0	0.007513148009015778	0.015026296018031555	0.0015026296018031556	0.002253944402704733	0.0	0.007513148009015778	0.007513148009015778	0.0	0.021788129226145755	0.02404207362885049	0.0	7.513148009015778E-4	0.011269722013523666	0.015026296018031555	7.513148009015778E-4	0.0	0.025544703230653644	0.002253944402704733	121
Porphyromonas_gingivalis_A7A1-28	0	0	0	0	0	0	0	0	0	0	0.25	0	0	0	0	0	0	0	0	0	0.0	0.0	0.020202020202020204	0.0	0.020202020202020204	0.0	0.04040404040404041	0.0	0.0303030303030303	0.020202020202020204	0.010101010101010102	0.050505050505050504	0.0606060606060606	0.0	0.010101010101010102	0.010101010101010102	0.0	0.020202020202020204	0.0	0.0	9
Porphyromonas_gingivalis_AJW4	0	0	0	0	0	0	0	0	0	0	0	0	0	0	0	0	0	1.0	0	0	0.0	0.0	0.0	0.0	0.09090909090909091	0.0	0.0	0.0	0.0	0.0	0.0	0.0	0.09090909090909091	0.0	0.045454545454545456	0.0	0.0	0.045454545454545456	0.045454545454545456	0.0	2
Porphyromonas_gingivalis_ATCC_33277	0	0	0	0	0	0	0	0	0	0	0	0	0	0	0	0	0	0	0	0	0.0	0.0	0.0	0.0	0.0909090909090909	0.0909090909090909	0.0	0.0	0.0	0.0	0.0	0.0	0.0	0.0	0.0	0.0	0.0	0.0	0.0	0.0	3
Porphyromonas_gingivalis_W83	0	0	0	0	0	0	0	0	0	0	0	0	0	0	0	0	0	0	0	0	0.0	0.0	0.09090909090909091	0.0	0.0	0.0	0.0	0.0	0.0	0.0	0.0	0.0	0.0	0.0	0.045454545454545456	0.045454545454545456	0.0	0.045454545454545456	0.0	0.0	2
Rickettsia_africae	0	0	0	0	0	0	0	0	0	0	0	0	0	0	0	0	0	0	0	0	0	0	0	0	0	0	0	0	0	0	0	0	0	0	0	0	0	0	0	0	0
Rickettsia_akari	0	0	0	0	0	0	0	0	0	0	0	0	0	0	0	0	0	0	0	0	0	0	0	0	0	0	0	0	0	0	0	0	0	0	0	0	0	0	0	0	0
Rickettsia_conorii	0	0	0	0	0	0	0	0	0	0	0	0	0	0	0	0	0	0	0	0	0	0	0	0	0	0	0	0	0	0	0	0	0	0	0	0	0	0	0	0	0
Rickettsia_felis	0	0	0	0	0	0	0	0	0	0	0	0	0	0	0	0	0	0	0	0	0	0	0	0	0	0	0	0	0	0	0	0	0	0	0	0	0	0	0	0	0
Rickettsia_japonica	0	0	0	0	0	0	0	0	0	0	0	0	0	0	0	0	0	0	0	0	0	0	0	0	0	0	0	0	0	0	0	0	0	0	0	0	0	0	0	0	0
Rickettsia_prowazekii	0	0	0	0	0	0	0	0	0	0	0	0	0	0	0	0	0	0	0	0	0	0	0	0	0	0	0	0	0	0	0	0	0	0	0	0	0	0	0	0	0
Rickettsia_rickettsii	0	0	0	0	0	0	0	0	0	0	0	0	0	0	0	0	0	0	0	0	0	0	0	0	0	0	0	0	0	0	0	0	0	0	0	0	0	0	0	0	0
Rickettsia_sibirica	0	0	0	0	0	0	0	0	0	0	0	0	0	0	0	0	0	0	0	0	0	0	0	0	0	0	0	0	0	0	0	0	0	0	0	0	0	0	0	0	0
Rickettsia_typhi	0	0	0	0	0	0	0	0	0	0	0	0	0	0	0	0	0	0	0	0	0	0	0	0	0	0	0	0	0	0	0	0	0	0	0	0	0	0	0	0	0
Salmonella_enterica	0.011400651465798045	0	0.0014245014245014246	0	0	0	0.0012406947890818859	0	0	0	0.001095290251916758	0.001984126984126984	0	9.057971014492754E-4	0	0	0	0.0024630541871921183	0	0	0.009907963936889558	2.8174305033809165E-4	9.391435011269723E-5	1.8782870022539445E-4	0.01418106686701728	0.01422802404207363	0.004883546205860256	0.0	9.391435011269723E-5	1.8782870022539445E-4	0.004836589030803907	4.695717505634861E-5	1.8782870022539445E-4	1.8782870022539445E-4	1.4087152516904582E-4	1.8782870022539445E-4	0.01418106686701728	2.3478587528174305E-4	0.009673178061607814	0.009579263711495117	1936
Salmonella_enterica_subsp._VII	0	0	0	0	0	0	0	0	0	0	0	0	0	0	0	0	0	0	0	0	0.0	0.022727272727272728	0.045454545454545456	0.022727272727272728	0.0	0.045454545454545456	0.045454545454545456	0.0	0.0	0.022727272727272728	0.022727272727272728	0.0	0.0	0.0	0.0	0.0	0.022727272727272728	0.0	0.0	0.045454545454545456	4
Salmonella_enterica_subsp._diarizonae_serovar_48:i:z	0	0	0	0	0	0	0	0	0	0	0	0	0	0	0	0	0	0	0	0	0.045454545454545456	0.0	0.0	0.0	0.0	0.0	0.0	0.0	0.045454545454545456	0.0	0.0	0.0	0.0	0.045454545454545456	0.0	0.045454545454545456	0.0	0.0	0.045454545454545456	0.0	2
Salmonella_enterica_subsp._diarizonae_serovar_61:k:1,5,(7)	0	0	0	0	1.0	0	0	0	0	0	0	0.25	0	0	0	0	0	0	0	0	0.0	0.0	0.0	0.0	0.09090909090909091	0.0	0.0	0.0	0.0	0.0	0.0	0.022727272727272728	0.0	0.0	0.0	0.0	0.022727272727272728	0.045454545454545456	0.045454545454545456	0.0	4
Salmonella_enterica_subsp._enterica	0	0	0	0	0	0	0	0	0	0	0	0	0	0	0	0	0	0	0.06542056074766354	0	0.014517801590044937	0.0010369858278603526	0.0	0.002073971655720705	0.01244382993432423	0.0	0.0	0.002073971655720705	0.0	0.002073971655720705	0.0010369858278603526	0.00138264777048047	0.012098167991704113	0.0010369858278603526	3.456619426201175E-4	0.0024196335983408227	0.03767715174559281	0.0	0.014517801590044937	0.0	263
Salmonella_enterica_subsp._enterica_serovar_Choleraesuis	0	0	0	0	0	0	0	0	0	0	0	0	0	0	0	0	0	0	0	0	0.05454545454545454	0.0	0.01818181818181818	0.01818181818181818	0.0	0.0	0.0	0.0	0.0	0.0	0.01818181818181818	0.0	0.0	0.0	0.0	0.01818181818181818	0.0	0.0	0.05454545454545454	0.01818181818181818	5
Salmonella_enterica_subsp._enterica_serovar_Derby	0	0	0	0	0	0	0	0	0	0	0	0	0	0	0	0	0	0	0	0	0.0	0.0	0.0	0.0	0.0	0.0	0.0	0.0	0.01818181818181818	0.0	0.0	0.0	0.0	0.0	0.0	0.0	0.0	0.0	0.07272727272727272	0.07272727272727272	5
Salmonella_enterica_subsp._enterica_serovar_India_str._SA20085604	0	0	0	0	0	0.25	0	0	0	0	0	0	0	0	0	0	0	0	0	0	0.017045454545454544	0.028409090909090908	0.005681818181818182	0.022727272727272728	0.022727272727272728	0.011363636363636364	0.011363636363636364	0.022727272727272728	0.017045454545454544	0.017045454545454544	0.0	0.005681818181818182	0.028409090909090908	0.0	0.022727272727272728	0.0	0.0	0.011363636363636364	0.03409090909090909	0.017045454545454544	16
Salmonella_enterica_subsp._enterica_serovar_Macclesfield_str._S-1643	0	0	0	0	1.0	0	0	0	0	0	0	0	0	0	0	0	0	0	0	0	0.0	0.0	0.0	0.0	0.09090909090909091	0.0	0.0	0.0	0.0	0.0	0.0	0.0	0.0	0.09090909090909091	0.09090909090909091	0.0	0.0	0.09090909090909091	0.0	0.0	1
Salmonella_enterica_subsp._enterica_serovar_Montevideo_str._507440-20	0	0	0	0	0	0	0	0	0	0	0	0	0	1.0	0	0	0	0	0	0	0.0	0.09090909090909091	0.0	0.0	0.0	0.0	0.0	0.0	0.0	0.0	0.0	0.0	0.0	0.09090909090909091	0.0	0.0	0.0	0.0	0.0	0.0	1
Salmonella_enterica_subsp._enterica_serovar_Onderstepoort_str._SA20060086	0	0	0	0	0	0	0	0	0	0	0	0	0	0	0	0	0	0	0	0	0.0	0.0	0.0	0.0	0.09090909090909091	0.0	0.0	0.0	0.0	0.0	0.0	0.0	0.0	0.0	0.0	0.0	0.0	0.0	0.0	0.0	2
Salmonella_enterica_subsp._enterica_serovar_Ouakam	0	0	0	0	0	0	0	0	0	0	0	0	0	0	0	0	0	0	0	0	0.0	0.0	0.0	0.0	0.0	0.0	0.0	0.0	0.0	0.045454545454545456	0.0	0.0	0.0	0.045454545454545456	0.09090909090909091	0.045454545454545456	0.0	0.0	0.0	0.0	2
Salmonella_enterica_subsp._enterica_serovar_Sloterdijk_str._ATCC_15791	0	0	0	0	0	0	0	0	0	0	0	0	0	0	0	0	0	0	0	0	0.0	0.0	0.0	0.0	0.0	0.0	0.0	0.0	0.0	0.0	0.0	0.0	0.0	0.0	0.0	0.0	0.0	0.0	0.0	0.0	1
Salmonella_enterica_subsp._enterica_serovar_Typhi	0	0	0	0	0	0	0	0	0	0	0	0	0	0	0	0	0	0	0	0	0.0	0.0	0.0	0.09090909090909091	0.09090909090909091	0.0	0.09090909090909091	0.0	0.0	0.0	0.0	0.0	0.0	0.0	0.0	0.0	0.0	0.0	0.0	0.0	4
Salmonella_enterica_subsp._enterica_serovar_Typhimurium	0	0	0	0	0	0	0	0	0	0	0	0	0	0	0	0	0	0	0	0	0	0	0	0	0	0	0	0	0	0	0	0	0	0	0	0	0	0	0	0	0
Salmonella_enterica_subsp._houtenae_str._ATCC_BAA-1581	0	0	0	0	0	0	0	0	0	0	0	0	0	0	0	0	0	0	0	0	0.0	0.0	0.0	0.0	0.0	0.0	0.0	0.0	0.0	0.0	0.0	0.0	0.0	0.0	0.0	0.0	0.0	0.0	0.06060606060606061	0.0	3
Salmonella_enterica_subsp._salamae_serovar_55:k:z39_str._1315K	0	0	0	0	0	0	0	0	0	0	0	0	0	0	0	0	0	0	0	0	0.0	0.0	0.09090909090909091	0.09090909090909091	0.0	0.0	0.09090909090909091	0.0	0.0	0.09090909090909091	0.09090909090909091	0.0	0.0	0.0	0.09090909090909091	0.0	0.0	0.0	0.0	0.0	1
Sheeppox_virus	0	0	0	0	0	0	0	0	0	0	0	0	0	0	0	0	0	0	0	0	0	0	0	0	0	0	0	0	0	0	0	0	0	0	0	0	0	0	0	0	0
Shigella_boydii	0	0	0	0	0	0	0	0	0	0	0	0	0	0	0	0	0	0	0	0	0	0	0	0	0	0	0	0	0	0	0	0	0	0	0	0	0	0	0	0	0
Shigella_dysenteriae	0	0	0	0	0	0	0	0	0	0	0	0	0	0	0	0	0	0	0	0	0	0	0	0	0	0	0	0	0	0	0	0	0	0	0	0	0	0	0	0	0
Shigella_flexneri	0	0	0	0	0	0	0	0	0	0	0	0	0	0	0	0	0	0	0	0	0	0	0	0	0	0	0	0	0	0	0	0	0	0	0	0	0	0	0	0	0
Shigella_flexneri_3a	0	0	0	0	0	0	0	0	0	0	0	0	0	0	0	0	0	0	0	0	0.0	0.0	0.09090909090909091	0.09090909090909091	0.0	0.0	0.0	0.0	0.0	0.0	0.0	0.0	0.0	0.09090909090909091	0.0	0.0	0.0	0.0	0.0	0.0	1
Shigella_sonnei	0	0	0	0	0	0	0	0	0	0	0	0	0	0	0	0	0	0	0	0	0	0	0	0	0	0	0	0	0	0	0	0	0	0	0	0	0	0	0	0	0
Simian_virus_12	0	0	0	0	0	0	0	0	0	0	0	0	0	0	0	0	0	0	0	0	0	0	0	0	0	0	0	0	0	0	0	0	0	0	0	0	0	0	0	0	0
Staphylococcus_aureus	0	0	0	0	0	0	0	0	0	0	0	0	0	0	0	0	0	0	0	0	0.0	0.0	0.0	0.015151515151515152	0.0	0.0	0.04545454545454545	0.0	0.030303030303030304	0.0	0.0	0.0	0.0	0.0	0.0	0.0	0.0	0.0	0.0	0.030303030303030304	6
Staphylococcus_aureus_subsp._aureus_NCTC_8325	0	0	0	0	0	0	0	0	0	0	0	0	0	0	0	0	0	0	0	0	0.0	0.0	0.0	0.0	0.0	0.0	0.0	0.0	0.0	0.0	0.0	0.09	0.09	0.0	0.0	0.0	0.0	0.0	0.09	0.0	100
Staphylococcus_cohnii	0	0	0	0	0	0	0	0	0	0	0	0	0	0	0	0	0	0	0	0	0.0	0.0	0.0	0.0	0.0	0.0	0.0	0.0	0.0	0.0	0.0	0.0	0.0	0.0	0.0	0.0	0.0	0.0	0.0	0.0	1
Staphylococcus_epidermidis	0	0	0	0	0	0	0	0	0	0	0	0	0	0	0	0	0	0	0	0	0	0	0	0	0	0	0	0	0	0	0	0	0	0	0	0	0	0	0	0	0
Staphylococcus_epidermidis_ATCC_12228	0	0	0	0	0	0	0	0	0	0	0	0	0	0	0	0	0	0	0	0	0.0	0.0	0.0	0.0	0.0	0.0	0.0	0.0	0.0	0.0	0.0	0.0	0.0	0.0	0.0	0.0	0.0	0.0	0.0	0.0	1
Staphylococcus_equorum	0	0	0	0	0	0	0	0	0	0	0	0	0	0	0	0	0	0	0	0	0.0	0.0	0.0	0.0	0.0	0.0	0.0	0.0	0.0	0.0	0.0	0.0	0.0	0.0	0.0	0.0	0.0	0.0	0.0	0.0	10
Staphylococcus_hominis	0	0	0	0	0	0	0	0	0	0	0	0	0	0	0	0	0	0	0	0	0	0	0	0	0	0	0	0	0	0	0	0	0	0	0	0	0	0	0	0	0
Staphylococcus_nepalensis	0	0	0	0	0	0	0	0	0	0	0	0	0	0	0	0	0	0	0	0	0	0	0	0	0	0	0	0	0	0	0	0	0	0	0	0	0	0	0	0	0
Staphylococcus_saprophyticus	0	0	0	0	0	0	0	0	0	0	0	0	0	0	0	0	0	0	0	0	0	0	0	0	0	0	0	0	0	0	0	0	0	0	0	0	0	0	0	0	0
Staphylococcus_simulans	0	0	0	0	0	0	0	0	0	0	0	0	0	0	0	0	0	0	0	0	0.015151515151515152	0.0	0.06060606060606061	0.0	0.0	0.0	0.0	0.0	0.0	0.0	0.0	0.0	0.0	0.0	0.0	0.0	0.05303030303030303	0.030303030303030304	0.0	0.0	12
Staphylococcus_succinus	0	0	0	0	0	0	0	0	0	0	0	0	0	0	0	0	0	0	0	0	0	0	0	0	0	0	0	0	0	0	0	0	0	0	0	0	0	0	0	0	0
Streptococcus_agalactiae	0	0	0	0	0	0	0	0	0	0	0	0	0	0	0	0	0	0	0	0	0	0	0	0	0	0	0	0	0	0	0	0	0	0	0	0	0	0	0	0	0
Streptococcus_anginosus	0	0	0	0	0	0	0	0	0	0	0	0	0	0	0	0	0	0	0	0	0	0	0	0	0	0	0	0	0	0	0	0	0	0	0	0	0	0	0	0	0
Streptococcus_anginosus_C1051	0	0	0	0	0	0	0	0	0	0	0	0	0	0	0	0	0	0	0	0	0.0	0.0	0.0	0.0	0.0	0.0	0.0	0.0	0.0	0.0	0.0	0.0	0.0	0.0	0.0	0.0	0.0	0.09090909090909091	0.0	0.0	1
Streptococcus_canis	0	0	0	0	0	0	0	0	0	0	0	0	0	0	0	0	0	0	0	0	0	0	0	0	0	0	0	0	0	0	0	0	0	0	0	0	0	0	0	0	0
Streptococcus_cristatus	0	0	0	0	0	0	0	0	0	0	0	0	0	0	0	0	0	0	0	0	0	0	0	0	0	0	0	0	0	0	0	0	0	0	0	0	0	0	0	0	0
Streptococcus_cristatus_AS_1.3089	0	0	0	0	0	0	0	0	0	0	0	0	0	0	0	0	0	0	0	0	0.09090909090909091	0.0	0.0	0.0	0.0	0.0	0.0	0.0	0.09090909090909091	0.0	0.0	0.0	0.0	0.0	0.0	0.0	0.0	0.0	0.0	0.0	1
Streptococcus_cristatus_ATCC_51100	0	0	0	0	0	0	0	0	0	0	0	0	0	0	0	0	0	0	0	0	0.0	0.0	0.09090909090909091	0.0	0.0	0.0	0.0	0.0	0.09090909090909091	0.0	0.0	0.0	0.0	0.0	0.0	0.0	0.0	0.0	0.0	0.0	4
Streptococcus_dysgalactiae	0	0	0	0	0	0	0	0	0	0	0	0	0	0	0	0	0	0	0	0	0	0	0	0	0	0	0	0	0	0	0	0	0	0	0	0	0	0	0	0	0
Streptococcus_equi	0	0	0	0	0	0	0	0	0	0	0	0	0	0	0	0	0	0	0	0	0	0	0	0	0	0	0	0	0	0	0	0	0	0	0	0	0	0	0	0	0
Streptococcus_equi_subsp._zooepidemicus_CY	0	0	0	0	0	0	0	0	0	0	0	0	0	0	0	0	0	0	0	0	0.0	0.0	0.0	0.0	0.0	0.0	0.09090909090909091	0.0	0.0	0.05454545454545454	0.0	0.0	0.0	0.03636363636363636	0.03636363636363636	0.0	0.0	0.03636363636363636	0.0	0.0	5
Streptococcus_equi_subsp._zooepidemicus_MGCS10565	0	0	0	0	0	0	0	0	0	0	0	0	0	0	0	0	0	0	0	0	0.0	0.0	0.0	0.0	0.0	0.0	0.09090909090909091	0.0	0.0	0.09090909090909091	0.0	0.0	0.045454545454545456	0.0	0.0	0.0	0.0	0.0	0.0	0.0	2
Streptococcus_gallolyticus	0	0	0	0	0	0	0	0	0	0	0	0	0	0	0	0	0	0	0	0	0	0	0	0	0	0	0	0	0	0	0	0	0	0	0	0	0	0	0	0	0
Streptococcus_gordonii	0	0	0	0	0	0	0	0	0	0	0	0	0	0	0	0	0	0	0	0	0.0	0.028708133971291863	0.0430622009569378	0.014354066985645932	0.03827751196172249	0.009569377990430622	0.014354066985645932	0.019138755980861243	0.0	0.0430622009569378	0.023923444976076555	0.014354066985645932	0.009569377990430622	0.014354066985645932	0.004784688995215311	0.0	0.028708133971291863	0.0	0.03349282296650718	0.028708133971291863	19
Streptococcus_gordonii_str._Challis_substr._CH1	0	0	0	0	0	0	0	0	0	0	0	0	0	0	0	0	0	0	0	0	0	0	0	0	0	0	0	0	0	0	0	0	0	0	0	0	0	0	0	0	0
Streptococcus_intermedius	0	0	0	0	0	0	0	0	0	0	0	0	0	0	0	0	0	0	0	0	0	0	0	0	0	0	0	0	0	0	0	0	0	0	0	0	0	0	0	0	0
Streptococcus_lutetiensis	0	0	0	0	0	0	0	0	0	0	0	0	0	0	0	0	0	0	0	0	0	0	0	0	0	0	0	0	0	0	0	0	0	0	0	0	0	0	0	0	0
Streptococcus_milleri	0	0	0	0	0	0	0	0	0	0	0	0	0	0	0	0	0	0	0	0	0	0	0	0	0	0	0	0	0	0	0	0	0	0	0	0	0	0	0	0	0
Streptococcus_mitis	0	0	0	0	0	0	0	0	0	0	0	0	0	0	0	0	0	0	0	1.0	0.0	0.0	0.0	0.045454545454545456	0.0	0.045454545454545456	0.045454545454545456	0.0	0.0	0.045454545454545456	0.0	0.0	0.0	0.0	0.022727272727272728	0.022727272727272728	0.0	0.0	0.0	0.022727272727272728	4
Streptococcus_mutans	0	0	0	0	0	0	0	0	0	0	0	0	0	0	0	0	0	0	0	0	0	0	0	0	0	0	0	0	0	0	0	0	0	0	0	0	0	0	0	0	0
Streptococcus_oralis	0	0	0	0	0	0	0	0	0	0	0	0	0	0	0	0	0	0	0	0	0	0	0	0	0	0	0	0	0	0	0	0	0	0	0	0	0	0	0	0	0
Streptococcus_parauberis	0	0	0	0	0	0	0	0	0	0	0	0	0	0	0	0	0	0	0	0	0	0	0	0	0	0	0	0	0	0	0	0	0	0	0	0	0	0	0	0	0
Streptococcus_pneumoniae	0	0	0	0	0	0	0	0	0	0	0	0	0	0	0	0	0	0	0	0	0.0	0.0	0.0	0.0	0.0	0.0	0.0	0.0	0.0	0.0	0.0	0.0	0.0	0.0	0.0	0.0	0.0	0.0	0.0	0.0	1
Streptococcus_pneumoniae_SPN032672	0	0	0	0	0	0	0	0	0	0	0	0	0	0	0	0	0	0	0	0	0.0	0.0	0.09090909090909091	0.0	0.0	0.0	0.0	0.0	0.0	0.0	0.0	0.00909090909090909	0.0	0.0	0.0	0.0	0.00909090909090909	0.00909090909090909	0.0	0.0	10
Streptococcus_pyogenes	0	0	0	0	0	0	0	0	0	0	0	0	0	0	0	0	0	0	0	0	0	0	0	0	0	0	0	0	0	0	0	0	0	0	0	0	0	0	0	0	0
Streptococcus_salivarius	0	0	0	0	0	0	0	0	0	0	0	0	0	0	0	0	0	0	0	0	0	0	0	0	0	0	0	0	0	0	0	0	0	0	0	0	0	0	0	0	0
Streptococcus_sanguinis	0	0	0	0	0	0	0	0	0	0	0	0	0	0	0	0	0	0	0	0	0.0	0.0	0.09090909090909091	0.0	0.0	0.09090909090909091	0.09090909090909091	0.0	0.0	0.09090909090909091	0.0	0.0	0.0	0.0	0.0	0.0	0.0	0.0	0.0	0.0	1
Streptococcus_sp._HSISM1	0	0	0	0	0	0	0	0	0	0	0	0	0	0	0	0	0	0	0	0	0	0	0	0	0	0	0	0	0	0	0	0	0	0	0	0	0	0	0	0	0
Streptococcus_suis	0	0	0	0	0	0	0	0	0	0	0	0	0	0	0	0	0	0	0	0	0.0	0.09090909090909091	0.0	0.0	0.0	0.0	0.09090909090909091	0.0	0.0	0.0	0.09090909090909091	0.0	0.0	0.0	0.0	0.09090909090909091	0.0	0.0	0.0	0.0	1
Streptococcus_thermophilus	0	0	0	0	0	0	0	0	0	0	0	0	0	0	0	0	0	0	0	0	0	0	0	0	0	0	0	0	0	0	0	0	0	0	0	0	0	0	0	0	0
Tannerella_forsythia	0	0.25	0	0	0	0	0	0.3333333333333333	0	0.3333333333333333	0	0	0	0	0	0	0	0.15384615384615385	0	0	0.01652892561983471	0.005509641873278237	0.01652892561983471	0.011019283746556474	0.03305785123966942	0.01652892561983471	0.0	0.01652892561983471	0.0	0.046831955922865015	0.008264462809917356	0.0	0.0	0.008264462809917356	0.0	0.01652892561983471	0.02203856749311295	0.02203856749311295	0.011019283746556474	0.005509641873278237	33
Tannerella_forsythia_92A2	0	0	0	0	0	0	0	0	0	0	0	0	0	0.4	0	0	0	0	0	0	0.01652892561983471	0.024793388429752063	0.024793388429752063	0.008264462809917356	0.0	0.008264462809917356	0.0	0.0	0.0	0.008264462809917356	0.024793388429752063	0.0	0.0	0.01652892561983471	0.01652892561983471	0.008264462809917356	0.01652892561983471	0.01652892561983471	0.008264462809917356	0.04132231404958678	11
Treponema	0	0	0	0	0	0	0	0	0	0	0	0	0	0	0	0	0.16666666666666666	0	0	0	0.006611570247933884	0.004958677685950413	0.003305785123966942	0.004958677685950413	0.004958677685950413	0.0396694214876033	0.003305785123966942	0.004958677685950413	0.0	0.003305785123966942	0.001652892561983471	0.001652892561983471	0.0	0.003305785123966942	0.004958677685950413	0.0	0.008264462809917356	0.023140495867768594	0.006611570247933884	0.03636363636363636	55
Treponema_azotonutricium_ZAS-9	0	0	0	0	0	0	0	0	0	0	0	0	0	0	0	0	0.18181818181818182	0	0	0	0.011363636363636362	0.011363636363636362	0.0	0.011363636363636362	0.003787878787878788	0.022727272727272724	0.003787878787878788	0.003787878787878788	0.0	0.011363636363636362	0.0	0.003787878787878788	0.011363636363636362	0.007575757575757576	0.011363636363636362	0.011363636363636362	0.011363636363636362	0.011363636363636362	0.007575757575757576	0.034090909090909095	24
Treponema_brennaborense_DSM_12168	0	0	0	0	0	0	0	0	0	0	0	0	0.5	0	0	0	0	0	0	0	0.025974025974025976	0.0	0.0	0.01948051948051948	0.0	0.0	0.006493506493506494	0.006493506493506494	0.006493506493506494	0.0	0.012987012987012988	0.0	0.006493506493506494	0.0	0.0	0.006493506493506494	0.0	0.01948051948051948	0.01948051948051948	0.006493506493506494	14
Treponema_caldarium_DSM_7334	0	0	0	0	0	0	0	0	0	0	0	0	0	0	0	0	0	0	0	0	0.0	0.03636363636363636	0.03636363636363636	0.01818181818181818	0.01818181818181818	0.0	0.0	0.03636363636363636	0.0	0.0	0.0	0.01818181818181818	0.0	0.0	0.03636363636363636	0.0	0.0	0.0	0.0	0.0	5
Treponema_denticola	0	0	0	0	0	0	0	0	0	0	0	0	0	0	0	0	0	0	0	0	0	0	0	0	0	0	0	0	0	0	0	0	0	0	0	0	0	0	0	0	0
Treponema_denticola_ATCC_35404	0	0	0	0	0	0	0	0	0	0	0	0	0	0	0	0	0	0	0	0	0.0	0.0	0.09090909090909091	0.0	0.0	0.0	0.0	0.0	0.0	0.0	0.0	0.0	0.0	0.0	0.0	0.0	0.0	0.0	0.0	0.0	1
Treponema_denticola_ATCC_35405	0	0	0	0	0	0	0	0	0	0	0	0	0	0	0	0	0	0	0	0	0	0	0	0	0	0	0	0	0	0	0	0	0	0	0	0	0	0	0	0	0
Treponema_denticola_H-22	0	0	0	0	0	0	0	0	0	0	0	0	0	0	0	0	0	0	0	0	0.0	0.0	0.0	0.0	0.0	0.0	0.0	0.0	0.0	0.0	0.0	0.09090909090909091	0.0	0.0	0.0	0.0	0.0	0.0	0.0	0.0	1
Treponema_denticola_H1-T	0	0	0	0	0	0	0	0	0	0	0	0	0	0	0	0	0	0	0	0	0.0	0.045454545454545456	0.0	0.0	0.0	0.0	0.045454545454545456	0.0	0.0	0.0	0.0	0.0	0.0	0.0	0.0	0.0	0.0	0.0	0.0	0.0	2
Treponema_pallidum	0	0	0	0	0	0	0	0	0	0	0	0	0	0	0	0	0	0	0	0	0	0	0	0	0	0	0	0	0	0	0	0	0	0	0	0	0	0	0	0	0
Treponema_pallidum_subsp._pallidum	0	0	0	0	0	0	0	0	0	0	0	0	0	0	0	0	0	0	0	0	0.0	0.0	0.0	0.0	0.09090909090909091	0.0	0.0	0.09090909090909091	0.0	0.0	0.0	0.0	0.0	0.0	0.0	0.0	0.0	0.0	0.0	0.0	2
Treponema_pallidum_subsp._pertenue	0	0	0	0	0	0	0	0	0	0	0	0	0	0	0	0	0	0	0	0	0	0	0	0	0	0	0	0	0	0	0	0	0	0	0	0	0	0	0	0	0
Treponema_paraluiscuniculi_Cuniculi_A	0	0	0	0	0	0	0	0	0	0	0	0	0	0	0	0	0	0	0	0	0.0	0.0	0.0	0.0	0.0	0.0	0.0	0.09090909090909091	0.0	0.0	0.045454545454545456	0.0	0.0	0.045454545454545456	0.0	0.0	0.0	0.0	0.0	0.0	2
Treponema_parvum	0	0	0	0	0	0	0	0	0	0	0	0	0	0	0	0	0	0	0	0	0.0	0.0	0.0	0.0	0.0	0.0	0.0	0.0	0.0	0.0	0.0	0.0	0.0	0.0	0.045454545454545456	0.0	0.045454545454545456	0.0	0.0	0.045454545454545456	2
Treponema_pedis	0	0	0	0	0.5	0	0	0	0	0	0	0	0	0	0	0	0	0	0	0	0.0	0.04040404040404041	0.0303030303030303	0.04040404040404041	0.020202020202020204	0.010101010101010102	0.0	0.0	0.010101010101010102	0.010101010101010102	0.020202020202020204	0.0	0.020202020202020204	0.0	0.020202020202020204	0.0	0.04040404040404041	0.0	0.0303030303030303	0.0	9
Treponema_phagedenis	0	0	0	0	0	0	0	0	0	0	0	0	0	0	0	0	0	0	0	0	0.0	0.0	0.0	0.0	0.0	0.0	0.01818181818181818	0.01818181818181818	0.0	0.03636363636363636	0.0	0.0	0.07272727272727272	0.0	0.0	0.0	0.0	0.0	0.03636363636363636	0.0	5
Treponema_primitia_ZAS-2	0	0	0	0	0	0	0	0	0	0	0	0	0.14285714285714285	0	0	0	0	0	0	0.4	0.017045454545454544	0.022727272727272728	0.0	0.005681818181818182	0.0	0.022727272727272728	0.017045454545454544	0.011363636363636364	0.0	0.017045454545454544	0.017045454545454544	0.005681818181818182	0.011363636363636364	0.017045454545454544	0.0	0.005681818181818182	0.005681818181818182	0.017045454545454544	0.005681818181818182	0.011363636363636364	16
Treponema_ruminis	1.0	0	0	0	0	0	0	0	0	0	0	0	0	0	0	0	0	0	0	0	0.09090909090909091	0.09090909090909091	0.0	0.0	0.0	0.0	0.0	0.0	0.0	0.0	0.0	0.0	0.0	0.0	0.0	0.0	0.0	0.0	0.0	0.0	1
Treponema_socranskii_subsp._buccale	0.5	0	0.5	0	0	0	0	0	0	0	0	0	0	0	0	0	0	0	0	0	0.022727272727272728	0.0	0.06818181818181818	0.06818181818181818	0.0	0.022727272727272728	0.022727272727272728	0.0	0.0	0.0	0.0	0.0	0.0	0.0	0.0	0.0	0.0	0.0	0.022727272727272728	0.0	4
Treponema_succinifaciens_DSM_2489	0	0	0.14285714285714285	0.16666666666666666	0.1	0.25	0	0.09090909090909091	0	0	0	0	0	0	0	0	0.2	0	0	0	0.006734006734006735	0.0101010101010101	0.016835016835016835	0.01346801346801347	0.01346801346801347	0.01346801346801347	0.006734006734006735	0.0101010101010101	0.0033670033670033673	0.006734006734006735	0.0033670033670033673	0.006734006734006735	0.0033670033670033673	0.006734006734006735	0.0033670033670033673	0.0033670033670033673	0.006734006734006735	0.02356902356902357	0.0033670033670033673	0.01346801346801347	27
Treponema_vincentii	0	0	0	0.3333333333333333	0	0	0	0.2	0	0	0	0.125	0.25	0	0	0	0	0	0	0	0.022727272727272728	0.022727272727272728	0.0	0.011363636363636364	0.005681818181818182	0.011363636363636364	0.011363636363636364	0.028409090909090908	0.022727272727272728	0.005681818181818182	0.0	0.017045454545454544	0.005681818181818182	0.005681818181818182	0.0	0.005681818181818182	0.005681818181818182	0.0	0.005681818181818182	0.022727272727272728	16
Veillonella_parvula	0	0	0	0	0	0	0	0	0	0	0.3333333333333333	0	0	0	0	0	0	0	0	0	0.0	0.0	0.0	0.0	0.0	0.0	0.0	0.05194805194805195	0.0	0.03896103896103896	0.025974025974025976	0.0	0.0	0.025974025974025976	0.0	0.012987012987012988	0.0	0.012987012987012988	0.05194805194805195	0.0	7
Vesicular_stomatitis_Indiana_virus	0	0	0	0	0	0	0	0	0	0	0	0	0	0	0	0	0	0	0	0	0	0	0	0	0	0	0	0	0	0	0	0	0	0	0	0	0	0	0	0	0
Vibrio_anguillarum	1.0	0	0	0	0	0	0	0	0	0	0	0	0	0	0	0	0	0	0	0	0.03636363636363636	0.0	0.01818181818181818	0.03636363636363636	0.0	0.03636363636363636	0.05454545454545454	0.0	0.0	0.0	0.0	0.0	0.01818181818181818	0.0	0.0	0.03636363636363636	0.0	0.0	0.01818181818181818	0.0	5
Vibrio_anguillarum_775	0	0	0	0	0	0	0	0	0	0	0	0	0	0	0	0	0	0	0	0	0.02946127946127946	0.045454545454545456	0.0	0.0	0.02946127946127946	0.0	0.0	0.0	0.01346801346801347	0.0	0.031144781144781145	0.02946127946127946	8.417508417508418E-4	0.031144781144781145	0.0	0.0	0.031144781144781145	0.015993265993265993	0.01346801346801347	0.04713804713804714	108
Vibrio_cholerae	0	0	0	0	0	0	0	0	0	0	0	0	0	0	0	0	0	0	0	0	0.0027548209366391185	0.005509641873278237	0.005509641873278237	0.0027548209366391185	0.005509641873278237	0.005509641873278237	0.008264462809917356	0.005509641873278237	0.008264462809917356	0.0027548209366391185	0.0	0.03305785123966942	0.008264462809917356	0.0	0.005509641873278237	0.027548209366391185	0.008264462809917356	0.011019283746556474	0.0027548209366391185	0.008264462809917356	33
Vibrio_cholerae_O1_biovar_El_Tor	0.5263157894736842	0	0	0	0	0	0	0	0	0	0	0	0	0	0	0	0	0	0	0	0.041396103896103896	0.008928571428571428	0.008928571428571428	0.025162337662337664	0.0	0.008928571428571428	0.0	0.005681818181818182	0.0	0.016233766233766232	0.00974025974025974	0.013798701298701298	0.026785714285714284	0.008928571428571428	0.0	0.04220779220779221	0.0	0.013798701298701298	0.008116883116883116	0.008928571428571428	112
Vibrio_furnissii	0	0	0	0	0	0	0	0	0	0	0	0	0	0	0	0	0	0	0	0	0.0	0.020979020979020976	0.006993006993006993	0.006993006993006993	0.0	0.0	0.013986013986013986	0.0	0.006993006993006993	0.006993006993006993	0.006993006993006993	0.006993006993006993	0.0	0.020979020979020976	0.013986013986013986	0.006993006993006993	0.0	0.013986013986013986	0.013986013986013986	0.020979020979020976	13
Vibrio_furnissii_NCTC_11218	0	0	0	0	1.0	0	0	0	0	0	0	0	0	0	0	0	0	0	0	0	0.0	0.0	0.0	0.0	0.07272727272727272	0.0	0.07272727272727272	0.01818181818181818	0.0	0.0	0.0	0.0	0.05454545454545454	0.0	0.0	0.0	0.0	0.0	0.0	0.0	5
Vibrio_parahaemolyticus	0	0	0	0	0	0.5	0	0.006802721088435374	0.5	0.9125	0	0.5	0	0	0	0.96	0	0	0	0	0.034780522907171985	0.034780522907171985	0.0021587910769968817	0.017270328615975054	2.3986567522187575E-4	0.001918925401775006	0.017270328615975054	2.3986567522187575E-4	0.002638522427440633	0.017750059966418805	0.0	0.01751019429119693	0.01751019429119693	2.3986567522187575E-4	0.017750059966418805	0.017270328615975054	0.017270328615975054	7.195970256656272E-4	7.195970256656272E-4	0.018709522667306307	379
Vibrio_parahaemolyticus_O1:Kuk_str._FDA_R31	0	0	0	0	0	0	0	0	0	0	0	0	0	0	0	0	0	0	0	0	0.0	0.09090909090909091	0.09090909090909091	0.0	0.09090909090909091	0.0	0.0	0.0	0.0	0.0	0.0	0.0	0.0	0.0	0.0	0.0	0.0	0.08181818181818182	0.0	0.0	10
Vibrio_parahaemolyticus_UCM-V493	0	0	0	0	0	0	0	0	0	0	0	0	0	0	0	0	0	0	0	0	0.0	0.0	0.0	0.0	0.0	0.0	0.0	0.0	0.0	0.0	0.0	0.0	0.0905103668261563	0.0	0.0	0.0905103668261563	0.0905103668261563	0.0	0.0905103668261563	0.0	228
Vibrio_splendidus	0	0	0	0	0	0	0	0	0	0	0	0	0	0	0	0	0	0	0	0	0.0	0.0	0.0	0.0	0.0	0.0	0.0	0.09090909090909091	0.0	0.0	0.0	0.0	0.0	0.0	0.0	0.0	0.0	0.0	0.0	0.0	1
Vibrio_vulnificus	0	0	0	0	0	0	0	0	0	0	0	0	0	0	0	0	0	0	0.2	0	0.021390374331550804	0.0	0.0	0.005347593582887701	0.0	0.0	0.005347593582887701	0.0	0.0	0.005347593582887701	0.0160427807486631	0.0	0.0	0.005347593582887701	0.021390374331550804	0.005347593582887701	0.010695187165775402	0.010695187165775402	0.021390374331550804	0.005347593582887701	17
Vibrio_vulnificus_CMCP6	0	0	0	0	0	0	0	0	0	0	0	0	0	0	0	0	0	0	0	0	0.0	0.0	0.0	0.0	0.0	0.0	0.0	0.0	0.0	0.0	0.0	0.08264462809917356	0.008264462809917356	0.0	0.0	0.0	0.0	0.0	0.0	0.0	11
Vibrio_vulnificus_VVyb1(BT3)	0	0	0	0	0	0	0	0	0	0	0	0	0	0	0	0	0	0	0	0	0.0	0.0	0.0	0.0	0.0	0.0	0.0	0.0	0.09090909090909091	0.0	0.0	0.0	0.0	0.0	0.0	0.0	0.0	0.0	0.0	0.0	2
Yersinia_aldovae	0	0	0	0	0	0	0	0	0	0	0	0	0	0	0	0	0	0	0	0	0	0	0	0	0	0	0	0	0	0	0	0	0	0	0	0	0	0	0	0	0
Yersinia_aldovae_670-83	0	0	0	0	0	0	0	0	0	0	0	0	0	0	0	1.0	0	0	0	0	0.0	0.0	0.0	0.0	0.0	0.0	0.0	0.0	0.0	0.0	0.0	0.0	0.030303030303030304	0.06060606060606061	0.030303030303030304	0.030303030303030304	0.030303030303030304	0.0	0.0	0.030303030303030304	3
Yersinia_aleksiciae	1.0	0	0	0	0	0	0	0	0	0	0	0	0	0	0	0	0	0	0	0	0.030303030303030304	0.0	0.0	0.0	0.0	0.0	0.030303030303030304	0.0	0.0	0.0	0.0	0.0	0.030303030303030304	0.030303030303030304	0.030303030303030304	0.030303030303030304	0.030303030303030304	0.0	0.0	0.030303030303030304	3
Yersinia_enterocolitica	0	0	0	0	0	0	0	0	0	0	0	0	0	0	0	0	0	0	0	0	0.0	0.0	0.0	0.008658008658008658	0.0	0.0	0.0	0.0	0.0	0.0	0.008658008658008658	0.008658008658008658	0.0	0.0	0.008658008658008658	0.008658008658008658	0.008658008658008658	0.004329004329004329	0.0	0.0	21
Yersinia_enterocolitica_(type_O:5)_str._YE53/03	0	0	0	0	0	0	0	0	0	0	0	0	0	0	0	0	0	0	0	0	0.0	0.04545454545454545	0.0	0.0	0.04545454545454545	0.0	0.0	0.04545454545454545	0.04545454545454545	0.04545454545454545	0.0	0.0	0.0	0.0	0.0	0.0	0.0	0.015151515151515152	0.0	0.0	6
Yersinia_enterocolitica_subsp._palearctica	0	0	0	0	0	0	0	0	0	0	0	0	0	0	0	0	0	0	0	0	0.0	0.0	0.0	0.0	0.0	0.0	0.09090909090909091	0.0	0.0	0.0	0.09090909090909091	0.0	0.0	0.0	0.0	0.09090909090909091	0.0	0.0	0.0	0.0	1
Yersinia_intermedia	0	0	0	0	0	0	0	0	0	0	0	0	0	0	0	0	0	0	0	0	0.0	0.0	0.0	0.0	0.0	0.0	0.0	0.09090909090909091	0.0	0.0	0.0	0.0	0.0	0.0	0.0	0.0	0.0	0.09090909090909091	0.09090909090909091	0.0	1
Yersinia_pestis	0	0	0.2222222222222222	0	1.0	0.3142857142857143	0	0	0.2727272727272727	0	0	0	0	0	0	0	0	0	0	0	0.022727272727272728	0.03787878787878788	0.015151515151515152	0.017676767676767676	0.012626262626262626	0.02441077441077441	0.01936026936026936	0.015151515151515152	0.025252525252525252	0.015151515151515152	0.022727272727272728	0.0	0.0101010101010101	0.015151515151515152	8.417508417508418E-4	8.417508417508418E-4	0.018518518518518517	0.011784511784511785	0.032828282828282825	0.015993265993265993	108
Yersinia_pestis_1412	0	0	0	0	0	0	0	0	0	0	0	0	0	0	0	0	0	0	0	0	0.0	0.0	0.0	0.0	0.0	0.0	0.0	0.0	0.0	0.0	0.0	0.0	0.0	0.0	0.0	0.0	0.0	0.0	0.0	0.0	2
Yersinia_pestis_3067	0	0	0	0	0	0	0	0	0	0	1.0	0	0	0	0	0	0	0	0	0	0.0	0.0	0.0	0.0	0.0	0.0	0.0	0.0	0.09090909090909091	0.0	0.06818181818181818	0.0	0.0	0.0	0.0	0.0	0.0	0.0	0.0	0.06818181818181818	4
Yersinia_pestis_CO92	0	0	0	0	0	0	0	0	0	0	0	0	0	0	0	0	0	0	0	0	0	0	0	0	0	0	0	0	0	0	0	0	0	0	0	0	0	0	0	0	0
Yersinia_pestis_EV_NIIEG	0	0	0	0	0	0	0	0	0	0	0	0	0	0	0	0	1.0	0	0	0	0.0	0.0	0.0	0.0	0.0	0.0	0.0	0.0	0.0	0.0	0.0	0.0	0.0	0.0	0.0	0.0	0.022727272727272728	0.0	0.0	0.0	4
Yersinia_pseudotuberculosis	0	0	0	0	0	0	0	0	0	0	0	0	0	0	0	0	0	0	0	0	0.0	0.0	0.09090909090909091	0.0	0.0	0.045454545454545456	0.0	0.045454545454545456	0.0	0.0	0.0	0.0	0.0	0.0	0.0	0.045454545454545456	0.0	0.045454545454545456	0.0	0.0	2
Yersinia_pseudotuberculosis_complex	0	0	0	0	0	0	0	0	0	0	0	0	0	0	0	0	0	0	0	0	0.0	0.0	0.0	0.0	0.0	0.0	0.03896103896103896	0.0	0.017316017316017316	0.0	0.0	0.004329004329004329	0.0	0.017316017316017316	0.012987012987012986	0.017316017316017316	0.0	0.012987012987012986	0.0	0.008658008658008658	21
Yersinia_rohdei	0	0	0	0	0	0	0	0	0	0	0	0	0	0	0	0	0	0	0	0	0	0	0	0	0	0	0	0	0	0	0	0	0	0	0	0	0	0	0	0	0
Yersinia_ruckeri	0	0	0	0	0	0	0	0	0	0	0	0	0	0	0	0	0	0	0	0	0.0	0.022727272727272728	0.0	0.0	0.0	0.0	0.06818181818181818	0.0	0.0	0.0	0.045454545454545456	0.0	0.0	0.0	0.0	0.0	0.0	0.0	0.022727272727272728	0.045454545454545456	4
