Node	C>T_1	C>T_2	C>T_3	C>T_4	C>T_5	C>T_6	C>T_7	C>T_8	C>T_9	C>T_10	G>A_11	G>A_12	G>A_13	G>A_14	G>A_15	G>A_16	G>A_17	G>A_18	G>A_19	G>A_20	D>V(11Substitution)_1	D>V(11Substitution)_2	D>V(11Substitution)_3	D>V(11Substitution)_4	D>V(11Substitution)_5	D>V(11Substitution)_6	D>V(11Substitution)_7	D>V(11Substitution)_8	D>V(11Substitution)_9	D>V(11Substitution)_10	H>B(11Substitution)_11	H>B(11Substitution)_12	H>B(11Substitution)_13	H>B(11Substitution)_14	H>B(11Substitution)_15	H>B(11Substitution)_16	H>B(11Substitution)_17	H>B(11Substitution)_18	H>B(11Substitution)_19	H>B(11Substitution)_20	considered_Matches
Actinobacillus_equuli	0	0	0	0	0	0	0	0	0	0	0	0	0	0	0	0	0	0	0	0	0.0	0.0	0.09090909090909091	0.0	0.0	0.09090909090909091	0.0	0.0	0.0	0.0	0.0	0.0	0.045454545454545456	0.0	0.045454545454545456	0.045454545454545456	0.0	0.0	0.045454545454545456	0.0	2
Actinobacillus_pleuropneumoniae	0	0	0	0	0	0	0	0	0	0	0	0	0	0	0	0	0	0	0	0	0	0	0	0	0	0	0	0	0	0	0	0	0	0	0	0	0	0	0	0	0
African_swine_fever_virus	0	0	0	0	0	0	0	0	0	0	0	0	0	0	0	0	0	0	0	0	0	0	0	0	0	0	0	0	0	0	0	0	0	0	0	0	0	0	0	0	0
Aphthovirus	0	0	0	0	0	0	0	0	0	0	0	0	0	0	0	0	0	0	0	0	0	0	0	0	0	0	0	0	0	0	0	0	0	0	0	0	0	0	0	0	0
Arcanobacterium_haemolyticum	0	0	0	0	0	0	0	0	0	0	0	1.0	0	0	0	0	0	0	0	0	0.03636363636363636	0.0	0.0	0.03636363636363636	0.0	0.0	0.0	0.0	0.0	0.00909090909090909	0.0	0.00909090909090909	0.03636363636363636	0.0	0.00909090909090909	0.0	0.06363636363636363	0.02727272727272727	0.03636363636363636	0.03636363636363636	10
Aspergillus_fumigatus	0	0	0	0	0	0	0	0	0	0	0	0	0	0	0	0	0	0	0	0	0	0	0	0	0	0	0	0	0	0	0	0	0	0	0	0	0	0	0	0	0
Bartonella_bacilliformis	0	0	0	0	0	0	0	0	0	0	0	0	0	0	0	0	0	0	0	0	0	0	0	0	0	0	0	0	0	0	0	0	0	0	0	0	0	0	0	0	0
Bartonella_henselae	0	0	0	0	0	0	0	0	0	0	0	0	0	0	0	0	0	0	0	0	0	0	0	0	0	0	0	0	0	0	0	0	0	0	0	0	0	0	0	0	0
Bartonella_quintana	0	0	0	0	0	0	0	0	0	0	0	0	0	0	0	0	0	0	0	0	0.0	0.0	0.0	0.0	0.0	0.0	0.0	0.01818181818181818	0.0	0.0	0.0	0.05454545454545454	0.0	0.0	0.03636363636363636	0.0	0.0	0.03636363636363636	0.0	0.0	5
Bartonella_quintana_RM-11	0	0	0	0	0	0	0	0	0	0	0	0	0	0	0	0	0	0	0	0	0.0909090909090909	0.0	0.0	0.0	0.0	0.0	0.0909090909090909	0.0	0.0	0.0	0.0	0.0	0.015151515151515152	0.0	0.0	0.0	0.0	0.07575757575757576	0.0	0.0	6
Blastomyces_dermatitidis	0	0	0	0	0	0	0	0	0	0	0	0	0	0	0	0	0	0	0	0	0	0	0	0	0	0	0	0	0	0	0	0	0	0	0	0	0	0	0	0	0
Bordetella_bronchialis	0.05555555555555555	0.10526315789473684	0.02040816326530612	0.044444444444444446	0.044444444444444446	0.018867924528301886	0.07692307692307693	0.017543859649122806	0	0	0.06976744186046512	0.017857142857142856	0	0.02702702702702703	0.1590909090909091	0	0.022222222222222223	0.08333333333333333	0.02040816326530612	0.08	0.010227272727272727	0.014772727272727274	0.009659090909090909	0.010227272727272727	0.0125	0.014204545454545456	0.013636363636363636	0.005113636363636364	0.007954545454545454	0.007954545454545454	0.010227272727272727	0.008522727272727272	0.011931818181818182	0.011931818181818182	0.02159090909090909	0.0125	0.017045454545454544	0.017045454545454544	0.0125	0.010795454545454546	160
Bordetella_bronchiseptica	0.025	0.09375	0	0.022222222222222223	0	0.06521739130434782	0	0	0.05555555555555555	0.02564102564102564	0	0.024390243902439025	0	0.025	0.08	0.08823529411764706	0.23076923076923078	0	0.02857142857142857	0.06521739130434782	0.008202323991797676	0.0177717019822283	0.00888585099111415	0.01161995898838004	0.012303485987696514	0.014354066985645933	0.008202323991797676	0.010936431989063569	0.01367053998632946	0.00888585099111415	0.01367053998632946	0.01572112098427888	0.012303485987696514	0.006151742993848257	0.012987012987012988	0.012303485987696514	0.025290498974709502	0.01161995898838004	0.010252904989747093	0.00888585099111415	133
Bordetella_genomosp._13	0.058823529411764705	0.02	0.03508771929824561	0	0.09230769230769231	0.05	0	0.03571428571428571	0.016666666666666666	0	0.06451612903225806	0	0	0.04081632653061224	0.028169014084507043	0.05263157894736842	0.11320754716981132	0.04918032786885246	0.02	0.08	0.010045203415369162	0.01305876443997991	0.010045203415369162	0.0075339025615268704	0.009040683073832245	0.00803616273229533	0.0075339025615268704	0.012054244098442992	0.007031642390758413	0.009040683073832245	0.011049723756906077	0.005022601707684581	0.006529382219989955	0.015067805123053741	0.009542943244600702	0.011551983927674534	0.01305876443997991	0.017076845806127575	0.0155700652938222	0.012054244098442992	181
Bordetella_pertussis	0.028688524590163935	0	0.16371681415929204	0	0	0.20930232558139536	0.20909090909090908	0.1724137931034483	0	0.12650602409638553	0	0	0	0	0	0	0.6782608695652174	0	0	0	0.005995786744449846	0.020904229460379193	0.01798736023334954	0.013774104683195593	0.006481931615621455	0.02236266407389402	0.014746394425538812	0.02690001620482904	0.009722897423432183	0.007940366229136282	0.014908442715929346	0.018635553394911686	0.007454221357964673	0.00988494571382272	0.0027548209366391185	0.01296386323124291	0.024793388429752063	0.01733916707178739	0.01118133203694701	0.006481931615621455	561
Bordetella_pertussis_137	0	0	0	0	0	0	0	0	0	0	0.4714285714285714	0	0	0	0	0	0	0	0	0	0.027272727272727275	0.016666666666666666	0.026515151515151512	0.0	0.0037878787878787876	0.006060606060606061	0.0	0.0	0.0	0.0	0.025757575757575757	0.0	0.0	0.0037878787878787876	0.0	0.0	0.0	0.0	0.01818181818181818	0.0015151515151515152	120
Bordetella_pertussis_18323	0	0	0	0.7727272727272727	0	0	0	0	0	0	0	0	0	0	0	0	0	0	0	0	0.022533022533022532	0.0	0.0	0.026418026418026416	0.00777000777000777	0.00777000777000777	0.0	0.00777000777000777	0.022533022533022532	0.010101010101010102	0.0	0.022533022533022532	0.0	0.0	0.0	0.0	0.0	0.0	0.0	0.030303030303030304	117
Bordetella_petrii	0.06382978723404255	0.0975609756097561	0	0	0	0.047619047619047616	0	0.02857142857142857	0.043478260869565216	0.10869565217391304	0	0.0625	0.027777777777777776	0.045454545454545456	0	0.027777777777777776	0	0.022727272727272728	0	0.10344827586206896	0.011363636363636364	0.016335227272727272	0.01065340909090909	0.009943181818181818	0.015625	0.007102272727272727	0.007102272727272727	0.009943181818181818	0.009943181818181818	0.007102272727272727	0.01278409090909091	0.012073863636363636	0.008522727272727272	0.009232954545454546	0.008522727272727272	0.004261363636363636	0.009232954545454546	0.01278409090909091	0.012073863636363636	0.02130681818181818	128
Bordetella_trematum	0	0.034482758620689655	0.0425531914893617	0	0.03333333333333333	0.04	0	0	0	0	0.046511627906976744	0	0.08695652173913043	0	0.02631578947368421	0	0	0.018867924528301886	0	0.1	0.011459129106187928	0.01680672268907563	0.0106951871657754	0.01757066462948816	0.013750954927425516	0.008403361344537815	0.004583651642475171	0.007639419404125286	0.006111535523300229	0.0030557677616501145	0.01757066462948816	0.013750954927425516	0.008403361344537815	0.008403361344537815	0.01757066462948816	0.014514896867838044	0.006875477463712758	0.009167303284950343	0.012987012987012986	0.009931245225362872	119
Borrelia_crocidurae	0	0	0	0	0	0	0	0	0	0	0	0	0	0	0	0	0	0	0	0	0	0	0	0	0	0	0	0	0	0	0	0	0	0	0	0	0	0	0	0	0
Borrelia_crocidurae_str._Achema	0	0	0	0	0	0	0	0	0	0	0	0	0	0	0	0	0	0	0	0	0.0	0.09090909090909091	0.0	0.0	0.09090909090909091	0.09090909090909091	0.0	0.0	0.0	0.0	0.0	0.0	0.0	0.0	0.0	0.0	0.0	0.0	0.0	0.0	1
Borrelia_recurrentis	0	0	0	0	0	0	0	0	0	0	0	0	0	0	0	0	0	0	0	0	0	0	0	0	0	0	0	0	0	0	0	0	0	0	0	0	0	0	0	0	0
Borrelia_recurrentis_A1	0	0	0	0	0	0	0	0	0	0	0	0	0	0	0	0	0	0	0	0	0.0	0.0	0.0	0.0	0.0	0.0	0.09090909090909091	0.0	0.0	0.0	0.0	0.0	0.0	0.0	0.0	0.0	0.0	0.0	0.0	0.0	1
Borreliella_afzelii	0	0	0	0	0	0	0	0	0	0	0	0	0	0	0	0	0	0	0	0	0	0	0	0	0	0	0	0	0	0	0	0	0	0	0	0	0	0	0	0	0
Borreliella_burgdorferi	0	0	0	0	0	0	0	0	0	0	0	0	0	0	0	0	0	0	0	0	0	0	0	0	0	0	0	0	0	0	0	0	0	0	0	0	0	0	0	0	0
Borreliella_garinii	0	0	0	0	0	0	0	0	0	0	0	0	0	0	0	0	0	0	0	0	0	0	0	0	0	0	0	0	0	0	0	0	0	0	0	0	0	0	0	0	0
Bovine_rhinitis_A_virus	0	0	0	0	0	0	0	0	0	0	0	0	0	0	0	0	0	0	0	0	0	0	0	0	0	0	0	0	0	0	0	0	0	0	0	0	0	0	0	0	0
Brucella_abortus	0	0	0	0	0	0	0	0	0	0	0	0	0	0	0	0	0	0.5	0	0	0.0	0.0	0.0	0.0	0.0	0.0	0.0	0.0	0.0	0.0	0.0	0.045454545454545456	0.0	0.0	0.045454545454545456	0.0	0.045454545454545456	0.045454545454545456	0.0	0.0	2
Brucella_abortus_bv._6_str._870	0	0	0	0	0	0	0	0	0	0	0	0	0	0	0	0	0	0	0	0	0.0	0.0	0.0	0.0	0.0	0.0	0.0	0.0	0.0	0.0	0.0	0.0	0.0	0.0	0.0	0.0	0.0	0.045454545454545456	0.0	0.0	2
Brucella_canis	0	0	0	0	0	0	0	0	0	0	0	0	0	0	0	0	0	0	0	0	0	0	0	0	0	0	0	0	0	0	0	0	0	0	0	0	0	0	0	0	0
Brucella_melitensis	0	0	0	0	0	0	0	0	0	0	0	0	0	0	0	0	0	0	0	0	0	0	0	0	0	0	0	0	0	0	0	0	0	0	0	0	0	0	0	0	0
Brucella_microti	0	0	0	0	0	0	0	0	0	0	0	0	0	0	0	0	0	0	0	0	0	0	0	0	0	0	0	0	0	0	0	0	0	0	0	0	0	0	0	0	0
Brucella_ovis	0	0	0	0	0	0	0	0	0	0	0	0	0	0	0	0	0	0	0	0	0	0	0	0	0	0	0	0	0	0	0	0	0	0	0	0	0	0	0	0	0
Brucella_ovis_ATCC_25840	0	0	0	0	0	0	0	0	0	0	0	0	0	0	0	0	0	0	0	0	0.0	0.09090909090909091	0.0	0.0	0.0	0.0	0.0	0.0	0.0	0.0	0.0	0.06818181818181818	0.0	0.0	0.06818181818181818	0.0	0.0	0.0	0.0	0.0	4
Brucella_suis	0	0	0	0	0	0	0	0	0	0	0	0	0	0	0	0	0	0	0	0	0	0	0	0	0	0	0	0	0	0	0	0	0	0	0	0	0	0	0	0	0
Burkholderia_cepacia	0.07207207207207207	0.07272727272727272	0.03571428571428571	0.020833333333333332	0.024096385542168676	0.06329113924050633	0.020833333333333332	0.008064516129032258	0.05555555555555555	0.011627906976744186	0.09574468085106383	0.02564102564102564	0.013513513513513514	0	0.07407407407407407	0.014925373134328358	0.01	0.019230769230769232	0	0.02702702702702703	0.014776742691937038	0.009315772566655958	0.008352071956312239	0.007067137809187279	0.008030838419531	0.010921940250562158	0.00995823964021844	0.006745904272406039	0.011243173787343397	0.009315772566655958	0.013491808544812078	0.007067137809187279	0.007709604882749759	0.007388371345968519	0.01060070671378092	0.007067137809187279	0.011564407324124639	0.0057822036620623195	0.009315772566655958	0.014455509155155798	283
Burkholderia_cepacia_ATCC_25416	0.02608695652173913	0.0898876404494382	0	0.04672897196261682	0.09090909090909091	0	0.013333333333333334	0.05319148936170213	0	0.05084745762711865	0	0.04918032786885246	0	0.02158273381294964	0	0.2535211267605634	0	0.06818181818181818	0.15	0.01652892561983471	0.009375	0.012215909090909092	0.014488636363636365	0.016477272727272726	0.021022727272727273	0.002556818181818182	0.002556818181818182	0.008238636363636363	0.008522727272727272	0.0125	0.004261363636363636	0.014204545454545456	0.01875	0.00625	0.022727272727272728	0.014488636363636365	0.005113636363636364	0.012215909090909092	0.01903409090909091	0.011079545454545455	320
Burkholderia_cepacia_JBK9	0	0.16666666666666666	0.05	0	0.037037037037037035	0.045454545454545456	0	0.07407407407407407	0	0.10526315789473684	0	0	0.1111111111111111	0.09090909090909091	0	0.25	0	0.05263157894736842	0.05	0.13333333333333333	0.0066844919786096255	0.013368983957219251	0.0066844919786096255	0.005347593582887701	0.013368983957219251	0.00802139037433155	0.009358288770053475	0.017379679144385027	0.012032085561497327	0.014705882352941176	0.0066844919786096255	0.0026737967914438505	0.0066844919786096255	0.005347593582887701	0.0013368983957219253	0.021390374331550804	0.010695187165775402	0.01871657754010695	0.009358288770053475	0.012032085561497327	68
Burkholderia_gladioli	0.03561643835616438	0.038461538461538464	0.06341463414634146	0.017142857142857144	0.05698005698005698	0.008695652173913044	0	0.030303030303030304	0.019801980198019802	0.029649595687331536	0.005571030640668524	0.017391304347826087	0	0.0027100271002710027	0	0.0243161094224924	0.03151862464183381	0.0581039755351682	0.0392156862745098	0.08273381294964029	0.010483354673495518	0.01336427656850192	0.010403329065300896	0.00840268886043534	0.008802816901408451	0.00984314980793854	0.007762483994878361	0.006962227912932138	0.008962868117797696	0.007922535211267605	0.008162612035851472	0.01120358514724712	0.005521766965428937	0.011763764404609476	0.01624519846350832	0.014884763124199745	0.010163252240717029	0.016325224071702945	0.00808258642765685	0.009443021766965428	1136
Burkholderia_gladioli_BSR3	0.05405405405405406	0.02127659574468085	0	0.03125	0.043478260869565216	0	0.08888888888888889	0.015873015873015872	0.01639344262295082	0	0	0	0.031746031746031744	0	0	0	0	0	0.04411764705882353	0	0.0074719800747198	0.005603985056039851	0.011830635118306352	0.012453300124533	0.0062266500622665	0.0037359900373599	0.011830635118306352	0.008094645080946452	0.012453300124533	0.009962640099626401	0.011207970112079703	0.005603985056039851	0.00933997509339975	0.0074719800747198	0.0074719800747198	0.011207970112079703	0.008094645080946452	0.011207970112079703	0.009962640099626401	0.011207970112079703	146
Burkholderia_gladioli_pv._gladioli	0.037037037037037035	0.061855670103092786	0.10975609756097561	0.045	0.06572769953051644	0	0.027210884353741496	0.055248618784530384	0	0.08196721311475409	0.03468208092485549	0.029411764705882353	0.04242424242424243	0.0055248618784530384	0.013605442176870748	0.09090909090909091	0	0.04891304347826087	0.045112781954887216	0.03597122302158273	0.005827505827505827	0.00999000999000999	0.01332001332001332	0.01282051282051282	0.012154512154512156	0.009157509157509158	0.012987012987012986	0.011488511488511488	0.010656010656010656	0.012154512154512156	0.013486513486513486	0.00999000999000999	0.01332001332001332	0.006327006327006327	0.01098901098901099	0.009823509823509822	0.008824508824508824	0.011655011655011654	0.006993006993006993	0.013653013653013652	546
Burkholderia_mallei	0.14285714285714285	0	0	0	0.9375	0	0	0	0	0	0	0.3333333333333333	0	0	0	0	0	0	0	0	0.010489510489510488	0.0	0.03146853146853147	0.0	0.05944055944055944	0.0	0.006993006993006993	0.05244755244755244	0.04895104895104895	0.006993006993006993	0.020979020979020976	0.0034965034965034965	0.0034965034965034965	0.0034965034965034965	0.055944055944055944	0.05244755244755244	0.05244755244755244	0.0034965034965034965	0.0034965034965034965	0.0034965034965034965	26
Burkholderia_mallei_NCTC_10229	0	0	0	0	0	0	0	0	0	0	0	0	0	0	0	0	0	0	0	0	0.0	0.0	0.0	0.0	0.0	0.0	0.09090909090909091	0.0	0.0	0.0	0.0	0.0	0.0	0.0	0.0	0.0	0.0	0.0	0.09090909090909091	0.0	1
Burkholderia_mallei_NCTC_10247	0	0	0	0	0	0	0	0	0	0	0	0	0	0	0	0	0	0	0	0	0.0	0.0	0.0	0.09090909090909091	0.0	0.0	0.0	0.0	0.0	0.0	0.09090909090909091	0.0	0.0	0.0	0.0	0.0	0.0	0.09090909090909091	0.0	0.0	1
Burkholderia_multivorans	0.059154929577464786	0.10407239819004525	0.06451612903225806	0.03133903133903134	0.07567567567567568	0	0.12546125461254612	0.09387755102040816	0.006289308176100629	0.012552301255230125	0.06936416184971098	0.08846153846153847	0.006600660066006601	0.05319148936170213	0.02247191011235955	0.09411764705882353	0.02112676056338028	0.06299212598425197	0.013029315960912053	0.1461187214611872	0.007921939909187518	0.005506714327118152	0.012365954980195151	0.005410105303835378	0.009081248188580813	0.007825330885904744	0.009274466235146363	0.008018548932470292	0.007245676746208096	0.008598203072166941	0.007921939909187518	0.011593082793932952	0.0061829774900975755	0.006376195536663124	0.006569413583228673	0.010240556467974109	0.011882909863781276	0.009660902328277461	0.006376195536663124	0.01362187228287122	941
Burkholderia_multivorans_ATCC_17616	0.07042253521126761	0.04	0	0.07368421052631578	0	0	0.07079646017699115	0	0.0380952380952381	0.054945054945054944	0	0	0	0.018018018018018018	0	0.016129032258064516	0.03418803418803419	0	0.037383177570093455	0.012345679012345678	0.006456611570247934	0.016787190082644628	0.00774793388429752	0.012138429752066115	0.010588842975206611	0.005940082644628099	0.01162190082644628	0.009039256198347107	0.0046487603305785125	0.008264462809917356	0.005423553719008265	0.005165289256198347	0.011880165289256199	0.00878099173553719	0.008006198347107439	0.01162190082644628	0.008006198347107439	0.003099173553719008	0.010330578512396695	0.00490702479338843	352
Burkholderia_multivorans_ATCC_BAA-247	0.058823529411764705	0	0.010526315789473684	0.013888888888888888	0.03333333333333333	0	0.031914893617021274	0.10434782608695652	0	0.057971014492753624	0.030303030303030304	0.035398230088495575	0.04225352112676056	0	0.017857142857142856	0	0	0.03508771929824561	0.15873015873015872	0.06756756756756757	0.006060606060606061	0.006060606060606061	0.006773618538324421	0.01675579322638146	0.0142602495543672	0.0071301247771836	0.0106951871657754	0.01675579322638146	0.017112299465240642	0.012834224598930482	0.01140819964349376	0.011051693404634582	0.012477718360071301	0.014973262032085563	0.0071301247771836	0.004634581105169341	0.0142602495543672	0.009269162210338681	0.013547237076648842	0.009269162210338681	255
Burkholderia_pseudomallei	0.01892744479495268	0.08144796380090498	0.08045977011494253	0.0022624434389140274	0.00980392156862745	0	0	0.07142857142857142	0.0029411764705882353	0.03424657534246575	0.06406685236768803	0	0.002857142857142857	0.0028169014084507044	0	0	0.059490084985835696	0.003355704697986577	0.13984168865435356	0.08823529411764706	0.012196266066235107	0.016887137630171686	0.015010789004597054	0.01125809175344779	0.0050661412890515055	0.007036307345904869	0.02242236607561685	0.0028145229383619475	0.007036307345904869	0.012946805516464958	0.010413734871939207	0.01304062294774369	0.015855145886105638	0.006098133033117553	0.005816680739281359	0.008255933952528379	0.01060136973449667	0.017825311942959002	0.012477718360071301	0.009100290834036965	969
Burkholderia_pseudomallei_1106b	0.3333333333333333	0	0	0	0	0	0	0	0.6666666666666666	0	0	0	0	0	0	0	0	0	0	0	0.022727272727272728	0.0	0.06818181818181818	0.022727272727272728	0.0	0.022727272727272728	0.0	0.022727272727272728	0.045454545454545456	0.0	0.0	0.045454545454545456	0.0	0.0	0.0	0.0	0.0	0.045454545454545456	0.022727272727272728	0.0	4
Burkholderia_pseudomallei_1710a	0	0	0	0	0	0	0	0	0	0	0	0	0	0	0	0	0	0	0	1.0	0.0	0.0	0.0	0.045454545454545456	0.0	0.0	0.0	0.0	0.0	0.0	0.0	0.0	0.0	0.0	0.022727272727272728	0.0	0.0	0.0	0.0	0.022727272727272728	4
Burkholderia_pseudomallei_1710b	0	0	0	0	0	0	0	0	0	0	0	0	0	0	0	1.0	0	0	0	0	0.030303030303030304	0.0	0.0	0.0	0.0	0.0	0.0	0.0	0.0	0.0	0.0	0.0	0.0	0.0	0.06060606060606061	0.015151515151515152	0.06060606060606061	0.0	0.0	0.015151515151515152	6
Burkholderia_pseudomallei_7894	0	0.16666666666666666	0	0	0	0	0	0.4	0	0	0	0	0	0.14285714285714285	0	0	0.14285714285714285	0	0	0	0.0	0.010101010101010102	0.010101010101010102	0.010101010101010102	0.0	0.0	0.0	0.010101010101010102	0.0	0.0	0.0	0.04040404040404041	0.010101010101010102	0.020202020202020204	0.0	0.0	0.01515151515151515	0.0606060606060606	0.0	0.010101010101010102	18
Burkholderia_pseudomallei_B03	0	0	0	0	0	0	0	0	0	0	0	0	0	0	0	0	0	0	0	0	0.006993006993006993	0.006993006993006993	0.055944055944055944	0.006993006993006993	0.027972027972027972	0.006993006993006993	0.0	0.0	0.0	0.013986013986013986	0.027972027972027972	0.0	0.0	0.0	0.006993006993006993	0.04195804195804195	0.020979020979020976	0.013986013986013986	0.0	0.013986013986013986	13
Burkholderia_pseudomallei_MSHR1153	0	0	0	0	0	0	0	0	0	0	0	0	0	0	0	0	0	0	0	0	0.09090909090909091	0.0	0.0	0.0	0.0	0.0	0.0	0.0	0.0	0.0	0.0	0.0	0.0	0.0	0.09090909090909091	0.0	0.0	0.0	0.0	0.09090909090909091	1
Burkholderia_pseudomallei_MSHR2543	0	0	0	0	0	0	0	0	0	0	0	0	0	0	0	0	0	0	0	0	0.0	0.0	0.002066115702479339	0.0	0.002066115702479339	0.03099173553719008	0.0	0.002066115702479339	0.012396694214876032	0.006198347107438016	0.010330578512396695	0.010330578512396695	0.045454545454545456	0.002066115702479339	0.004132231404958678	0.004132231404958678	0.008264462809917356	0.006198347107438016	0.01652892561983471	0.006198347107438016	44
Burkholderia_pseudomallei_MSHR346	0	0	0	0	0	0	0	0	0	0	0	0	0	0	0	0	0	0	0	0	0.0	0.03896103896103896	0.0	0.025974025974025976	0.0	0.0	0.0	0.0	0.0	0.0	0.0	0.07792207792207792	0.0	0.0	0.0	0.03896103896103896	0.0	0.0	0.025974025974025976	0.0	7
Burkholderia_pseudomallei_MSHR435	0	0	0	0	0	0	0	0	0	0	0	0.4444444444444444	0	0	0	0	0	0	0	0	0.0	0.007575757575757576	0.03787878787878788	0.007575757575757576	0.007575757575757576	0.0	0.0	0.0	0.0	0.03787878787878788	0.0	0.030303030303030304	0.015151515151515152	0.0	0.015151515151515152	0.030303030303030304	0.030303030303030304	0.0	0.0	0.015151515151515152	12
Burkholderia_pseudomallei_NCTC_13179	0	0	0	0	0	0	0	0	0.5	0.5	0	0.16666666666666666	0	0	0	0	0	0	0	0	0.0	0.011363636363636364	0.045454545454545456	0.06818181818181818	0.045454545454545456	0.0	0.011363636363636364	0.011363636363636364	0.011363636363636364	0.022727272727272728	0.0	0.011363636363636364	0.0	0.0	0.0	0.0	0.011363636363636364	0.011363636363636364	0.011363636363636364	0.0	8
Burkholderia_pseudomallei_Pasteur_52237	0	0	0	0	0	0	0	0	0	0	0	0	0	0	0	0	0	0	0	0	0.04545454545454545	0.04545454545454545	0.0	0.0	0.04545454545454545	0.04545454545454545	0.0	0.04545454545454545	0.04545454545454545	0.0	0.0	0.0	0.0	0.0	0.0	0.0	0.0	0.0	0.015151515151515152	0.0	6
Campylobacter_coli	0	0	0	0	1.0	0	0	0	0	0	0	0	0	0	0	0	0	0	0	0	0.0	0.0	0.0	0.0	0.09090909090909091	0.0	0.09090909090909091	0.0	0.0	0.0	0.0	0.045454545454545456	0.0	0.0	0.0	0.0	0.045454545454545456	0.0	0.0	0.0	2
Campylobacter_fetus	0	0	0	0	0	0	0	0	0	0	0	0	0	0	0	0	0	0	0	0	0	0	0	0	0	0	0	0	0	0	0	0	0	0	0	0	0	0	0	0	0
Campylobacter_fetus_subsp._testudinum_Sp3	0	1.0	0	0	0	0	0	0	0	0	0	0	0	0	0	0	0	0	0	0	0.0	0.09090909090909091	0.0	0.0	0.0	0.0	0.0	0.0	0.0	0.0	0.0	0.09090909090909091	0.0	0.0	0.0	0.0	0.0	0.0	0.0	0.0	1
Campylobacter_fetus_subsp._venerealis_NCTC_10354	0	0	0	0	0	0	0	0	0	0	0	0	0	0	0	0	0	0	0	0	0.09090909090909091	0.0	0.0	0.0	0.0	0.0	0.0	0.0	0.0	0.0	0.06818181818181818	0.022727272727272728	0.0	0.0	0.0	0.0	0.0	0.0	0.0	0.0	4
Campylobacter_gracilis	0	0.5	0	0	0	0	0	1.0	0	0	0	0	0	0	0	0	0	0	0	1.0	0.015151515151515152	0.04545454545454545	0.0	0.030303030303030304	0.0	0.0	0.0	0.015151515151515152	0.0	0.0	0.0	0.0	0.0	0.0	0.0	0.007575757575757576	0.0	0.007575757575757576	0.030303030303030304	0.03787878787878788	12
Campylobacter_showae	0	0	0	0	0	0	0	0	0	0	0	0	0	0	0	0	0	0	0	0	0.0	0.022727272727272728	0.0	0.0	0.06818181818181818	0.0	0.0	0.0	0.0	0.0	0.022727272727272728	0.0	0.0	0.022727272727272728	0.0	0.0	0.0	0.0	0.022727272727272728	0.0	4
Canine_morbillivirus	0	0	0	0	0	0	0	0	0	0	0	0	0	0	0	0	0	0	0	0	0	0	0	0	0	0	0	0	0	0	0	0	0	0	0	0	0	0	0	0	0
Chlamydia_abortus	0	0	0	0	0	0	0	0	0	0	0	0	0	0	0	0	0	0	0	0	0	0	0	0	0	0	0	0	0	0	0	0	0	0	0	0	0	0	0	0	0
Chlamydia_caviae	0	0	0	0	0	0	0	0	0	0	0	0	0	0	0	0	0	0	0	0	0	0	0	0	0	0	0	0	0	0	0	0	0	0	0	0	0	0	0	0	0
Chlamydia_felis	0	0	0	0	0	0	0	0	0	0	0	0	0	0	0	0	0	0	0	0	0	0	0	0	0	0	0	0	0	0	0	0	0	0	0	0	0	0	0	0	0
Chlamydia_muridarum	0	0	0	0	0	0	0	0	0	0	0	0	0	0	0	0	0	0	0	0	0	0	0	0	0	0	0	0	0	0	0	0	0	0	0	0	0	0	0	0	0
Chlamydia_pecorum	0	0	0	0	0	0	0	0	0	0	0	0	0	0	0	0	0	0	0	0	0	0	0	0	0	0	0	0	0	0	0	0	0	0	0	0	0	0	0	0	0
Chlamydia_pneumoniae	0	0	0	0	0	0	0	0	0	0	0	0	0	0	0	0	0	0	0	0	0.09090909090909091	0.0	0.0	0.0	0.0	0.0	0.0	0.0	0.0	0.0	0.0	0.0	0.0	0.0	0.0	0.0	0.0	0.0	0.0	0.0	1
Chlamydia_psittaci	0	0	0	0	0	0	0	0	0	0	0	0	0	0	0	0	0	0	0	0	0	0	0	0	0	0	0	0	0	0	0	0	0	0	0	0	0	0	0	0	0
Chlamydia_suis	0	0	0	0	0	0	0	0	0	0	0	0	0	0	0	0	0	0	0	0	0	0	0	0	0	0	0	0	0	0	0	0	0	0	0	0	0	0	0	0	0
Chlamydia_trachomatis	0	0	0	0	0	0	0	0	0	0	0	0	0	0	0	0	0	0	0	0	0	0	0	0	0	0	0	0	0	0	0	0	0	0	0	0	0	0	0	0	0
Corynebacterium_ammoniagenes	0	0	0	0	0	0	0	0	0	0	0	0	0	0	0	0	0	0	0	0	0	0	0	0	0	0	0	0	0	0	0	0	0	0	0	0	0	0	0	0	0
Corynebacterium_amycolatum	0	0	0	0	0	0	0	0	0	0	0	0	0	0	0	0	0	0	0	0	0.0	0.011363636363636364	0.011363636363636364	0.0	0.0	0.0	0.011363636363636364	0.0	0.0	0.0	0.0	0.011363636363636364	0.011363636363636364	0.045454545454545456	0.011363636363636364	0.0	0.045454545454545456	0.011363636363636364	0.0	0.0	8
Corynebacterium_bovis	0.15789473684210525	0	0	0.14285714285714285	0.09523809523809523	0	0.05263157894736842	0.0625	0	0.1	0	0	0.05555555555555555	0	0.058823529411764705	0	0	0	0	0.16666666666666666	0.012727272727272728	0.0018181818181818182	0.00909090909090909	0.012727272727272728	0.007272727272727273	0.010909090909090908	0.012727272727272728	0.014545454545454545	0.005454545454545454	0.005454545454545454	0.010909090909090908	0.012727272727272728	0.010909090909090908	0.010909090909090908	0.010909090909090908	0.014545454545454545	0.010909090909090908	0.012727272727272728	0.016363636363636365	0.016363636363636365	50
Corynebacterium_crudilactis	0	0	0	0	0	0	0	0	0	0	0	0	0	0	0	0	0	0	0	0	0.0	0.0	0.09090909090909091	0.09090909090909091	0.0	0.0	0.0	0.0	0.0	0.0	0.09090909090909091	0.0	0.0	0.0	0.0	0.0	0.0	0.0	0.0	0.0	1
Corynebacterium_diphtheriae	0	0	0	0	0	0	0	0	0	0	0	0	0	0	0	0	0	0	0	0	0.0	0.01818181818181818	0.07272727272727272	0.0	0.024242424242424242	0.0	0.0	0.048484848484848485	0.024242424242424242	0.0	0.01818181818181818	0.0	0.01818181818181818	0.0	0.0	0.0	0.06666666666666667	0.006060606060606061	0.0	0.01818181818181818	15
Corynebacterium_jeikeium	0.25	0	0	0	0	0	0	0	0	0	0	0	0	0	0.2	0	0	0	0	0	0.020202020202020204	0.020202020202020204	0.0	0.0	0.020202020202020204	0.0	0.0	0.010101010101010102	0.010101010101010102	0.0	0.0	0.010101010101010102	0.020202020202020204	0.020202020202020204	0.010101010101010102	0.010101010101010102	0.010101010101010102	0.010101010101010102	0.010101010101010102	0.0	9
Corynebacterium_jeikeium_K411	0	0	0	0	0	0	0	0	0	0	0	0	0	0	0	0	0	0	0	0	0.00909090909090909	0.00909090909090909	0.0	0.0	0.0	0.01818181818181818	0.01818181818181818	0.0	0.00909090909090909	0.00909090909090909	0.0	0.0	0.0	0.00909090909090909	0.0	0.00909090909090909	0.01818181818181818	0.0	0.0	0.0	10
Corynebacterium_kroppenstedtii	0	0	0	0	0.25	0	0	0.16666666666666666	0	0	0	0	0	0	0	0	0.125	0	0	0	0.0	0.0	0.008264462809917356	0.012396694214876032	0.012396694214876032	0.0	0.008264462809917356	0.004132231404958678	0.004132231404958678	0.0	0.0	0.0	0.0	0.0	0.0	0.004132231404958678	0.004132231404958678	0.0	0.004132231404958678	0.01652892561983471	22
Corynebacterium_kroppenstedtii_DSM_44385	0	0	0	0	0	0.42857142857142855	0	0.047619047619047616	0	0	0	0	0	0	0	0.10526315789473684	0	0	0	0.08695652173913043	0.010263929618768328	0.00439882697947214	0.0	0.005865102639296188	0.0	0.00879765395894428	0.0	0.00439882697947214	0.002932551319648094	0.00439882697947214	0.010263929618768328	0.0	0.00439882697947214	0.0	0.00439882697947214	0.002932551319648094	0.002932551319648094	0.0	0.001466275659824047	0.002932551319648094	62
Corynebacterium_maris	0	0	0	0	0	0	0	0	0	0	0	0	0	0	0	0	0	0	0	0	0	0	0	0	0	0	0	0	0	0	0	0	0	0	0	0	0	0	0	0	0
Corynebacterium_maris_DSM_45190	0.1111111111111111	0.14285714285714285	0	0	0.2	0	0	0	0	0.1111111111111111	0	0	0	0	0	0	0	0	0	0.25	0.017045454545454544	0.005681818181818182	0.005681818181818182	0.005681818181818182	0.011363636363636364	0.017045454545454544	0.017045454545454544	0.0	0.011363636363636364	0.017045454545454544	0.005681818181818182	0.0	0.017045454545454544	0.005681818181818182	0.011363636363636364	0.017045454545454544	0.022727272727272728	0.005681818181818182	0.011363636363636364	0.017045454545454544	16
Corynebacterium_matruchotii	0	0.1111111111111111	0	0	0	0	0	0.07692307692307693	0	0	0	0	0	0	0	0	0	0	0	0	0.0	0.008264462809917356	0.0027548209366391185	0.0027548209366391185	0.0	0.0	0.0027548209366391185	0.0027548209366391185	0.0	0.0027548209366391185	0.008264462809917356	0.005509641873278237	0.0	0.0027548209366391185	0.0	0.0	0.0	0.0	0.0	0.0	33
Corynebacterium_minutissimum	0	0	0	0	0	0	0	0	0	0	0	0	0	0	0	1.0	0	0	0	0	0.0	0.005347593582887701	0.026737967914438502	0.0	0.010695187165775402	0.005347593582887701	0.0	0.0	0.0	0.0	0.0	0.010695187165775402	0.0	0.010695187165775402	0.010695187165775402	0.010695187165775402	0.010695187165775402	0.005347593582887701	0.010695187165775402	0.0	17
Corynebacterium_pseudotuberculosis	0	0	0	0	0	0	0	0	0	0	0	0	0	0	0	0	0	0	0	0	0.0	0.0	0.0	0.0	0.0909090909090909	0.0	0.0	0.0	0.0	0.0909090909090909	0.0	0.0	0.015151515151515152	0.0	0.0	0.015151515151515152	0.0	0.015151515151515152	0.0	0.015151515151515152	6
Corynebacterium_renale	0	0	0	0	0	0	0	0	0	0	0	0	0	0	0	0	0	0	0	0	0.0	0.0	0.0	0.0	0.09090909090909091	0.09090909090909091	0.0	0.0	0.0	0.0	0.0	0.0	0.0	0.0	0.0	0.0	0.0	0.0	0.0	0.0	1
Corynebacterium_segmentosum	0	0	0	0	0	0	0	0	0	0	0	0	0	0.6	0	0	0	0	0	0	0.010101010101010102	0.020202020202020204	0.0	0.010101010101010102	0.020202020202020204	0.0	0.010101010101010102	0.0	0.0	0.020202020202020204	0.010101010101010102	0.0	0.0	0.0303030303030303	0.010101010101010102	0.010101010101010102	0.010101010101010102	0.0	0.0	0.04040404040404041	9
Corynebacterium_sphenisci	0	0	0	0	0	0	0	0	0	0	0	0	0	0	0	0	0	0	0	0	0	0	0	0	0	0	0	0	0	0	0	0	0	0	0	0	0	0	0	0	0
Corynebacterium_sphenisci_DSM_44792	0.1111111111111111	0	0	0	0	0	0	0	0	0	0.08333333333333333	0.09090909090909091	0	0	0	0	0.058823529411764705	0	0	0	0.015151515151515152	0.008417508417508417	0.011784511784511785	0.01346801346801347	0.008417508417508417	0.00505050505050505	0.0101010101010101	0.018518518518518517	0.008417508417508417	0.015151515151515152	0.015151515151515152	0.0101010101010101	0.0033670033670033673	0.006734006734006735	0.008417508417508417	0.0016835016835016836	0.016835016835016835	0.00505050505050505	0.0016835016835016836	0.011784511784511785	54
Corynebacterium_stationis	0	0	0	0	0	0	0	0	0	0	0	0	0	0	0	0	0	0	0	0	0.0	0.0	0.0	0.0	0.0	0.0	0.0	0.0	0.0	0.0	0.0	0.0	0.0	0.0	0.0	0.0	0.0	0.0	0.0	0.0	2
Corynebacterium_striatum	0	0	0.14285714285714285	0	0	0	0	0	0	0	0	0	0	0.25	0	0	0	0	0	0.2	0.0	0.007575757575757576	0.007575757575757576	0.030303030303030304	0.007575757575757576	0.0	0.022727272727272724	0.022727272727272724	0.03787878787878788	0.0	0.0	0.0	0.0	0.007575757575757576	0.007575757575757576	0.015151515151515152	0.015151515151515152	0.007575757575757576	0.007575757575757576	0.007575757575757576	12
Corynebacterium_urealyticum	0	0	0	0	0	0	0	0	0	0	0	0.5	0	0	0	0	0	0	0	0	0.0	0.006993006993006993	0.0	0.013986013986013986	0.027972027972027972	0.0	0.0	0.0	0.027972027972027972	0.013986013986013986	0.020979020979020976	0.020979020979020976	0.027972027972027972	0.0	0.006993006993006993	0.013986013986013986	0.020979020979020976	0.006993006993006993	0.0	0.027972027972027972	13
Corynebacterium_ureicelerivorans	0	0	0.2	0	0	0	0	0	0	0	0	0	0.3333333333333333	0	0	0	0	0	0	0	0.006993006993006993	0.013986013986013986	0.006993006993006993	0.0	0.006993006993006993	0.0	0.0	0.020979020979020976	0.020979020979020976	0.006993006993006993	0.013986013986013986	0.013986013986013986	0.027972027972027972	0.027972027972027972	0.0	0.020979020979020976	0.020979020979020976	0.006993006993006993	0.0	0.0	13
Corynebacterium_xerosis	0.07142857142857142	0	0	0	0	0	0	0	0	0	0	0	0.15384615384615385	0	0	0	0.09090909090909091	0	0	0	0.012987012987012986	0.007792207792207791	0.01038961038961039	0.0025974025974025974	0.01038961038961039	0.01038961038961039	0.01038961038961039	0.015584415584415583	0.0	0.005194805194805195	0.0025974025974025974	0.0025974025974025974	0.01038961038961039	0.01038961038961039	0.012987012987012986	0.007792207792207791	0.005194805194805195	0.0025974025974025974	0.015584415584415583	0.01038961038961039	35
Cowpox_virus	0	0	0	0	0	0	0	0	0	0	0	0	0	0	0	0	0	0	0	0	0	0	0	0	0	0	0	0	0	0	0	0	0	0	0	0	0	0	0	0	0
Coxiella_burnetii	0	0	0	0	0	0	0	0	0	0	0	0	0	0	0	0	0	0	0	0	0.011363636363636364	0.045454545454545456	0.03409090909090909	0.0	0.0	0.0	0.0	0.0	0.0	0.0	0.0	0.011363636363636364	0.0	0.0	0.0	0.0	0.0	0.0	0.0	0.0	8
Coxiella_burnetii_str._Schperling	0	0	0	0	0	0	0	0	0	0	0	0	0	0	0	0	0	0	0	0	0.0	0.0909090909090909	0.0	0.0	0.0	0.0	0.0	0.0909090909090909	0.0909090909090909	0.0	0.0	0.0	0.0	0.0	0.0	0.0	0.0	0.0	0.07575757575757576	0.015151515151515152	6
Cryptosporidium	0	0	0	0	0	0	0	0	0	0	0	0	0	0	0	0	0	0	0	0	0	0	0	0	0	0	0	0	0	0	0	0	0	0	0	0	0	0	0	0	0
Cryptosporidium_parvum	0	0	0	0	0	0	0	0	0	0	0	0	0	0	0	0	0	0	0	0	0	0	0	0	0	0	0	0	0	0	0	0	0	0	0	0	0	0	0	0	0
Deltaretrovirus	0	0	0	0	0	0	0	0	0	0	0	0	0	0	0	0	0	0	0	0	0	0	0	0	0	0	0	0	0	0	0	0	0	0	0	0	0	0	0	0	0
Ehrlichia_canis	0	0	0	0	0	0	0	0	0	0	0	0	0	0	0	0	0	0	0	0	0	0	0	0	0	0	0	0	0	0	0	0	0	0	0	0	0	0	0	0	0
Enterococcus_avium	0	0	0	0	0	0	0	0	0	0	0	0	0	0	0	0	0	0	0	0	0	0	0	0	0	0	0	0	0	0	0	0	0	0	0	0	0	0	0	0	0
Enterococcus_casseliflavus	0	0	0	0	0	0	0	0	0	0	0	0	0	0	0	0	0	0	0	0	0.0	0.0	0.0	0.045454545454545456	0.022727272727272728	0.022727272727272728	0.022727272727272728	0.022727272727272728	0.022727272727272728	0.022727272727272728	0.0	0.0	0.022727272727272728	0.0	0.0	0.0	0.0	0.022727272727272728	0.0	0.0	8
Enterococcus_cecorum	0	0	0	0	0	0	0	0	0	0	0	0	0	0	0	0	0	0	0	0	0.06493506493506493	0.0	0.0	0.0	0.012987012987012988	0.0	0.0	0.012987012987012988	0.0	0.0	0.0	0.05194805194805195	0.05194805194805195	0.0	0.0	0.0	0.012987012987012988	0.0	0.0	0.0	7
Enterococcus_durans	0	0	0	0	0	0	0	0	0	0	0	0	0	0	0	0	0	0	0	0	0.0	0.007575757575757576	0.0	0.015151515151515152	0.007575757575757576	0.007575757575757576	0.0	0.007575757575757576	0.0	0.022727272727272724	0.03787878787878788	0.0	0.0	0.022727272727272724	0.0	0.007575757575757576	0.0	0.0	0.0	0.0	12
Enterococcus_faecalis	0	0	0	0	0	0	0	0	0	0.041666666666666664	0	0	0	0	0	0	0	0	0	0	0.0	0.0010449320794148381	0.0	0.0	0.0010449320794148381	0.0	0.0	0.0	0.0	0.0010449320794148381	0.0	0.024033437826541274	0.0	0.0	0.0	0.022988505747126436	0.0	0.0	0.0	0.0	87
Enterococcus_faecium	0	0	0	0	0	0	0	0	0	0	0	0	0	0	0	0	0	0	0	0	0.030303030303030304	0.0	0.06060606060606061	0.030303030303030304	0.030303030303030304	0.030303030303030304	0.030303030303030304	0.06060606060606061	0.0	0.0	0.0	0.0	0.0	0.0	0.0	0.030303030303030304	0.0	0.0	0.030303030303030304	0.0	3
Enterococcus_hirae	0	0	0	0	0	0	0	1.0	0	0	0	0	0	0	0	0	0	0	0	0	0.0	0.09090909090909091	0.0	0.0	0.0	0.0	0.0	0.09090909090909091	0.09090909090909091	0.0	0.0	0.0	0.0	0.0	0.0	0.0	0.045454545454545456	0.045454545454545456	0.045454545454545456	0.0	2
Enterococcus_hirae_ATCC_9790	0	0	0	0	0	0	0	0	0	0	0	0	0	0	0	0	0	0	0	0	0.09090909090909091	0.0	0.0	0.0	0.0	0.0	0.0	0.0	0.0	0.0	0.0	0.0	0.0	0.0	0.0	0.0	0.0	0.0	0.0	0.0	1
Enterococcus_mundtii	0	0	0	0	0	0	0	0	0	0	0	0	0	0	0	0	0	0	0	0	0	0	0	0	0	0	0	0	0	0	0	0	0	0	0	0	0	0	0	0	0
Enterovirus_B	0	0	0	0	0	0	0	0	0	0	0	0	0	0	0	0	0	0	0	0	0	0	0	0	0	0	0	0	0	0	0	0	0	0	0	0	0	0	0	0	0
Epizootic_hemorrhagic_disease_virus_(serotype_1_/_strain_New_Jersey)	0	0	0	0	0	0	0	0	0	0	0	0	0	0	0	0	0	0	0	0	0	0	0	0	0	0	0	0	0	0	0	0	0	0	0	0	0	0	0	0	0
Equine_rhinitis_A_virus	0	0	0	0	0	0	0	0	0	0	0	0	0	0	0	0	0	0	0	0	0	0	0	0	0	0	0	0	0	0	0	0	0	0	0	0	0	0	0	0	0
Erysipelothrix_rhusiopathiae	0	0	0	0	0	0	0	0	0	0	0	0	0	0	0	0	0	0	0	0	0	0	0	0	0	0	0	0	0	0	0	0	0	0	0	0	0	0	0	0	0
Erysipelothrix_rhusiopathiae_str._Fujisawa	0	0	0	0	0	0	0	0	0	0	0	0	0	0	0	0	0	0	0	0	0.0	0.0909090909090909	0.0	0.0	0.0909090909090909	0.0	0.0	0.0	0.0	0.0	0.030303030303030304	0.0	0.0	0.030303030303030304	0.0	0.0	0.030303030303030304	0.0	0.0	0.030303030303030304	3
Erythroparvovirus	0	0	0	0	0	0	0	0	0	0	0	0	0	0	0	0	0	0	0	0	0	0	0	0	0	0	0	0	0	0	0	0	0	0	0	0	0	0	0	0	0
Escherichia_coli	0	0	0	0	0	0	0	0	0	0	0.2857142857142857	0	0	0	0	0	0	0	0	0	0.003496503496503496	0.02097902097902098	0.0	0.02097902097902098	0.004662004662004662	0.0011655011655011655	0.0011655011655011655	0.002331002331002331	0.02097902097902098	0.0011655011655011655	0.004662004662004662	0.0	0.002331002331002331	0.003496503496503496	0.0011655011655011655	0.002331002331002331	0.0011655011655011655	0.024475524475524476	0.0011655011655011655	0.0	78
Escherichia_coli_ECC-1470	0	0	0	0	0	0	0	0	0	0	0	0	0	0	0	0	0	0	0	0	0.09090909090909091	0.0	0.0	0.0	0.045454545454545456	0.0	0.0	0.0	0.0	0.0	0.0	0.0	0.0	0.0	0.0	0.045454545454545456	0.0	0.0	0.0	0.0	2
Escherichia_coli_O111	0	0	0	0	0	0	0	0	0	0	0	0	0	0	0	0	0	0	0	0	0	0	0	0	0	0	0	0	0	0	0	0	0	0	0	0	0	0	0	0	0
Escherichia_coli_O157:H7	0	0	0	0	0	0	0	0	0	0	0	0	0	0	0	0	1.0	0	0	0	0.0	0.0909090909090909	0.0	0.0	0.0	0.0	0.0	0.0909090909090909	0.0	0.0909090909090909	0.0	0.0	0.0	0.0	0.0	0.0	0.030303030303030304	0.0	0.06060606060606061	0.0	3
Escherichia_coli_O26	0	0	0	0	0	0	0	0	0	0	0	0	0	0	0	0	0	0	0	0	0	0	0	0	0	0	0	0	0	0	0	0	0	0	0	0	0	0	0	0	0
Francisella_tularensis	0	0	0	0	0	0	0	0	0	0	0	0	0	0	0	0	0	0	0	0	0.0	0.0	0.0	0.09090909090909091	0.0	0.0	0.09090909090909091	0.0	0.0	0.0	0.0	0.0	0.07792207792207792	0.07792207792207792	0.0	0.07792207792207792	0.07792207792207792	0.0	0.0	0.0	7
Fusobacterium	0	0	0	0	0	0	0	0	0	0	0	0	0	0	0	0	0	0	0	0	0.0	0.03409090909090909	0.0	0.0	0.03409090909090909	0.0	0.0	0.0	0.0	0.0	0.0	0.0	0.022727272727272728	0.011363636363636364	0.0	0.0	0.0	0.0	0.0	0.0	8
Fusobacterium_gonidiaformans_ATCC_25563	0	0	0	0	0	0	0	0	0	0	0	0	0	0	0	0	0	0	0	0	0.0	0.0	0.0	0.0	0.0	0.0	0.0	0.09090909090909091	0.09090909090909091	0.0	0.0	0.0	0.0	0.0	0.0	0.09090909090909091	0.0	0.0	0.0	0.0	1
Fusobacterium_necrophorum_subsp._funduliforme	0	0	0	0	0	0	0	0	0	0	0	0	0	0	0	0	0	0	0	0	0.0	0.0	0.0	0.0	0.0	0.0	0.0	0.0	0.0	0.0	0.0	0.0	0.0	0.0	0.0	0.0	0.0	0.0	0.0	0.0	1
Fusobacterium_nucleatum	0	0	0	0	0	0	0	0	0	0	0	0	0	0	0	0	0	0	0	0	0	0	0	0	0	0	0	0	0	0	0	0	0	0	0	0	0	0	0	0	0
Goatpox_virus	0	0	0	0	0	0	0	0	0	0	0	0	0	0	0	0	0	0	0	0	0	0	0	0	0	0	0	0	0	0	0	0	0	0	0	0	0	0	0	0	0
Haemophilus_influenzae	0	0	0	0	0	0	0	0	0	0	0	0	0	0	0	0	0	0	0	0	0.0	0.0	0.0	0.0	0.0	0.06719367588932806	0.0	0.0	0.003952569169960474	0.0	0.05928853754940711	0.011857707509881422	0.0	0.011857707509881422	0.0	0.023715415019762844	0.0	0.0	0.011857707509881422	0.0	23
Haemophilus_influenzae_10810	0	0	0	0	0	0	0	0	0	0	0	0	0	0	0	0	0	0	0	0	0.0	0.0	0.0	0.0	0.09090909090909091	0.09090909090909091	0.0	0.0	0.0	0.0	0.09090909090909091	0.0	0.0	0.0	0.0	0.0	0.0	0.0	0.0	0.0	1
Haemophilus_influenzae_2019	0	0	0	0	0	0	0	0	0	0	0	0	0	0	0	0	0	0	0	0	0.0	0.0	0.0	0.09090909090909091	0.09090909090909091	0.0	0.0	0.0	0.0	0.0	0.0	0.0	0.0	0.0	0.008264462809917356	0.008264462809917356	0.0	0.0	0.0	0.0	11
Helicobacter_cinaedi	0	0	0	0	0	1.0	0	0	0	0	0	0	0	0	0	0	0	0	0	0	0.0	0.0	0.0	0.03636363636363636	0.0	0.03636363636363636	0.0	0.03636363636363636	0.05454545454545454	0.0	0.0	0.0	0.0	0.01818181818181818	0.0	0.0	0.0	0.0	0.03636363636363636	0.0	5
Helicobacter_pylori	0	0	0	0	0	0	0	0	0	0.125	0	0	0	0	0.0024813895781637717	0	0	0	0	0	0.012626262626262628	3.7878787878787873E-4	0.012626262626262628	3.7878787878787873E-4	0.0016414141414141416	0.0018939393939393938	0.01287878787878788	2.525252525252525E-4	3.7878787878787873E-4	3.7878787878787873E-4	0.0	1.2626262626262626E-4	0.0	0.0	0.01287878787878788	0.0	1.2626262626262626E-4	0.0	0.012626262626262628	0.0	720
Helicobacter_pylori_Puno120	0	0	0	0	0	0	0	0	0	0	0	0	0	0	0	0	0	0	0	0	0.0	0.0	0.0	0.0	0.0	0.0	0.0	0.0	0.0	0.0	0.0	0.045454545454545456	0.0	0.0	0.0	0.0	0.0	0.0	0.0	0.0	2
Helicobacter_pylori_SJM180	0	0	0	0	0	0	0	0	0	0	0	0	0	0	0	0	0	0	0	0	0.0	0.0	0.0	0.0	0.0	0.0	0.0	0.0	0.0	0.0	0.0	0.0	0.0	0.0	0.0	0.0	0.0	0.0	0.0	0.0	4
Helicobacter_pylori_Shi112	0	0	0	0	0	0	0	0	0	0	0	0	0	0	0	0	0	0	0	0	0.0	0.0	0.0	0.045454545454545456	0.0	0.0	0.045454545454545456	0.0	0.0	0.0	0.0	0.0	0.045681818181818185	0.0	0.0	0.0	0.0	0.0	0.045454545454545456	0.0	400
Hepatitis_B_virus	0	0	0	0	0	0	0	0	0	0	0	0	0	0	0	0	0	0	0	0	0	0	0	0	0	0	0	0	0	0	0	0	0	0	0	0	0	0	0	0	0
Hepatitis_E_virus	0	0	0	0	0	0	0	0	0	0	0	0	0	0	0	0	0	0	0	0	0	0	0	0	0	0	0	0	0	0	0	0	0	0	0	0	0	0	0	0	0
Hepatitis_delta_virus	0	0	0	0	0	0	0	0	0	0	0	0	0	0	0	0	0	0	0	0	0	0	0	0	0	0	0	0	0	0	0	0	0	0	0	0	0	0	0	0	0
Human_adenovirus_1	0	0	0	0	0	0	0	0	0	0	0	0	0	0	0	0	0	0	0	0	0	0	0	0	0	0	0	0	0	0	0	0	0	0	0	0	0	0	0	0	0
Human_adenovirus_2	0	0	0	0	0	0	0	0	0	0	0	0	0	0	0	0	0	0	0	0	0	0	0	0	0	0	0	0	0	0	0	0	0	0	0	0	0	0	0	0	0
Human_adenovirus_35	0	0	0	0	0	0	0	0	0	0	0	0	0	0	0	0	0	0	0	0	0	0	0	0	0	0	0	0	0	0	0	0	0	0	0	0	0	0	0	0	0
Human_adenovirus_5	0	0	0	0	0	0	0	0	0	0	0	0	0	0	0	0	0	0	0	0	0	0	0	0	0	0	0	0	0	0	0	0	0	0	0	0	0	0	0	0	0
Human_adenovirus_54	0	0	0	0	0	0	0	0	0	0	0	0	0	0	0	0	0	0	0	0	0	0	0	0	0	0	0	0	0	0	0	0	0	0	0	0	0	0	0	0	0
Human_adenovirus_7	0	0	0	0	0	0	0	0	0	0	0	0	0	0	0	0	0	0	0	0	0	0	0	0	0	0	0	0	0	0	0	0	0	0	0	0	0	0	0	0	0
Human_alphaherpesvirus_1	0	0	0	0	0	0	0	0	0	0	0	0	0	0	0	0	0	0	0	0	0	0	0	0	0	0	0	0	0	0	0	0	0	0	0	0	0	0	0	0	0
Human_alphaherpesvirus_2	0	0	0	0	0	0	0	0	0	0	0	0	0	0	0	0	0	0	0	0	0	0	0	0	0	0	0	0	0	0	0	0	0	0	0	0	0	0	0	0	0
Human_alphaherpesvirus_3	0	0	0	0	0	0	0	0	0	0	0	0	0	0	0	0	0	0	0	0	0	0	0	0	0	0	0	0	0	0	0	0	0	0	0	0	0	0	0	0	0
Human_gammaherpesvirus_4	0	0	0	0	0	0	0	0	0	0	0	0	0	0	0	0	0	0	0	0	0	0	0	0	0	0	0	0	0	0	0	0	0	0	0	0	0	0	0	0	0
Human_herpesvirus_4_type_2	0	0	0	0	0	0	0	0	0	0	0	0	0	0	0	0	0	0	0	0	0	0	0	0	0	0	0	0	0	0	0	0	0	0	0	0	0	0	0	0	0
Human_mastadenovirus_C	0	0	0	0	0	0	0	0	0	0	0	0	0	0	0	0	0	0	0	0	0	0	0	0	0	0	0	0	0	0	0	0	0	0	0	0	0	0	0	0	0
JC_polyomavirus	0	0	0	0	0	0	0	0	0	0	0	0	0	0	0	0	0	0	0	0	0	0	0	0	0	0	0	0	0	0	0	0	0	0	0	0	0	0	0	0	0
Klebsiella_aerogenes	0.75	0	0	0.5	0	0	0	0	0	0	0	0	0	0	0	0	0	0	0	0.375	0.026515151515151516	0.007575757575757576	0.0	0.011363636363636362	0.0	0.011363636363636362	0.0	0.011363636363636362	0.003787878787878788	0.0	0.011363636363636362	0.041666666666666664	0.003787878787878788	0.01893939393939394	0.007575757575757576	0.007575757575757576	0.003787878787878788	0.003787878787878788	0.041666666666666664	0.026515151515151516	24
Klebsiella_aerogenes_EA1509E	0	0	0	0	0	0	0	0	0	0	0	0	0.3235294117647059	0	0	0	0	0	0	0	0.0	0.0	0.020454545454545454	0.00909090909090909	0.0	0.020454545454545454	0.0	0.0	0.020454545454545454	0.031818181818181815	0.0	0.0	0.02727272727272727	0.0	0.0	0.02727272727272727	0.0	0.02727272727272727	0.0	0.020454545454545454	40
Klebsiella_michiganensis	0.1111111111111111	0	0	0	0	0	0	0	0	0	0	0.16666666666666666	0	0	0	0	0	0	0	0	0.0598669623059867	0.0022172949002217295	0.0022172949002217295	0.024390243902439025	0.004434589800443459	0.0	0.0022172949002217295	0.0	0.006651884700665188	0.0022172949002217295	0.006651884700665188	0.008869179600886918	0.004434589800443459	0.0	0.008869179600886918	0.006651884700665188	0.0	0.0022172949002217295	0.0532150776053215	0.04878048780487805	41
Klebsiella_michiganensis_HKOPL1	0	0	0	0	0	0	0	0	0	0	0	0	0	0	0	0	0	0	0	0	0.0	0.0	0.0	0.0	0.0	0.0	0.0	0.0	0.0	0.0	0.0	0.0	0.0	0.045454545454545456	0.045454545454545456	0.0	0.0	0.0	0.045454545454545456	0.0	2
Klebsiella_michiganensis_KCTC_1686	0	0	0	0	0	0	0	0	0	0	0	0	0	0	0	0	0	0	0	0	0.0	0.0	0.0	0.0	0.09090909090909091	0.09090909090909091	0.0	0.0	0.0	0.0	0.07792207792207792	0.07792207792207792	0.0	0.07792207792207792	0.0	0.0	0.0	0.0	0.012987012987012988	0.0	7
Klebsiella_oxytoca	0.058823529411764705	0	0	0	0	0	0	0	0	0	0	0	0	0	0	0	0	0	0	0	0.0303030303030303	0.0030303030303030303	0.0	0.0	0.0030303030303030303	0.00909090909090909	0.027272727272727275	0.03333333333333333	0.0030303030303030303	0.0	0.0	0.006060606060606061	0.0	0.0030303030303030303	0.006060606060606061	0.0	0.006060606060606061	0.03333333333333333	0.01515151515151515	0.012121212121212121	30
Klebsiella_pneumoniae	0	0	0	0	0	0	0	0	0	0	0	0	0	0	0.03571428571428571	0	0	0	0.009259259259259259	0.02727272727272727	0.0014487504527345165	0.0021731256791017745	0.0021731256791017745	0.0	0.0025353132922854038	0.0014487504527345165	0.0	7.243752263672582E-4	7.243752263672582E-4	0.036218761318362915	0.0018109380659181455	0.0018109380659181455	3.621876131836291E-4	0.0	7.243752263672582E-4	0.0032596885186526622	0.0373053241579138	0.0	0.003621876131836291	0.0010865628395508873	251
Klebsiella_pneumoniae_subsp._pneumoniae	0	0	0	0	0	0	0.8333333333333334	0	0	0	0	0	0	0	0	0	0	0	0	0	6.226650062266501E-4	0.0	0.0043586550435865505	0.0709838107098381	0.0024906600249066002	0.0	0.015566625155666253	0.009962640099626401	0.0	0.0	0.0	0.06226650062266501	0.0	0.0	0.06226650062266501	6.226650062266501E-4	6.226650062266501E-4	0.0	0.0	6.226650062266501E-4	146
Klebsiella_pneumoniae_subsp._pneumoniae_KPNIH24	0	0	0	0	0	0	0	0	0	0	0	0	0	0	0	0	0	0	0	0	0.0	0.0	0.0	0.0	0.0	0.0	0.0	0.0	0.0	0.0	0.07792207792207792	0.0	0.0	0.0	0.0	0.0	0.07792207792207792	0.0	0.0	0.012987012987012988	7
Klebsiella_pneumoniae_subsp._pneumoniae_KPNIH27	0	0	0	0	0	0	0	0	0	0	0	0	0	0	0	0	0	0	0	0	0.0	0.0	0.0	0.0	0.03896103896103896	0.0	0.0	0.0	0.0	0.0	0.0	0.0	0.0	0.0	0.05194805194805195	0.0	0.0	0.0	0.0	0.0	7
Klebsiella_pneumoniae_subsp._rhinoscleromatis	0	0	0	0	0	0	0	0	0	0	0	0	0	0	0	0	0	0	0	0	0	0	0	0	0	0	0	0	0	0	0	0	0	0	0	0	0	0	0	0	0
Legionella_anisa	0	0	0	0	0	0	0	0	0	0	0.16666666666666666	0	0	0	0	0	0.2	0	0	0	0.03305785123966942	0.008264462809917356	0.0	0.01652892561983471	0.01652892561983471	0.008264462809917356	0.03305785123966942	0.0	0.008264462809917356	0.01652892561983471	0.01652892561983471	0.0	0.01652892561983471	0.0	0.0	0.0	0.008264462809917356	0.008264462809917356	0.0	0.008264462809917356	11
Legionella_lansingensis	0	0	0.3333333333333333	0	0	0	0	0	0	0	0	0	0	0	0	0	0	0	0	0	0.0	0.0	0.030303030303030304	0.0	0.0	0.0	0.0	0.0	0.0	0.0	0.0	0.0	0.0	0.0	0.0	0.0	0.0	0.0	0.0	0.0	3
Legionella_pneumophila	0	0	0	0	0	0	0	0	0	0.16666666666666666	0.037037037037037035	0.08333333333333333	0	0.15384615384615385	0	0	0	0	0	0.04	0.00439882697947214	0.02785923753665689	0.010263929618768328	0.03519061583577712	0.005865102639296188	0.03372434017595308	0.06304985337243402	0.06158357771260997	0.03225806451612903	0.002932551319648094	0.005865102639296188	0.03372434017595308	0.005865102639296188	0.011730205278592375	0.002932551319648094	0.007331378299120234	0.00439882697947214	0.0	0.010263929618768328	0.002932551319648094	62
Legionella_pneumophila_str._Corby	0	0	0	0	0	0	0	0	0	0	0	0	0	0	0	0	0	0	0	0	0.0	0.0	0.0	0.0	0.0	0.0	0.0	0.0	0.0	0.0	0.0	0.0	0.045454545454545456	0.0	0.0	0.045454545454545456	0.045454545454545456	0.0	0.0	0.045454545454545456	2
Legionella_pneumophila_subsp._fraseri	0	0	0	0	0	0	0	0	0	0	0	0	0	0	0	0	0	0	0	0	0.0	0.0	0.03896103896103896	0.0	0.0	0.032467532467532464	0.0	0.0	0.0	0.0	0.0	0.03896103896103896	0.0	0.0	0.0	0.0	0.0	0.0	0.03896103896103896	0.03896103896103896	14
Legionella_pneumophila_subsp._pascullei	0	0	0	0	0	0	0	0	0	0	0	0	0	0	0	0	0	0	0	0	0.03787878787878788	0.0	0.03787878787878788	0.0	0.007575757575757576	0.007575757575757576	0.007575757575757576	0.0	0.0	0.0	0.007575757575757576	0.03787878787878788	0.04545454545454545	0.03787878787878788	0.0	0.0	0.03787878787878788	0.0	0.04545454545454545	0.0	12
Legionella_pneumophila_subsp._pneumophila	0	0	0	0	0	0	0	0	0	0	0	0	0	0	0	0	0	0	0	0	0.0	0.0	0.0	0.0	0.0	0.0	0.0	0.0	0.0	0.04040404040404041	0.04040404040404041	0.0	0.04040404040404041	0.0	0.0	0.0	0.0	0.0	0.0	0.0	9
Legionella_pneumophila_subsp._pneumophila_str._Philadelphia_1	0	0	0	0	0	0	0	0	0	0	0	1.0	0	1.0	0	0	1.0	0	0	0	0.0	0.0	0.0	0.0303030303030303	0.0	0.0606060606060606	0.0303030303030303	0.0	0.0	0.0	0.0303030303030303	0.050505050505050504	0.0	0.0303030303030303	0.0	0.0	0.0303030303030303	0.0	0.0	0.0	9
Leptospira_alexanderi	0	0	0	0	0	0	0	0	0	0	0	0	0	0	0	0	0	0	0	0	0	0	0	0	0	0	0	0	0	0	0	0	0	0	0	0	0	0	0	0	0
Leptospira_alstonii	0	0	0	0	0	0	0	0	0	0	0	0	0	0	0	0	0	0	0	0	0	0	0	0	0	0	0	0	0	0	0	0	0	0	0	0	0	0	0	0	0
Leptospira_biflexa	0	0	0	0	0	0	0	0	0	0	0	0	0	0	0	0	0	0	0	0	0	0	0	0	0	0	0	0	0	0	0	0	0	0	0	0	0	0	0	0	0
Leptospira_biflexa_serovar_Patoc	0	0	0	0	0	0	0	0	0	0	0	0	0	0	0	0	0	0	0	0	0.0	0.0	0.0	0.0	0.0	0.0	0.0	0.0	0.0	0.0	0.0	0.0	0.0	0.0	0.0	0.0	0.0	0.09090909090909091	0.0	0.0	1
Leptospira_borgpetersenii	0	0	0	0	0	0	0	0	1.0	0	0	0	0	1.0	0	0	0	0	1.0	0.3333333333333333	0.0	0.0	0.045454545454545456	0.0	0.0	0.0	0.0	0.0	0.045454545454545456	0.0	0.0	0.0	0.0	0.022727272727272728	0.045454545454545456	0.022727272727272728	0.0	0.022727272727272728	0.022727272727272728	0.045454545454545456	4
Leptospira_borgpetersenii_serovar_Ceylonica	0.26666666666666666	0	0	0	0	0	0	0	0	0	0	0	0	0	0	0	0	0	0	0	0.01346801346801347	0.0	0.0	0.0	0.0	0.0	0.0	0.037037037037037035	0.037037037037037035	0.0	0.0033670033670033673	0.0	0.02693602693602694	0.0	0.0	0.0	0.0	0.0101010101010101	0.02693602693602694	0.0	27
Leptospira_broomii	0	0	0	0	0	0	0	0	0	0	0	0	0	0	0	0	0	0	0	0	0	0	0	0	0	0	0	0	0	0	0	0	0	0	0	0	0	0	0	0	0
Leptospira_fainei	0	0	0	0	0	0	0	0	0	0	0	0	0	0	0	0	0	0	0	0	0	0	0	0	0	0	0	0	0	0	0	0	0	0	0	0	0	0	0	0	0
Leptospira_inadai	0	0	0	0	0	0	0	0	0	0	0	0	0	0	0	0	0	0	0	0	0	0	0	0	0	0	0	0	0	0	0	0	0	0	0	0	0	0	0	0	0
Leptospira_interrogans	0	0	0	0	0	0	0	0	0	0	0	0	0	0	0	0	0	0	0	0	0.03263403263403263	0.0	0.002331002331002331	0.05361305361305361	0.05361305361305361	0.02097902097902098	0.0	0.0	0.0	0.0	0.004662004662004662	0.0	0.02097902097902098	0.004662004662004662	0.004662004662004662	0.004662004662004662	0.0	0.08391608391608392	0.02331002331002331	0.039627039627039624	39
Leptospira_interrogans_serovar_Canicola	0	0	0	0	0	0	0	0	0	0	0	0	0	0	0	0	0	0	0	0	0.0	0.0	0.0	0.0	0.0	0.09090909090909091	0.0	0.0	0.0	0.0	0.0	0.0	0.0	0.0	0.09090909090909091	0.0	0.0	0.0	0.0	0.0	1
Leptospira_interrogans_serovar_Manilae	0	0	0	0	0	0	0	0	0	0	0	0	0	0	0	0	0	0	0	0	0.0	0.0	0.0	0.0	0.0	0.0	0.0	0.0	0.0	0.0	0.0	0.0	0.0	0.09090909090909091	0.0	0.0	0.0	0.0	0.0	0.0	1
Leptospira_kirschneri	0	0	0	0	0	0	0	0	0	0	0	0	0	0	0	0	0	0	0	0	0	0	0	0	0	0	0	0	0	0	0	0	0	0	0	0	0	0	0	0	0
Leptospira_kmetyi	0	0	0	0	0	0	0	0	0	0	0	0	0	0	0	0	0	0	0	0	0.0	0.0	0.0	0.0	0.0	0.0	0.0	0.0	0.0	0.0	0.0	0.0	0.0	0.045454545454545456	0.0	0.0	0.0	0.0	0.0	0.045454545454545456	2
Leptospira_licerasiae	0	0	0	0	0	0	0	0	0	0	0	0	0	0	0	0	0	0	0	0	0	0	0	0	0	0	0	0	0	0	0	0	0	0	0	0	0	0	0	0	0
Leptospira_noguchii	0	0	0	0	0	0	0	0	0	0	0	0	0	0	0	0	0	0	0	0	0.05844155844155845	0.0	0.01948051948051948	0.0	0.0	0.0	0.032467532467532464	0.0	0.006493506493506494	0.032467532467532464	0.0	0.006493506493506494	0.0	0.0	0.025974025974025976	0.0	0.012987012987012988	0.032467532467532464	0.006493506493506494	0.025974025974025976	14
Leptospira_santarosai	0	0	0	0	0	0	0	0	0	0	0	0	0	0	0	0	0	0	0	0	0.0	0.022727272727272728	0.045454545454545456	0.0	0.022727272727272728	0.022727272727272728	0.0	0.0	0.0	0.0	0.0	0.045454545454545456	0.0	0.0	0.0	0.022727272727272728	0.0	0.0	0.022727272727272728	0.0	4
Leptospira_santarosai_serovar_Shermani_str._LT_821	0	0	0	0	0	0	0.4	0	0	0	0	0	0	0	0	0	1.0	0	0	1.0	0.0	0.0	0.0	0.04545454545454545	0.0909090909090909	0.0	0.030303030303030304	0.015151515151515152	0.04545454545454545	0.0	0.0	0.0	0.015151515151515152	0.04545454545454545	0.0	0.0	0.030303030303030304	0.0	0.0	0.030303030303030304	6
Leptospira_weilii	0	0	0	0	0	0	0	1.0	0	0	0	0	0	0	0	0	0	0	0	0	0.04545454545454545	0.0	0.0	0.0	0.0	0.0	0.0	0.07575757575757576	0.0	0.0	0.0	0.04545454545454545	0.0	0.04545454545454545	0.0	0.0	0.0	0.04545454545454545	0.0	0.0	6
Leptospira_wolffii	0	0	0	0	0	0	0	0	0	0	0	0	0	0	0	0	0	0	0	0	0	0	0	0	0	0	0	0	0	0	0	0	0	0	0	0	0	0	0	0	0
Listeria_monocytogenes	0	0	0	0	0	0	0	0	0	0	0	0	0	0	0	0	0	0	0	0	0.0	0.0	0.030303030303030304	0.0	0.0	0.0	0.0	0.0	0.06060606060606061	0.0	0.0	0.0	0.0	0.0	0.0	0.0	0.0	0.0	0.0	0.0	3
Listeria_monocytogenes_6179	0	0	0	0	0	0	0	0	0	0	0	0	0	0	0	0	0	0	0	0	0.0	0.0	0.07792207792207792	0.0	0.0	0.0	0.0	0.0	0.09090909090909091	0.0	0.0	0.012987012987012988	0.0	0.0	0.0	0.07792207792207792	0.0	0.0	0.0	0.0	7
Listeria_monocytogenes_J1816	0	1.0	0	0	0	0	0	0	0	0	0	0	0	1.0	0	0	0	0	0	0	0.0	0.09090909090909091	0.0	0.0	0.09090909090909091	0.0	0.0	0.09090909090909091	0.0	0.0	0.0	0.0	0.0	0.012987012987012988	0.0	0.0	0.0	0.0	0.07792207792207792	0.0	7
Lumpy_skin_disease_virus	0	0	0	0	0	0	0	0	0	0	0	0	0	0	0	0	0	0	0	0	0	0	0	0	0	0	0	0	0	0	0	0	0	0	0	0	0	0	0	0	0
Lymphocryptovirus	0	0	0	0	0	0	0	0	0	0	0	0	0	0	0	0	0	0	0	0	0	0	0	0	0	0	0	0	0	0	0	0	0	0	0	0	0	0	0	0	0
Mannheimia_haemolytica	0	1.0	0	0	0	1.0	0	0	0	0	0	0	0	0	0	0	0	0	0	0	0.0	0.07792207792207792	0.0	0.0	0.0	0.07792207792207792	0.0	0.0	0.012987012987012988	0.0	0.06493506493506493	0.012987012987012988	0.012987012987012988	0.0	0.0	0.0	0.0	0.0	0.012987012987012988	0.06493506493506493	7
Measles_morbillivirus	0	0	0	0	0	0	0	0	0	0	0	0	0	0	0	0	0	0	0	0	0	0	0	0	0	0	0	0	0	0	0	0	0	0	0	0	0	0	0	0	0
Methanobrevibacter_oralis	0	0	0	0	0	0	0	0	0	0	0	0	0	0	0	0	0	0	0	0	0	0	0	0	0	0	0	0	0	0	0	0	0	0	0	0	0	0	0	0	0
Moraxella_catarrhalis	0	0	0	0	0	0	0	0	0	0	0	0	0	0	0	0	0	0	0	0	0	0	0	0	0	0	0	0	0	0	0	0	0	0	0	0	0	0	0	0	0
Morbillivirus	0	0	0	0	0	0	0	0	0	0	0	0	0	0	0	0	0	0	0	0	0	0	0	0	0	0	0	0	0	0	0	0	0	0	0	0	0	0	0	0	0
Mycobacterium_avium	0.04025423728813559	0.004228329809725159	0.09762532981530343	0.11585365853658537	0.05277777777777778	0.0427807486631016	0.027837259100642397	0.06	0.0679886685552408	0.09653465346534654	0.019178082191780823	0.030162412993039442	0.016042780748663103	0.06779661016949153	0.017316017316017316	0.033950617283950615	0.10071942446043165	0	0.06451612903225806	0.03064066852367688	0.010492165389659695	0.008697452888796853	0.010008973562504315	0.009870918754745633	0.01387450817974736	0.007178850003451371	0.013184234140953958	0.01573824808448954	0.012562987506039899	0.011734658659487817	0.005384137502588528	0.00793815144612411	0.008835507696555533	0.011320494236211776	0.010837302409056396	0.015324083661213503	0.013805480775868021	0.009318699523710913	0.011665631255608476	0.01504797404569614	1317
Mycobacterium_avium_subsp._avium	0.09090909090909091	0	0	0.3157894736842105	0	0	0.25	0	0	0	0	0	0	0	0.1111111111111111	0	0	0	0	0	0.008264462809917356	0.002066115702479339	0.004132231404958678	0.02066115702479339	0.01652892561983471	0.012396694214876032	0.014462809917355372	0.004132231404958678	0.01652892561983471	0.004132231404958678	0.008264462809917356	0.028925619834710745	0.002066115702479339	0.004132231404958678	0.012396694214876032	0.0	0.004132231404958678	0.022727272727272728	0.002066115702479339	0.008264462809917356	44
Mycobacterium_avium_subsp._hominissuis	0.05555555555555555	0	0.22641509433962265	0.017241379310344827	0.05357142857142857	0.05357142857142857	0.03333333333333333	0	0.11320754716981132	0.05263157894736842	0.031746031746031744	0.043478260869565216	0	0.015384615384615385	0.07142857142857142	0	0.08	0	0	0.07575757575757576	0.014173998044965786	0.00635386119257087	0.010752688172043012	0.012218963831867059	0.018084066471163247	0.013685239491691105	0.010752688172043012	0.009775171065493646	0.009286412512218964	0.015640273704789834	0.007331378299120234	0.008308895405669599	0.002932551319648094	0.007820136852394917	0.021505376344086023	0.012218963831867059	0.017595307917888565	0.015640273704789834	0.008797653958944282	0.011730205278592375	186
Mycobacterium_avium_subsp._paratuberculosis	0.09090909090909091	0.09090909090909091	0	0	0	0	0	0	0	0	0	0.09090909090909091	0	0	0.058823529411764705	0	0.14285714285714285	0	0	0	0.014545454545454545	0.014545454545454545	0.0036363636363636364	0.0036363636363636364	0.007272727272727273	0.0036363636363636364	0.01818181818181818	0.010909090909090908	0.010909090909090908	0.007272727272727273	0.0036363636363636364	0.010909090909090908	0.021818181818181816	0.007272727272727273	0.014545454545454545	0.010909090909090908	0.014545454545454545	0.0036363636363636364	0.025454545454545455	0.007272727272727273	25
Mycobacterium_canettii	0	0.08333333333333333	0.14285714285714285	0	0.25	0.16666666666666666	0	0	0	0	0	0	0.25	0	0	0	0	0	0	0	0.0030303030303030303	0.012121212121212121	0.00909090909090909	0.0030303030303030303	0.012121212121212121	0.00909090909090909	0.012121212121212121	0.012121212121212121	0.006060606060606061	0.00909090909090909	0.00909090909090909	0.0030303030303030303	0.012121212121212121	0.01818181818181818	0.006060606060606061	0.006060606060606061	0.012121212121212121	0.0030303030303030303	0.006060606060606061	0.00909090909090909	30
Mycobacterium_colombiense	0	0	0	0	0	0	0	0	0	0	0	0	0	0	0	0	0	0	0	0	0	0	0	0	0	0	0	0	0	0	0	0	0	0	0	0	0	0	0	0	0
Mycobacterium_colombiense_CECT_3035	0.13636363636363635	0.08108108108108109	0	0.058823529411764705	0.09090909090909091	0.06666666666666667	0.047619047619047616	0.1111111111111111	0.030303030303030304	0	0	0	0.025	0.07692307692307693	0	0.047619047619047616	0	0.08108108108108109	0.034482758620689655	0	0.014058106841611994	0.010309278350515464	0.010309278350515464	0.011246485473289596	0.015932521087160263	0.015932521087160263	0.01218369259606373	0.015932521087160263	0.011246485473289596	0.005623242736644798	0.013120899718837863	0.006560449859418931	0.01780693533270853	0.011246485473289596	0.010309278350515464	0.008434864104967198	0.006560449859418931	0.010309278350515464	0.01499531396438613	0.01218369259606373	97
Mycobacterium_intracellulare	0.0425531914893617	0.12195121951219512	0.06976744186046512	0.041666666666666664	0.06976744186046512	0.12244897959183673	0.11320754716981132	0.08333333333333333	0.044444444444444446	0.029411764705882353	0	0.022222222222222223	0.03571428571428571	0.02857142857142857	0.06818181818181818	0	0.07407407407407407	0	0	0.11764705882352941	0.005637773079633545	0.018322762508809022	0.015503875968992248	0.011980267794221282	0.00704721634954193	0.014799154334038056	0.019027484143763214	0.01409443269908386	0.007751937984496124	0.01127554615926709	0.003523608174770965	0.005637773079633545	0.009161381254404511	0.01127554615926709	0.012684989429175477	0.011980267794221282	0.01127554615926709	0.005637773079633545	0.007751937984496124	0.015503875968992248	129
Mycobacterium_intracellulare_subsp._yongonense	0.23333333333333334	0	0.05	0.1794871794871795	0	0	0	0	0	0.15384615384615385	0	0	0	0.2222222222222222	0	0	0.10526315789473684	0	0	0.11764705882352941	0.020202020202020204	0.008264462809917356	0.011937557392102846	0.012855831037649219	0.0073461891643709825	0.006427915518824609	0.010101010101010102	0.0018365472910927456	0.0036730945821854912	0.009182736455463728	0.0073461891643709825	0.004591368227731864	0.006427915518824609	0.012855831037649219	0.005509641873278236	0.0018365472910927456	0.005509641873278236	0.014692378328741965	0.0073461891643709825	0.005509641873278236	99
Mycobacterium_kansasii	0.05333333333333334	0.09523809523809523	0.02631578947368421	0.06493506493506493	0.0136986301369863	0.015625	0.05084745762711865	0.03125	0.047619047619047616	0.017857142857142856	0.05405405405405406	0.05263157894736842	0.06779661016949153	0.08333333333333333	0.02631578947368421	0	0.034482758620689655	0.031746031746031744	0.03529411764705882	0.027777777777777776	0.008620689655172414	0.011755485893416927	0.012539184952978056	0.009012539184952978	0.007445141065830721	0.0109717868338558	0.013714733542319748	0.010188087774294672	0.014498432601880879	0.005877742946708463	0.008228840125391849	0.008620689655172414	0.008620689655172414	0.010579937304075235	0.008228840125391849	0.013714733542319748	0.010579937304075235	0.009796238244514107	0.008620689655172414	0.014106583072100314	232
Mycobacterium_leprae	0	0	0	0	0	0	0	0	0	0	0	0	0	0	0	0	0	0	0	0	0	0	0	0	0	0	0	0	0	0	0	0	0	0	0	0	0	0	0	0	0
Mycobacterium_leprae_Kyoto-2	0	0	0	0	0	0	0	0	0	0	0	0	0	0	0	0	0	0	0	0	0.011363636363636364	0.0	0.06818181818181818	0.011363636363636364	0.0	0.0	0.0	0.0	0.056818181818181816	0.0	0.0	0.011363636363636364	0.0	0.011363636363636364	0.0	0.022727272727272728	0.0	0.0	0.0	0.0	8
Mycobacterium_marseillense	0	0.058823529411764705	0.05	0	0	0	0	0	0.125	0	0.05263157894736842	0.07692307692307693	0	0.07692307692307693	0	0	0	0.15	0	0	0.012121212121212121	0.01818181818181818	0.013636363636363637	0.012121212121212121	0.004545454545454545	0.012121212121212121	0.0030303030303030303	0.007575757575757575	0.01515151515151515	0.00909090909090909	0.013636363636363637	0.01515151515151515	0.004545454545454545	0.016666666666666666	0.0196969696969697	0.0015151515151515152	0.01515151515151515	0.02878787878787879	0.00909090909090909	0.010606060606060607	60
Mycobacterium_sp._JS623	0.048034934497816595	0.04398148148148148	0.04357798165137615	0.06367924528301887	0.04513064133016627	0.036585365853658534	0.04866180048661801	0.030660377358490566	0.019184652278177457	0.03571428571428571	0.026378896882494004	0.051643192488262914	0.026378896882494004	0.03990610328638498	0.040380047505938245	0.036057692307692304	0.05250596658711217	0.06060606060606061	0.03875968992248062	0.020642201834862386	0.010502133245815556	0.010830324909747292	0.011092878240892681	0.011224154906465375	0.011289793239251724	0.010239579914670168	0.00918936659008861	0.009517558254020347	0.009386281588447653	0.008007876599934361	0.010305218247456515	0.011617984903183458	0.008795536593370528	0.009451919921234002	0.009780111585165736	0.009583196586806696	0.010173941581883821	0.011880538234328848	0.00925500492287496	0.010239579914670168	1385
Mycobacterium_sp._YC-RL4	0.10909090909090909	0.05555555555555555	0.03636363636363636	0	0.12121212121212122	0.058823529411764705	0	0.057692307692307696	0.0847457627118644	0	0.0975609756097561	0.024390243902439025	0	0.018867924528301886	0	0	0	0.05263157894736842	0.047619047619047616	0.05555555555555555	0.012163892445582587	0.012163892445582587	0.011523687580025609	0.008962868117797696	0.014084507042253521	0.013444302176696543	0.0076824583866837385	0.009603072983354673	0.008322663252240717	0.009603072983354673	0.019206145966709345	0.009603072983354673	0.0076824583866837385	0.012163892445582587	0.014084507042253521	0.006402048655569782	0.008962868117797696	0.010243277848911651	0.011523687580025609	0.012804097311139564	142
Mycobacterium_tuberculosis	0.16666666666666666	0.043478260869565216	0	0	0	0	0	0.125	0	0.04	0	0.09523809523809523	0.13793103448275862	0	0.06896551724137931	0	0.21052631578947367	0	0.08695652173913043	0	0.019318181818181818	0.007954545454545454	0.007954545454545454	0.00909090909090909	0.025	0.007954545454545454	0.003409090909090909	0.017045454545454544	0.003409090909090909	0.0125	0.010227272727272727	0.015909090909090907	0.015909090909090907	0.015909090909090907	0.015909090909090907	0.006818181818181818	0.014772727272727274	0.013636363636363636	0.019318181818181818	0.004545454545454545	80
Mycobacterium_tuberculosis_KZN_1435	0.03125	0	0	0	0	0	0	0.21428571428571427	0	0.03333333333333333	0	0	0	0	0.16279069767441862	0	0.12307692307692308	0	0	0.19444444444444445	0.011103400416377515	0.01873698820263706	0.02220680083275503	0.01040943789035392	0.004857737682165163	0.006939625260235947	0.01179736294240111	0.018043025676613464	0.006939625260235947	0.006245662734212353	0.007633587786259542	0.011103400416377515	0.006939625260235947	0.004163775156141568	0.009021512838306732	0.01179736294240111	0.013879250520471894	0.009715475364330326	0.015961138098542677	0.005551700208188758	131
Mycobacterium_tuberculosis_complex	0.10810810810810811	0.11940298507462686	0.07575757575757576	0	0	0	0.020833333333333332	0.14035087719298245	0	0	0.053763440860215055	0.05405405405405406	0	0.1323529411764706	0	0	0.11904761904761904	0.056451612903225805	0	0	0.020761245674740483	0.009436929852154765	0.018244731047499213	0.004403900597672224	0.006291286568103177	0.0050330292544825414	0.009751494180559926	0.015413652091852782	0.011953444479396037	0.006605850896508336	0.013526266121421831	0.016042780748663103	0.010380622837370242	0.011638880150990879	0.010380622837370242	0.004718464926077383	0.023277760301981757	0.01100975149418056	0.013526266121421831	0.012897137464611512	289
Mycobacterium_tuberculosis_variant_africanum	0	0	0	0	0	0	0	0	0	0	0	0	0	0	0	0	0	0	0	0	0	0	0	0	0	0	0	0	0	0	0	0	0	0	0	0	0	0	0	0	0
Mycobacterium_tuberculosis_variant_bovis	0	0	0	0	0	0	0	0	0	0	0	0	0	0	0	0	0	0	0	0	0	0	0	0	0	0	0	0	0	0	0	0	0	0	0	0	0	0	0	0	0
Mycobacteroides_abscessus	0.03968253968253968	0	0	0.29850746268656714	0.1509433962264151	0.006968641114982578	0.2098360655737705	0.1780821917808219	0	0.3816793893129771	0.06498194945848375	0.09836065573770492	0	0.007326007326007326	0.031007751937984496	0	0	0.0625	0	0	0.01342725071538631	0.007043803653973146	0.010015408320493068	0.011556240369799691	0.010345586616773057	0.002421307506053269	0.011005943209333041	0.020801232665639446	0.009795289456306406	0.012106537530266344	0.009685230024213076	0.017169271406559543	0.002421307506053269	0.01342725071538631	0.006273387629319832	0.01441778560422628	0.002971604666519921	0.011005943209333041	0.0017609509134932865	0.020471054369359455	826
Mycobacteroides_abscessus_subsp._abscessus	0	0.36363636363636365	0	0.25	0	0	0	0	0	0	0	0	0	0	0	0.05	0	0	0.17857142857142858	0	0.0	0.03339517625231911	0.00927643784786642	0.01855287569573284	0.01855287569573284	0.014842300556586271	0.01855287569573284	0.011131725417439703	0.0	0.0	0.0	0.0018552875695732839	0.0	0.0	0.011131725417439703	0.0018552875695732839	0.0	0.0018552875695732839	0.014842300556586271	0.0352504638218924	49
Mycobacteroides_abscessus_subsp._bolletii	0	0	0	0	0	0	0	0	0	0	0	0	0	0	0	0	0	0	0	0	0.0	0.03409090909090909	0.0	0.0	0.03977272727272727	0.0	0.03977272727272727	0.0	0.022727272727272728	0.03977272727272727	0.0	0.045454545454545456	0.005681818181818182	0.0	0.03977272727272727	0.0	0.0	0.0	0.005681818181818182	0.022727272727272728	16
Mycobacteroides_abscessus_subsp._bolletii_50594	0	0	0.16666666666666666	0.3333333333333333	0	0	0	0	0	0	0	0	0	1.0	0	0.5	0	0.2	0	0	0.0	0.010101010101010102	0.010101010101010102	0.010101010101010102	0.010101010101010102	0.0	0.010101010101010102	0.0	0.010101010101010102	0.0	0.0	0.0	0.0	0.010101010101010102	0.0	0.020202020202020204	0.010101010101010102	0.010101010101010102	0.010101010101010102	0.020202020202020204	9
Mycobacteroides_abscessus_subsp._massiliense	0.2857142857142857	0	0	0.5	0	0	0.35294117647058826	0	0	0	0	0	0	0	0	0	0	0	0	0	0.006993006993006993	0.0	0.03671328671328671	0.033216783216783216	0.019230769230769232	0.0017482517482517483	0.020979020979020976	0.00874125874125874	0.010489510489510488	0.0	0.02972027972027972	0.0	0.006993006993006993	0.005244755244755244	0.0017482517482517483	0.0017482517482517483	0.020979020979020976	0.0017482517482517483	0.0034965034965034965	0.010489510489510488	52
Mycobacteroides_abscessus_subsp._massiliense_CCUG_48898_=_JCM_15300	0	0	0	0	0	0	0	0	0	0	0	0	0	0	0.25925925925925924	0	0	0	0	0	0.0	0.021212121212121213	0.0	0.0	0.021212121212121213	0.021212121212121213	0.021212121212121213	0.0	0.0	0.006060606060606061	0.021212121212121213	0.024242424242424242	0.00909090909090909	0.0	0.0303030303030303	0.0030303030303030303	0.0303030303030303	0.0303030303030303	0.0	0.00909090909090909	30
Mycoplasma_haemocanis	0	0	0	0	0	0	0	0	0	0	0	0	0	0	0	0	0	0	0	0	0	0	0	0	0	0	0	0	0	0	0	0	0	0	0	0	0	0	0	0	0
Mycoplasma_haemofelis	0	0	0	0	0	0	0	0	0	0	0	0	0	0	0	0	0	0	0	0	0	0	0	0	0	0	0	0	0	0	0	0	0	0	0	0	0	0	0	0	0
Mycoplasma_mycoides	0	0	0	0	0	0	0	0	0	0	0	0	0	0	0	0	0	0	0	0	0	0	0	0	0	0	0	0	0	0	0	0	0	0	0	0	0	0	0	0	0
Mycoplasma_mycoides_subsp._capri_LC_str._95010	0	0	0	0	0	0	0	0	0	0	0	0	0	0	0	0	0	0	0	0	0.09090909090909091	0.0	0.0	0.0	0.0	0.0	0.09090909090909091	0.0	0.09090909090909091	0.09090909090909091	0.0	0.0	0.0	0.09090909090909091	0.045454545454545456	0.0	0.0	0.045454545454545456	0.0	0.0	2
Mycoplasma_ovipneumoniae	0	0	0	0	0	0	0	0	0	0	0	0	0	0	0	0	0	0	0	0	0	0	0	0	0	0	0	0	0	0	0	0	0	0	0	0	0	0	0	0	0
Mycoplasma_pneumoniae	0	0	0	0	0	0	0	0	0	0	0	0	0	0	0	0	0	0	0	0	0	0	0	0	0	0	0	0	0	0	0	0	0	0	0	0	0	0	0	0	0
Neisseria_elongata	0	0	0	0	0	0	0	0	0	0	0	0	0	0	0	0	0	0	0	0	0	0	0	0	0	0	0	0	0	0	0	0	0	0	0	0	0	0	0	0	0
Neisseria_elongata_subsp._glycolytica	0	0	0	0	0	0	0	0.3333333333333333	0	0	0	0	0	0	0	0	0	0	0	0	0.0	0.0	0.01818181818181818	0.0	0.0	0.0	0.0	0.01818181818181818	0.0	0.0	0.0	0.0	0.0	0.0	0.0	0.0	0.0	0.0	0.01818181818181818	0.01818181818181818	5
Neisseria_gonorrhoeae	0	0	0	0	0	0	0	0.6363636363636364	0	0	0	0	0	0	0	0	0	0	0	0	0.017316017316017316	0.0	0.025974025974025972	0.0	0.0	0.0	0.0	0.030303030303030304	0.0	0.0	0.0	0.0	0.0	0.0	0.0	0.0	0.017316017316017316	0.021645021645021644	0.0	0.025974025974025972	21
Neisseria_gonorrhoeae_NG-k51.05	0	0	0	0	0	0	0	0	0	0	0	0	0	0	0	0	0	0	0	1.0	0.0	0.0	0.0	0.0	0.0	0.0	0.0909090909090909	0.0	0.0	0.0	0.0	0.0	0.0	0.06060606060606061	0.0	0.030303030303030304	0.06060606060606061	0.0	0.0	0.030303030303030304	3
Neisseria_meningitidis	0	0	0	0.47619047619047616	0	0	0	0	0.7088607594936709	0	0	0.05263157894736842	0.058823529411764705	0	0.022222222222222223	0.012987012987012988	0	0	0	0	0.007974481658692184	0.04784688995215311	0.011961722488038277	0.009569377990430622	0.004784688995215311	0.0	0.044657097288676235	0.04784688995215311	0.044657097288676235	0.001594896331738437	0.0	0.013556618819776715	7.974481658692185E-4	0.001594896331738437	0.008771929824561403	7.974481658692185E-4	0.001594896331738437	0.02073365231259968	0.012759170653907496	0.043859649122807015	114
Neisseria_meningitidis_LNP21362	0	0	0	0	0	0	0	0	0	0	0	1.0	0	0	1.0	0	0	0	0	0	0.0	0.0	0.0	0.0	0.0	0.0	0.0	0.0	0.09090909090909091	0.09090909090909091	0.0	0.013774104683195593	0.0	0.0881542699724518	0.0743801652892562	0.0	0.0	0.0	0.0	0.0881542699724518	33
Neisseria_meningitidis_M01-240355	0	0	0	0	0	0	0	0	0	0	0	0	0	0	0	0	0	0	0	0	0.09090909090909091	0.0	0.0	0.09090909090909091	0.0	0.0	0.09090909090909091	0.0	0.0	0.0	0.0	0.0	0.0	0.0	0.0	0.0	0.0	0.0	0.0	0.0	2
Neisseria_meningitidis_MC58	0	0	0	0	0	0	0	0	0	0	0	0	0	0	0	0	0	0	0	0	0.0	0.0	0.09090909090909091	0.0	0.0	0.0	0.0	0.0	0.0	0.0	0.0	0.0	0.0	0.0	0.0	0.0	0.0	0.045454545454545456	0.0	0.045454545454545456	2
Neisseria_mucosa	0	0	0	0	0	0	0	0	0	0	0	0	0	0	0	0	0	0	0	0.3333333333333333	0.0	0.0	0.0	0.0	0.0	0.0	0.0	0.0	0.030303030303030304	0.0	0.0	0.030303030303030304	0.0	0.0	0.0	0.0	0.0	0.0	0.0	0.030303030303030304	3
Neisseria_sicca	1.0	0	0	0	0	0	0	0	0	0	0	0	0	0	0	0	0	0	0	0	0.030303030303030304	0.0	0.030303030303030304	0.0	0.030303030303030304	0.0	0.0	0.0	0.0	0.030303030303030304	0.0	0.0	0.0	0.0	0.030303030303030304	0.030303030303030304	0.030303030303030304	0.030303030303030304	0.0	0.030303030303030304	3
Neisseria_subflava	0	0	0	0	0	0	0	0	0	0	0	0	0	0	0	0	0	0	0	0	0.0	0.0	0.0	0.0	0.0	0.0	0.09090909090909091	0.0	0.0	0.09090909090909091	0.0	0.09090909090909091	0.0	0.0	0.0	0.0	0.0	0.0	0.0	0.0	1
Neisseria_weaveri	0	0	0	0	0	0.5	0	0	0	0	0	0	0	0	0	0	0	0	0	0	0.0	0.0	0.0	0.0	0.0	0.045454545454545456	0.0	0.0	0.0	0.0	0.0	0.0	0.0	0.0	0.0	0.0	0.0	0.0	0.0	0.0	2
Orthohepadnavirus	0	0	0	0	0	0	0	0	0	0	0	0	0	0	0	0	0	0	0	0	0	0	0	0	0	0	0	0	0	0	0	0	0	0	0	0	0	0	0	0	0
Orthopoxvirus	0	0	0	0	0	0	0	0	0	0	0	0	0	0	0	0	0	0	0	0	0	0	0	0	0	0	0	0	0	0	0	0	0	0	0	0	0	0	0	0	0
Paraavulavirus	0	0	0	0	0	0	0	0	0	0	0	0	0	0	0	0	0	0	0	0	0	0	0	0	0	0	0	0	0	0	0	0	0	0	0	0	0	0	0	0	0
Parvimonas_micra	0	0	0	0	0	0	0	1.0	0	0	0	0	0	0	0	0	0	0	0	0	0.022727272727272728	0.0	0.0	0.022727272727272728	0.0	0.0	0.0	0.022727272727272728	0.0	0.0	0.0	0.0	0.0	0.0	0.0	0.0	0.0	0.0	0.022727272727272728	0.0	4
Pasteurella_multocida	0	0	0	0	0	0	0	0	0	0	0	0	0	0	0	0	0	0	0	0	0.0	0.0	0.001976284584980237	0.029644268774703556	0.0	0.003952569169960474	0.0	0.001976284584980237	0.0	0.02766798418972332	0.0	0.0	0.0	0.0	0.0	0.029644268774703556	0.0	0.0	0.05533596837944664	0.02766798418972332	46
Pasteurella_multocida_subsp._multocida	0	0	0	0	0	0	0	0	0	0	0	0	0	0	0	0	0	0	0	0	0.0	0.0	0.0	0.0	0.0	0.0	0.0	0.045454545454545456	0.0	0.0	0.0	0.0	0.0	0.0	0.0	0.0	0.0	0.0	0.0	0.0	2
Peptostreptococcus_anaerobius	0	0	0	0	0	0	0	0	0	0	0	0	0	0	0	0	0	0	0	0	0	0	0	0	0	0	0	0	0	0	0	0	0	0	0	0	0	0	0	0	0
Polyomaviridae	0	0	0	0	0	0	0	0	0	0	0	0	0	0	0	0	0	0	0	0	0	0	0	0	0	0	0	0	0	0	0	0	0	0	0	0	0	0	0	0	0
Porphyromonas_gingivalis	0	0	0	0	0	0	0	0	0	0	0	0	0	0	0	0	0	0	0	0	0.0	0.0	0.0	0.029325513196480937	0.0	0.005865102639296188	0.0	0.0	0.0	0.0	0.0	0.002932551319648094	0.0	0.0	0.005865102639296188	0.0	0.002932551319648094	0.0	0.0	0.0	31
Porphyromonas_gingivalis_AJW4	0	0	0	1.0	0	0	0	0	0	0	0	0	0	0	0	0.3333333333333333	0	0	0	0	0.0	0.0	0.0	0.0909090909090909	0.0	0.0	0.0	0.0	0.0	0.0	0.0	0.0	0.06060606060606061	0.0	0.0	0.030303030303030304	0.0	0.0	0.06060606060606061	0.0	3
Porphyromonas_gingivalis_W83	0	0	0	0	0	0	0	0	0	0	0	0	0	0	0	0	0	0	0	0	0	0	0	0	0	0	0	0	0	0	0	0	0	0	0	0	0	0	0	0	0
Rickettsia_africae	0	0	0	0	0	0	0	0	0	0	0	0	0	0	0	0	0	0	0	0	0	0	0	0	0	0	0	0	0	0	0	0	0	0	0	0	0	0	0	0	0
Rickettsia_akari	0	0	0	0	0	0	0	0	0	0	0	0	0	0	0	0	0	0	0	0	0	0	0	0	0	0	0	0	0	0	0	0	0	0	0	0	0	0	0	0	0
Rickettsia_conorii	0	0	0	0	0	0	0	0	0	0	0	0	0	0	0	0	0	0	0	0	0	0	0	0	0	0	0	0	0	0	0	0	0	0	0	0	0	0	0	0	0
Rickettsia_felis	0	0	0	0	0	0	0	0	0	0	0	0	0	0	0	0	0	0	0	0	0	0	0	0	0	0	0	0	0	0	0	0	0	0	0	0	0	0	0	0	0
Rickettsia_japonica	0	0	0	0	0	0	0	0	0	0	0	0	0	0	0	0	0	0	0	0	0	0	0	0	0	0	0	0	0	0	0	0	0	0	0	0	0	0	0	0	0
Rickettsia_prowazekii	0	0	0	0	0	0	0	0	0	0	0	0	0	0	0	0	0	0	0	0	0	0	0	0	0	0	0	0	0	0	0	0	0	0	0	0	0	0	0	0	0
Rickettsia_rickettsii	0	0	0	0	0	0	0	0	0	0	0	0	0	0	0	0	0	0	0	0	0	0	0	0	0	0	0	0	0	0	0	0	0	0	0	0	0	0	0	0	0
Rickettsia_sibirica	0	0	0	0	0	0	0	0	0	0	0	0	0	0	0	0	0	0	0	0	0	0	0	0	0	0	0	0	0	0	0	0	0	0	0	0	0	0	0	0	0
Rickettsia_typhi	0	0	0	0	0	0	0	0	0	0	0	0	0	0	0	0	0	0	0	0	0	0	0	0	0	0	0	0	0	0	0	0	0	0	0	0	0	0	0	0	0
Salmonella_enterica	0	0	0	0	0	0	0	0	0	0	0	0	0	0	0	0	0	0	0	0	0.0	0.030208921513269336	0.0	0.028797289666854888	0.0	0.0	0.028232636928289104	0.001976284584980237	0.0	0.0	0.0	0.0	0.0	2.82326369282891E-4	5.64652738565782E-4	0.0	0.0	0.002258610954263128	0.001693958215697346	0.028232636928289104	322
Salmonella_enterica_subsp._VII	0	0	0	0	0	0	0	0	0	0	0	0	0	0	0	0	0	0	0	0	0.0	0.0	0.0	0.0	0.0	0.0	0.0	0.0	0.0	0.0	0.0	0.0	0.0	0.0	0.0	0.0	0.0	0.0	0.0	0.0	1
Salmonella_enterica_subsp._enterica	0	0	0	0	0	0	0	0	0	0	0	0	0	0	0	0	0	0	0	0	0.0	0.025665627248740705	0.0	0.0	0.0	0.0	0.023986567522187578	0.0	0.023986567522187578	0.03094267210362197	0.0014391940513312543	0.017989925641640682	0.027344686975293835	0.0	0.0	0.03094267210362197	0.030223075077956345	0.0079155672823219	0.0	0.025665627248740705	379
Salmonella_enterica_subsp._enterica_serovar_Choleraesuis	0	0	0	0	0	0	0	0	0	0	0	0	0	0	0	0	0	0	0	0	0.0	0.0	0.0	0.0	0.0	0.0	0.0	0.0	0.0	0.0	0.0	0.0	0.0	0.0	0.0	0.0	0.0	0.0	0.09090909090909091	0.0	1
Salmonella_enterica_subsp._enterica_serovar_Derby	0	0	0	0	0	0	0	0	0	0	0	0	0	0	0	0	0	0	0	0	0.0	0.0	0.0	0.09090909090909091	0.0	0.0	0.0	0.0	0.0	0.0	0.0	0.0	0.0	0.0	0.0	0.0	0.0	0.0	0.0	0.0	1
Salmonella_enterica_subsp._enterica_serovar_Inverness	0	0	0	0	0	0	0	0	0	0	0	0	0	0	0	0	0	1.0	0	0	0.09090909090909091	0.09090909090909091	0.0	0.0	0.0	0.0	0.0	0.0	0.0	0.0	0.0	0.045454545454545456	0.0	0.0	0.0	0.0	0.0	0.045454545454545456	0.0	0.045454545454545456	2
Salmonella_enterica_subsp._enterica_serovar_London	0	0	0	0	0	0	0	0	0	0	0	0	0	0	0	0	0	0	0	0	0.0	0.0	0.0	0.0	0.0	0.0	0.0	0.0	0.0	0.0	0.09090909090909091	0.0	0.0	0.0	0.0	0.0	0.0	0.0	0.0	0.09090909090909091	1
Salmonella_enterica_subsp._enterica_serovar_Muenchen	0	0	0	0	0	0	0	0	0	0	0	1.0	0	0	0	0	0	0	0	0	0.0	0.0	0.0	0.0	0.0	0.0	0.0	0.0	0.0	0.0	0.09090909090909091	0.09090909090909091	0.0	0.0	0.0	0.0	0.0	0.0	0.0	0.0	1
Salmonella_enterica_subsp._enterica_serovar_Rubislaw	0	0	0	0	0	0	0	0	0	0	0	0	0	0	0	0	0	0	0	0	0.0	0.0	0.09090909090909091	0.0	0.0	0.09090909090909091	0.0	0.0	0.0	0.0	0.0	0.0	0.0	0.0	0.07954545454545454	0.0	0.0	0.0	0.0	0.0	8
Salmonella_enterica_subsp._enterica_serovar_Typhi	0	0	0	0	0	0	0	0	0	0	0	0	0	0	0	0	0	0	0	0	0.0	0.0	0.0	0.0	0.0	0.0	0.0	0.09090909090909091	0.0	0.0	0.0	0.0	0.0	0.0	0.0	0.0	0.0	0.09090909090909091	0.0	0.0	1
Salmonella_enterica_subsp._enterica_serovar_Typhi_str._Ty2	0	0	0	1.0	0	0	0	0	0	0	0	0	0	0	0	0	0	0	0	0	0.0	0.09090909090909091	0.0	0.09090909090909091	0.0	0.09090909090909091	0.0	0.0	0.09090909090909091	0.0	0.09090909090909091	0.09090909090909091	0.0	0.0	0.09090909090909091	0.0	0.0	0.0	0.0	0.0	1
Salmonella_enterica_subsp._enterica_serovar_Typhimurium	0	0	0	0	0	0	0	0	0	0	0	0	0	0	0	0	0	0	0	0	0	0	0	0	0	0	0	0	0	0	0	0	0	0	0	0	0	0	0	0	0
Salmonella_enterica_subsp._enterica_serovar_Weltevreden	0	0	0	0	0	0	0	0	0	0	0	0	0	0	0	0	0	0	0	0	0.0	0.0	0.0	0.0	0.0	0.0	0.0	0.0	0.0	0.0	0.0	0.0	0.0	0.0	0.0	0.0	0.0	0.0	0.0	0.0	1
Salmonella_enterica_subsp._salamae	0	0	0	0	0	0	0	0	0	0	0	0	0	0	0	0	0	0	0	0	0.045454545454545456	0.0	0.0	0.0	0.0	0.0	0.0	0.0	0.0	0.0	0.0	0.0	0.0	0.0	0.0	0.0	0.045454545454545456	0.0	0.0	0.045454545454545456	2
Salmonella_enterica_subsp._salamae_serovar_55:k:z39_str._1315K	0	0	0	0	0	0	0	0	0	0	0	0	0	0	0	0	0	0	0	0	0.0	0.09090909090909091	0.0	0.0	0.09090909090909091	0.0	0.0	0.0	0.0	0.0	0.0	0.0	0.0	0.0	0.0	0.0	0.0	0.09090909090909091	0.0	0.0	1
Sheeppox_virus	0	0	0	0	0	0	0	0	0	0	0	0	0	0	0	0	0	0	0	0	0	0	0	0	0	0	0	0	0	0	0	0	0	0	0	0	0	0	0	0	0
Shigella_boydii	0	0	0	0	0	0	0	0	0	0	0	0	0	0	0	0	0	0	0	0	0	0	0	0	0	0	0	0	0	0	0	0	0	0	0	0	0	0	0	0	0
Shigella_dysenteriae	0	0	0	0	0	0	0	0	0	0	0	0	0	0	0	0	0	0	0	0	0	0	0	0	0	0	0	0	0	0	0	0	0	0	0	0	0	0	0	0	0
Shigella_flexneri	0	0	0	0	0	0	0	0	0	0	0	0	0	0	0	0	0	0	0	0	0	0	0	0	0	0	0	0	0	0	0	0	0	0	0	0	0	0	0	0	0
Shigella_flexneri_3a	0	0	1.0	0	0	0	0	0	0	0	0	0	0	0	0	0	0	0	0	0	0.0	0.0	0.09090909090909091	0.0	0.0	0.0	0.0	0.0	0.09090909090909091	0.0	0.0	0.0	0.06818181818181818	0.0	0.0	0.06818181818181818	0.0	0.0	0.06818181818181818	0.0	4
Shigella_sonnei	0	0	0	0	0	0	0	0	0	0	0	0	0	0	0	0	0	0	0	0	0	0	0	0	0	0	0	0	0	0	0	0	0	0	0	0	0	0	0	0	0
Simian_virus_12	0	0	0	0	0	0	0	0	0	0	0	0	0	0	0	0	0	0	0	0	0	0	0	0	0	0	0	0	0	0	0	0	0	0	0	0	0	0	0	0	0
Staphylococcus_aureus	0	0	0	0	0	0	0	0	0	0	0	0	0	0	0	0	0	0	0	0	0.012987012987012988	0.012987012987012988	0.0	0.0	0.012987012987012988	0.0	0.0	0.0	0.0	0.0	0.0	0.012987012987012988	0.0	0.012987012987012988	0.012987012987012988	0.0	0.0	0.012987012987012988	0.0	0.0	7
Staphylococcus_cohnii	0	0	0	0	0	0	0	0	0	0	0	0	0	0	0	0	0	0	0	0	0.0	0.0	0.0	0.0	0.0	0.0	0.0	0.0	0.0	0.0	0.0	0.0	0.0	0.0	0.0	0.0	0.0	0.0	0.0	0.0	13
Staphylococcus_epidermidis	0	0	0	0	0	0	0	0	0	0	0	0	0	0	0	0	0	0	0	0	0.002297860117765331	0.0	0.002441476375125664	0.0	1.436162573603332E-4	0.0	0.0	0.0	0.0025850926324859974	0.0	0.002297860117765331	0.0	0.0	0.0	0.0	1.436162573603332E-4	0.0	0.0	0.0	0.0	633
Staphylococcus_epidermidis_ATCC_12228	0	0	0	0	0	0	0	0	0	0	0	0	0	0	0	0	0	0	0	0	0.0	0.0	0.0	0.0	0.0	0.0	0.0	0.0	0.0	0.0	0.0	0.0	0.0	0.0	0.0	0.0	0.0	0.0	0.0	0.0	14
Staphylococcus_epidermidis_PM221	0	0	0	0	0	0	0	0	0	0	0	0	0	0	0	0	0	0	0	0	0.0	0.0	0.0	0.0	0.0	0.0	0.0	0.0	0.0	0.0	0.0	0.0	0.0	0.0	0.0	0.0	0.0	0.0	0.0	0.0	26
Staphylococcus_equorum	0	0	0	0	0	0	0	0	0	0	0	0	0	0	0	0	0	0	0	0	0.0	0.09090909090909091	0.0	0.0	0.0	0.0	0.0	0.0	0.09090909090909091	0.0	0.0	0.0	0.09090909090909091	0.0	0.0	0.0	0.0	0.0	0.0	0.0	1
Staphylococcus_hominis	0	0	0	0	0	0	0	0	0	0	0	0	0	0	0	0	0	0	0	0	0.0	0.0	0.0	0.0	0.0	0.0	0.0	0.0	0.0	0.0	0.0	0.0	0.0	0.0	0.0	0.0	0.0	0.0	0.0	0.0	12
Staphylococcus_hominis_subsp._hominis	0	0	0	0	0	0	0	0	0	0	0	0	0	0	0	0	0	0	0	0	0.0	0.0	0.0	0.0	0.0	0.0	0.0	0.0	0.0	0.0	0.0	0.0	0.0	0.0	0.0	0.0	0.0	0.008658008658008658	0.0	0.0	21
Staphylococcus_nepalensis	0	0	0	1.0	0	0	0	0	0	0	0	0	0	1.0	0	0	0	0	0	0	0.0	0.0	0.0	0.09090909090909091	0.0	0.0	0.0	0.0	0.0	0.0	0.0	0.0	0.0	0.09090909090909091	0.0	0.09090909090909091	0.0	0.0	0.0	0.0	1
Staphylococcus_saprophyticus	0	0	0	0	0	0	0	0	0	0	0	0	0	0	0	0	0	0	0	0	0	0	0	0	0	0	0	0	0	0	0	0	0	0	0	0	0	0	0	0	0
Staphylococcus_simulans	0	0	0	0	0	0	0	0	0	0	0	0	0	0	0	0	0	0	0	0	0.0	0.012987012987012988	0.012987012987012988	0.012987012987012988	0.0	0.0	0.012987012987012988	0.06493506493506493	0.0	0.0	0.025974025974025976	0.0	0.0	0.0	0.0	0.0	0.0	0.05194805194805195	0.012987012987012988	0.0	7
Staphylococcus_succinus	0	0	0	0	0	0	0	0	0	0	0	0	0	0	0	0	0	0	0	0	0	0	0	0	0	0	0	0	0	0	0	0	0	0	0	0	0	0	0	0	0
Streptococcus_agalactiae	0	0	0	0	0	0	0	0	0	0	0	0	0	0	0	0	0	0	0	0	0.0	0.09090909090909091	0.0	0.0	0.025974025974025976	0.0	0.0	0.0	0.0	0.0	0.0	0.0	0.012987012987012988	0.0	0.06493506493506493	0.05194805194805195	0.0	0.0	0.012987012987012988	0.0	7
Streptococcus_anginosus	0	0	0	0	0	0	0	0	0	0	0	0	0	0	0	0	0	0	0	0	0.0	0.0	0.0	0.0	0.09090909090909091	0.0	0.0	0.0	0.0	0.0	0.0	0.09090909090909091	0.0	0.0	0.0	0.0	0.0	0.0	0.0	0.0	1
Streptococcus_canis	0	0	0	0	1.0	0	0	0	0	1.0	0	0	0	0	0	0	0	0	0	0	0.0	0.0	0.0	0.0	0.09090909090909091	0.0	0.09090909090909091	0.0	0.0	0.09090909090909091	0.0	0.0	0.09090909090909091	0.0	0.0	0.0	0.0	0.0	0.0	0.0	1
Streptococcus_cristatus	0	0	0	0	0	0	0	0	0	0	0	0	0	0	0	0	0	0	0	0	0	0	0	0	0	0	0	0	0	0	0	0	0	0	0	0	0	0	0	0	0
Streptococcus_dysgalactiae	0	0	0	0	0	0	0	0	0	0	0	0	0	0	0	0	0	0	0	0	0.0	0.09090909090909091	0.09090909090909091	0.0	0.09090909090909091	0.0	0.0	0.09090909090909091	0.0	0.0	0.0	0.0	0.0	0.0	0.0	0.0	0.0	0.0	0.0	0.0	1
Streptococcus_equi	0	0	0	0	0	0	0	0	0	0	0	0	0	0	0	0	0	0	0	0	0.0	0.0	0.0	0.0	0.0	0.0	0.0	0.0	0.0	0.0	0.0	0.0	0.0	0.0	0.0	0.0	0.0	0.0	0.0	0.0	9
Streptococcus_equi_subsp._zooepidemicus	0	0	0	0	0	0	0	0	0	0	0	0	0	0	0	0	0	0	0	0	0.0	0.06060606060606061	0.0	0.0	0.0	0.030303030303030304	0.0	0.0	0.0	0.0	0.0	0.0	0.0	0.030303030303030304	0.0	0.0	0.0	0.0	0.0	0.0	3
Streptococcus_gallolyticus	0	0	0	0	0	0	0	0	0	0	0	0	0	0	0	0	0	0	0	0	0	0	0	0	0	0	0	0	0	0	0	0	0	0	0	0	0	0	0	0	0
Streptococcus_gallolyticus_UCN34	1.0	0	0	0	0	0	0	0	0	0	0	0	0	0	0	0	0	0	0	0	0.09090909090909091	0.0	0.0	0.0	0.0	0.0	0.0	0.0	0.0	0.0	0.0	0.0	0.0	0.0	0.0	0.0	0.0	0.0	0.0	0.0	2
Streptococcus_gordonii	0	0	0	0	0	0	0	0	0	0	0	0	0	0	0	0	0	0	0	0	0	0	0	0	0	0	0	0	0	0	0	0	0	0	0	0	0	0	0	0	0
Streptococcus_gordonii_str._Challis_substr._CH1	0	0	0	0	0	0	0	0	0	0	0	0	0	0	0	0	0	0	0	0	0	0	0	0	0	0	0	0	0	0	0	0	0	0	0	0	0	0	0	0	0
Streptococcus_intermedius	0	0	0	0	0	0	0	0	0	0	0	0	0	0	0	0	0	0	0	0	0	0	0	0	0	0	0	0	0	0	0	0	0	0	0	0	0	0	0	0	0
Streptococcus_lutetiensis	0	0	0	0	0	0	0	0	0	0	0	0	0	0	0	0	0	0	0	0	0	0	0	0	0	0	0	0	0	0	0	0	0	0	0	0	0	0	0	0	0
Streptococcus_milleri	0	0	0	0	0	0	0	0	0	0	0	0	0	0	0	0	0	0	0	0	0	0	0	0	0	0	0	0	0	0	0	0	0	0	0	0	0	0	0	0	0
Streptococcus_mitis	0	0	0	0	0	0	0	0	0	0	0	0	0	0	0	0	0	0	0	1.0	0.0	0.0	0.0	0.0	0.0	0.0	0.0	0.0	0.0	0.0	0.0	0.015151515151515152	0.0	0.0	0.0	0.0	0.015151515151515152	0.0	0.0	0.015151515151515152	6
Streptococcus_mitis_B6	0	0	0	0	0	0	0	0	0	0	0	0	0	0	0	0	0	0	0	0	0.0	0.0	0.0	0.0	0.0	0.0	0.0	0.0	0.0	0.0	0.0	0.0	0.0	0.0	0.0	0.0	0.0	0.0	0.0	0.0	2
Streptococcus_mutans	0	0	0	0	0	0	0	0	0	0	0	0	0	0	0	0	0	0	0	0	0	0	0	0	0	0	0	0	0	0	0	0	0	0	0	0	0	0	0	0	0
Streptococcus_oralis	1.0	0	0	0	0	0	0	0	0	0	0	0.25	0	0	0	0	0	0	0	0	0.01818181818181818	0.0	0.0	0.0	0.0	0.045454545454545456	0.03636363636363636	0.0	0.00909090909090909	0.00909090909090909	0.045454545454545456	0.02727272727272727	0.0	0.00909090909090909	0.01818181818181818	0.01818181818181818	0.01818181818181818	0.01818181818181818	0.0	0.0	10
Streptococcus_oralis_ATCC_35037	0	0	0	0	0	0	0	0	0	0	0	0	0	0	0	0	0	0	0	0	0.0	0.0	0.0	0.09090909090909091	0.0	0.0	0.0	0.0	0.0	0.0	0.0	0.0	0.0	0.0	0.045454545454545456	0.0	0.0	0.0	0.0	0.0	2
Streptococcus_oralis_subsp._oralis	0	0	0	0	0	0	0	0	0	0	0	0	0	0	0	0	0	0	0	0	0.0	0.0	0.0	0.0	0.0	0.0	0.0	0.0	0.0	0.0	0.0	0.0	0.0	0.0	0.0	0.0	0.0	0.0	0.0	0.0	3
Streptococcus_parauberis	0	0	0	0	0	0	0	0	0	0	0	0	0	0	0	0	0	0	0	0	0	0	0	0	0	0	0	0	0	0	0	0	0	0	0	0	0	0	0	0	0
Streptococcus_parauberis_NCFD_2020	0	0	0	0	0	0	0	0	0	0	0	0	0	0	0	0	0	0	0	0	0.0	0.0	0.0	0.0	0.0	0.0	0.0	0.0	0.0	0.0	0.0	0.0	0.0	0.0	0.0	0.0	0.0	0.0	0.0	0.0	2
Streptococcus_pneumoniae	0	0	0	0	0	0	0	0	0	0	0	0	0	0	0	0	0	0	0	0	0.0	0.0	0.0	0.0	0.0	0.09090909090909091	0.0	0.0	0.0	0.0	0.0	0.0	0.0	0.0	0.0	0.0	0.0	0.0	0.0	0.0	42
Streptococcus_pneumoniae_TIGR4	0	0	0	0	0	0	0	0	0	0	0	0	0	0	0	0	0	0	0	0	0.0	0.0	0.0909090909090909	0.0	0.0	0.0	0.0	0.0	0.0	0.0	0.0	0.0	0.0	0.0	0.0	0.08333333333333333	0.08333333333333333	0.0	0.0	0.0	12
Streptococcus_pyogenes	0	0	0	0	0	0	0	0	0	0	0	0	0	0	0	0	0	0	0	0	0.0	0.0	0.0	0.0	0.0	0.0	0.0	0.0	0.0	0.0	0.0	0.0	0.0	0.0	0.0	0.0	0.0	0.0	0.0	0.0	1
Streptococcus_pyogenes_MGAS10750	0	0	0	0	0	0	0	0	0	0	0	0	0	0	0	0	0	0	0	0	0.0	0.0	0.0	0.0	0.0	0.0	0.0	0.0	0.0	0.0	0.0	0.0	0.012987012987012988	0.012987012987012988	0.07792207792207792	0.0	0.0	0.0	0.012987012987012988	0.0	7
Streptococcus_salivarius	0	0	0	0	1.0	0	0	0	0	0	0	0	0	0	0	1.0	0	0	0	0	0.0	0.0	0.045454545454545456	0.0	0.045454545454545456	0.045454545454545456	0.0	0.0	0.0	0.0	0.0	0.045454545454545456	0.045454545454545456	0.0	0.0	0.045454545454545456	0.0	0.0	0.045454545454545456	0.0	2
Streptococcus_sanguinis	0	0	0.5	0	0.75	0	0	0	0.3333333333333333	0	0	0	0	0.6666666666666666	0	0.6666666666666666	0	0	0	0	0.0	0.0	0.01948051948051948	0.0	0.01948051948051948	0.006493506493506494	0.012987012987012988	0.0	0.012987012987012988	0.0	0.006493506493506494	0.006493506493506494	0.0	0.01948051948051948	0.045454545454545456	0.03896103896103896	0.0	0.006493506493506494	0.006493506493506494	0.006493506493506494	14
Streptococcus_sanguinis_SK36	0	0	0	0	0	0	0	0	0	0	0	0	0	0	0	0	0	0	0	0	0.0	0.0	0.0	0.0	0.0	0.0	0.0	0.0	0.0	0.0	0.0	0.0	0.0	0.0	0.0	0.0	0.0	0.0	0.0	0.0	1
Streptococcus_sp._HSISM1	0	0	0	0	0	0	0	0	0	0	0	0	0	0	0	0	0	0	0	0	0.0	0.0	0.0	0.0	0.0	0.0	0.0	0.0	0.0	0.0	0.0	0.0	0.0	0.0	0.0	0.0	0.0	0.0	0.0	0.0	1
Streptococcus_suis	0.4	0	0	1.0	0	0	0	0	0	0	0	0	0	0	0	0	0	0	0	0	0.008658008658008658	0.0	0.0	0.06926406926406926	0.0	0.0	0.0	0.0	0.0	0.0	0.0	0.0	0.021645021645021644	0.0	0.0	0.004329004329004329	0.004329004329004329	0.0	0.06493506493506493	0.0	21
Streptococcus_suis_YB51	0	0	0	0	0	0	0	0	0	0	0	0	0	0	0	0	0	0	0	0	0.0	0.0	0.0	0.0	0.0	0.0	0.0	0.09090909090909091	0.0	0.09090909090909091	0.0	0.0	0.045454545454545456	0.0	0.0	0.0	0.0	0.0	0.045454545454545456	0.0	2
Streptococcus_thermophilus	0	0	0	0	0	0	0	0	0	0	0	0	0	0	0	0	0	0	0	0	0.0	0.0	0.0	0.0	0.0	0.0	0.0	0.0	0.0	0.0	0.0	0.0	0.0	0.0	0.0	0.0	0.0	0.0	0.0	0.0	18
Tannerella_forsythia	0	0	0	0	0	0	0	0	0	0	0	0	0	0	0	0	0.6666666666666666	0	0	0	0.0	0.045454545454545456	0.045454545454545456	0.045454545454545456	0.0	0.0	0.0	0.0	0.0	0.0	0.0	0.0	0.06818181818181818	0.0	0.0	0.0	0.045454545454545456	0.0	0.0	0.0	4
Tannerella_forsythia_92A2	0	0	0	0	0	0	0	0	0	0	0	0	0	0	0	0	0	0	0	0	0.0	0.045454545454545456	0.0	0.0	0.0	0.045454545454545456	0.0	0.0	0.045454545454545456	0.0	0.0	0.0	0.0	0.045454545454545456	0.0	0.0	0.0	0.0	0.045454545454545456	0.045454545454545456	2
Tannerella_forsythia_KS16	0	0	0	0	0	0	0	0	0	0	0	0	0	0	0	0	0	0	0	0	0.0	0.0	0.0	0.0	0.0	0.0	0.0	0.0	0.0	0.0	0.0	0.0	0.0	0.0	0.09090909090909091	0.0	0.0	0.09090909090909091	0.0	0.0	1
Treponema	0	0	0	0	0	1.0	0	0	0.4	0	0	0	0	0	0	0	0	0	0	0	0.00879765395894428	0.005865102639296188	0.014662756598240468	0.0	0.005865102639296188	0.011730205278592375	0.0	0.011730205278592375	0.005865102639296188	0.026392961876832845	0.014662756598240468	0.0	0.005865102639296188	0.0	0.0	0.0	0.0	0.002932551319648094	0.014662756598240468	0.005865102639296188	31
Treponema_azotonutricium_ZAS-9	1.0	0	0	0	0	0	0	0	0	0	0	0	0	0	0	0	0	0	0	0	0.030303030303030304	0.0909090909090909	0.06060606060606061	0.0	0.0	0.0	0.0	0.030303030303030304	0.0	0.0	0.0	0.0	0.0	0.0	0.0	0.0	0.0	0.030303030303030304	0.0	0.06060606060606061	3
Treponema_brennaborense_DSM_12168	0	0	0	0	0	0	0	0	0	0	0	0	0	0	0	0	0	0	0	0	0.0	0.0	0.022727272727272728	0.0	0.0	0.045454545454545456	0.0	0.0	0.0	0.0	0.022727272727272728	0.022727272727272728	0.022727272727272728	0.0	0.022727272727272728	0.0	0.022727272727272728	0.045454545454545456	0.0	0.022727272727272728	4
Treponema_caldarium_DSM_7334	0	0	0	0	0	0	0	1.0	0	0	0	0	0	0	0	0	0	0	0	0	0.0	0.0	0.0	0.0	0.0	0.0	0.0	0.045454545454545456	0.045454545454545456	0.0	0.045454545454545456	0.045454545454545456	0.0	0.045454545454545456	0.045454545454545456	0.0	0.0	0.0	0.0	0.0	2
Treponema_denticola	0	0	0	0	0	0	0	0	0	0	0	0	0	0	0	0	0	0	0	0	0	0	0	0	0	0	0	0	0	0	0	0	0	0	0	0	0	0	0	0	0
Treponema_denticola_ATCC_35405	0	0	0	0	0	0	0	0	0	0	0	0	0	0	0	0	0	0	0	0	0	0	0	0	0	0	0	0	0	0	0	0	0	0	0	0	0	0	0	0	0
Treponema_denticola_H1-T	0	0	0	0	0	0	0	0	0	0	0	0	0	0	0	0	0	0	0	0	0.0	0.0	0.0	0.0	0.0	0.0	0.0	0.0	0.0	0.0	0.0	0.0	0.0	0.09090909090909091	0.0	0.0	0.0	0.0	0.0	0.0	1
Treponema_medium	0	0	0	0	0	0	0	0	0	0	0	0	0	0	0	0	0	0	0	0	0.0	0.09090909090909091	0.0	0.0	0.0	0.0	0.0	0.0	0.0	0.0	0.0	0.0	0.0	0.0	0.0	0.0	0.0	0.0	0.0	0.0	1
Treponema_pallidum	0	0	0	0	0	0	0	0	0	0	0	0	0	0	0	0	0	0	0	0	0	0	0	0	0	0	0	0	0	0	0	0	0	0	0	0	0	0	0	0	0
Treponema_pallidum_subsp._pallidum	0	0	0	0	0	0	0	0	0	0	0	0	0	0	0	0	0	0	0	0	0	0	0	0	0	0	0	0	0	0	0	0	0	0	0	0	0	0	0	0	0
Treponema_pallidum_subsp._pertenue	0	0	0	0	0	0	0	0	0	0	0	0	0	0	0	0	0	0	0	0	0	0	0	0	0	0	0	0	0	0	0	0	0	0	0	0	0	0	0	0	0
Treponema_parvum	0	0	0	0	0	0	0	0	0	0	0	0	0	0	0	0	0	0	1.0	0	0.020202020202020204	0.0	0.020202020202020204	0.0	0.010101010101010102	0.0	0.0	0.0	0.0	0.0	0.0303030303030303	0.020202020202020204	0.0	0.0	0.0	0.0	0.050505050505050504	0.0	0.0303030303030303	0.010101010101010102	9
Treponema_phagedenis	0	0	0	0	0	0	0	0	0	0	0	0	0	0	0	0	0	0	0	0	0.0	0.022727272727272728	0.045454545454545456	0.045454545454545456	0.0	0.045454545454545456	0.0	0.0	0.045454545454545456	0.0	0.0	0.022727272727272728	0.045454545454545456	0.0	0.022727272727272728	0.0	0.0	0.0	0.0	0.0	4
Treponema_primitia_ZAS-2	0	0	0	0	0	0	0	0	0	0	0	0	0	0	0	0	0	1.0	0	0	0.0	0.045454545454545456	0.0	0.0	0.045454545454545456	0.0	0.0	0.0	0.0	0.0	0.045454545454545456	0.0	0.045454545454545456	0.045454545454545456	0.0	0.045454545454545456	0.0	0.045454545454545456	0.045454545454545456	0.0	2
Treponema_putidum	0	0	0	0	0	0	0	0	0	0	0	0	0	0	0	0	0	0	0	0	0.09090909090909091	0.0	0.0	0.0	0.0	0.0	0.0	0.0	0.0	0.0	0.0	0.0	0.0	0.0	0.0	0.0	0.0	0.0	0.0	0.0	1
Treponema_ruminis	0	0	0	0	0	0	0	0	0	0	0	0	0	0	0	0	0	0	0	0	0.045454545454545456	0.0	0.0	0.045454545454545456	0.045454545454545456	0.0	0.0	0.0	0.0	0.0	0.045454545454545456	0.0	0.0	0.0	0.0	0.0	0.09090909090909091	0.045454545454545456	0.0	0.0	2
Treponema_socranskii_subsp._buccale	0	0	0	0	0	0	0	0	0	0	0.2	0	0	0	0	0	0	0	0	0	0.03636363636363636	0.02727272727272727	0.00909090909090909	0.0	0.00909090909090909	0.01818181818181818	0.01818181818181818	0.01818181818181818	0.02727272727272727	0.01818181818181818	0.00909090909090909	0.0	0.0	0.0	0.01818181818181818	0.00909090909090909	0.01818181818181818	0.00909090909090909	0.01818181818181818	0.01818181818181818	10
Treponema_sp._OMZ_838	0	0	0	0	0	0	0	0	0	0	0	0	0	0	0	0	0	0	0	0	0.0	0.0	0.0	0.0	0.0	0.0	0.0	0.0	0.0	0.0	0.0	0.0	0.0	0.0	0.0	0.0	0.0	0.0	0.0	0.0	1
Treponema_succinifaciens_DSM_2489	0.25	0.14285714285714285	0	0	0	0.16666666666666666	0	0	0	0	0	0.3333333333333333	0	0	0	0	0	0	0	0	0.004545454545454545	0.004545454545454545	0.0	0.0	0.004545454545454545	0.00909090909090909	0.004545454545454545	0.0	0.004545454545454545	0.013636363636363636	0.0	0.00909090909090909	0.0	0.004545454545454545	0.00909090909090909	0.004545454545454545	0.0	0.0	0.004545454545454545	0.013636363636363636	20
Veillonella_parvula	0	0	0	0	0	0	0	0	0	0	0	0	0	0	0	0	0	0	0	0	0.0	0.0	0.0	0.0	0.0	0.045454545454545456	0.0	0.0	0.0	0.0	0.0	0.0	0.0	0.0	0.0	0.0	0.0	0.0	0.0	0.0	2
Veillonella_parvula_HSIVP1	0	0	0	0	0	0	0	0	1.0	0	0	0	0	0	0	0	0	0	0	0	0.0	0.0	0.0	0.0	0.0	0.0	0.050505050505050504	0.050505050505050504	0.050505050505050504	0.0	0.010101010101010102	0.0	0.0	0.0	0.0	0.0	0.0	0.0	0.04040404040404041	0.04040404040404041	9
Vesicular_stomatitis_Indiana_virus	0	0	0	0	0	0	0	0	0	0	0	0	0	0	0	0	0	0	0	0	0	0	0	0	0	0	0	0	0	0	0	0	0	0	0	0	0	0	0	0	0
Vibrio_anguillarum	0	0	0	0	0	0	0	0	0	0	0	0	0	0	0	0	0	0	0	0	0	0	0	0	0	0	0	0	0	0	0	0	0	0	0	0	0	0	0	0	0
Vibrio_anguillarum_775	0	0	0	0	0	0	0	0	0	0	0	0	0	0	0	0	0	0	0	0	0.0	0.0	0.09090909090909091	0.09090909090909091	0.0	0.0	0.0	0.0	0.0	0.0	0.0	0.022727272727272728	0.0	0.0	0.022727272727272728	0.0	0.0	0.0	0.0	0.0	4
Vibrio_cholerae	0	0	0	0	0	0	0	0	0	0	0	0	0	0	0	0	0	0	0	0	0.0	0.027548209366391185	0.01652892561983471	0.01652892561983471	0.011019283746556474	0.0	0.03305785123966942	0.011019283746556474	0.0	0.0	0.0027548209366391185	0.0027548209366391185	0.030303030303030304	0.024793388429752067	0.049586776859504134	0.0027548209366391185	0.005509641873278237	0.005509641873278237	0.0	0.0	33
Vibrio_furnissii	1.0	0	0	0	0	1.0	0	0	0	0	0	0	0	0	0	0	0	0	0	0	0.022727272727272728	0.0	0.0	0.0	0.0	0.022727272727272728	0.0	0.06818181818181818	0.0	0.0	0.0	0.0	0.022727272727272728	0.0	0.0	0.0	0.0	0.022727272727272728	0.0	0.022727272727272728	4
Vibrio_furnissii_NCTC_11218	0	0	0	0	0	0	0	0	0	0	0	0	0	0	0	0	0	0	0	0	0.0	0.09090909090909091	0.0	0.0	0.0	0.0	0.0	0.0	0.0	0.0	0.0	0.0	0.0	0.0	0.0	0.0	0.0	0.0	0.0	0.09090909090909091	1
Vibrio_parahaemolyticus	0	0	0	0	0	0	0	0	0	0	0	0	0	0	0	0	0	0	0	0	0.0	0.011363636363636364	0.0	0.0	0.0	0.0	0.0	0.0	0.0	0.0	0.0	0.03409090909090909	0.0	0.03409090909090909	0.03409090909090909	0.0	0.0	0.0	0.03409090909090909	0.0	8
Vibrio_parahaemolyticus_O1:Kuk_str._FDA_R31	0	0	0	0	0	0	0	0	0	0	0	0	0	0	0	0	0	0	0	0	0.0	0.0	0.0	0.09090909090909091	0.06363636363636363	0.0	0.0	0.0	0.06363636363636363	0.0	0.0	0.0	0.0	0.0	0.0	0.06363636363636363	0.01818181818181818	0.01818181818181818	0.01818181818181818	0.0	10
Vibrio_splendidus	0	0	0	0	0	0	0	0	0	0	0	0	0	0	0	0	0	0	0	0	0.0	0.0	0.0	0.0	0.0	0.0	0.0	0.0	0.0	0.0	0.0	0.0	0.0	0.0	0.0	0.0	0.0	0.0	0.0	0.0	1
Vibrio_vulnificus	0	0	0	0	0	0	0	0	0	0.75	0	0	0	0	0	0	0	0	0	0	0.0	0.0743801652892562	0.0	0.008264462809917356	0.0	0.0	0.008264462809917356	0.01652892561983471	0.0	0.04958677685950413	0.01652892561983471	0.008264462809917356	0.008264462809917356	0.0	0.0	0.008264462809917356	0.008264462809917356	0.0	0.06611570247933884	0.0	11
Yersinia_aldovae	0	0	0	0	0	0	0	0	0	0	0	0	0	0	0	0	0	0	0	0	0	0	0	0	0	0	0	0	0	0	0	0	0	0	0	0	0	0	0	0	0
Yersinia_aldovae_670-83	0	0	0	0	0	0	0	0	0	0	0	0	0	0	0	0	0	0	0	0	0.09090909090909091	0.0	0.0	0.09090909090909091	0.0	0.0	0.0	0.0	0.0	0.0	0.0	0.0	0.0	0.0	0.0	0.09090909090909091	0.0	0.0	0.0	0.0	1
Yersinia_aleksiciae	0	0	0	0	0	0	0	0	0	0	0	0	0	0	0	0	0	0	0	0	0	0	0	0	0	0	0	0	0	0	0	0	0	0	0	0	0	0	0	0	0
Yersinia_enterocolitica	0	0	0	0	0	0	0	0	0	0	0	0	0	0	0	0	0	0	0	0	0.0	0.0	0.0	0.0	0.0	0.0	0.0	0.09090909090909091	0.0	0.0	0.09090909090909091	0.09090909090909091	0.0	0.0	0.0	0.0	0.09090909090909091	0.0	0.0	0.0	1
Yersinia_enterocolitica_subsp._enterocolitica	0	0	0	0	0	0	0	0	0	0	0	0	1.0	0	0	0	0	0	0	0	0.0	0.0	0.0	0.0	0.0	0.0	0.0	0.0	0.0	0.0	0.0	0.0	0.030303030303030304	0.0	0.0	0.0	0.0	0.0	0.0	0.0	3
Yersinia_intermedia	0	0	0	0	0	0	0	0	0	0	0	0	0	0	0	0	0	0	0	0	0.09090909090909091	0.0	0.09090909090909091	0.0	0.0	0.0	0.0	0.0	0.0	0.0	0.0	0.0	0.0	0.0	0.0	0.0	0.0	0.0	0.0	0.045454545454545456	2
Yersinia_pestis	0	0	0	0	0	0	0	0	0	0	0	0	0	0	0	0	0	0	0	0	0	0	0	0	0	0	0	0	0	0	0	0	0	0	0	0	0	0	0	0	0
Yersinia_pestis_1412	0	0	0	0	0	0	0	0	0	0	0	0	0	0	0	0	0	0	0	0.25	0.0	0.09090909090909091	0.0	0.0	0.0	0.0	0.0	0.0	0.0	0.0	0.0	0.0	0.0	0.022727272727272728	0.06818181818181818	0.0	0.0	0.06818181818181818	0.0	0.022727272727272728	4
Yersinia_pestis_CO92	0	0	0	0	0	0	0	0	0	0	0	0	0	0	0	0	0	0	0	0	0	0	0	0	0	0	0	0	0	0	0	0	0	0	0	0	0	0	0	0	0
Yersinia_pseudotuberculosis	0	0	0	0	0	0	0	0	0	0	0	0	0	0	0	0	0	0	0	0	0.0	0.0	0.0	0.0	0.0	0.0	0.0	0.0	0.0	0.0	0.0	0.0	0.0	0.0	0.0	0.0	0.0	0.0	0.0	0.0	1
Yersinia_pseudotuberculosis_complex	0	0	0	0	0	0	0	0	0	0	0	0	0	0	0	0	0	0	0	0	0	0	0	0	0	0	0	0	0	0	0	0	0	0	0	0	0	0	0	0	0
Yersinia_rohdei	0	0	0	0	0	0	0	0	0	0	0	0	0	0	0	0	0	0	0	0	0.0	0.0	0.0	0.09090909090909091	0.0	0.0	0.0	0.0	0.0	0.0	0.0	0.0	0.0	0.0	0.0	0.0	0.0	0.0	0.0	0.0	1
Yersinia_ruckeri	0	0	0	0	0	0	0	0	0	0	0	0	0	0	0	0	0	0	0	0	0.0	0.0	0.0	0.0	0.0	0.0	0.0	0.0	0.0	0.0	0.0	0.0	0.0	0.0	0.0	0.0	0.0	0.0	0.0	0.0	1
Yersinia_similis	0	0	0	0	0	0	0	0	0	0	0	0	0	0	0	0	0	0	0	0	0.0	0.0	0.0	0.0	0.0	0.0	0.0	0.0	0.0	0.0	0.09090909090909091	0.0	0.0	0.0	0.0	0.09090909090909091	0.0	0.0	0.0	0.0	1
